0
916
894
829
916
916
912
839
916
902
960
916
916
916
916
916
916
916
916
896
916
910
916
916
910
916
916
916
916
916
916
905
916
904
916
884
916
916
916
916
916
916
916
916
916
916
916
916
916
916
916
916
916
916
916
914
916
916
916
916
916
916
916
916
916
916
916
843
894
916
916
916
916
907
916
916
916
916
916
916
901
916
916
916
916
916
916
916
916
916
916
916
916
916
916
916
916
916
916
916
916
906
916
916
916
916
916
916
910
916
916
916
916
916
916
908
904
916
916
916
916
916
897
830
916
916
916
916
916
896
916
916
916
916
916
916
916
916
916
916
916
916
888
916
916
898
916
915
916
910
916
916
916
916
916
916
916
916
916
916
916
916
916
916
916
916
916
830
916
898
916
889
916
916
916
916
890
916
914
892
916
916
896
878
916
916
916
916
916
916
916
916
901
916
916
916
916
916
916
916
895
916
822
916
916
901
895
916
916
916
916
916
916
916
916
916
916
916
916
916
916
916
916
916
903
916
750
916
916
916
916
916
916
916
904
916
916
916
916
916
916
916
916
916
916
916
916
892
916
916
916
916
916
916
916
916
916
916
916
916
916
868
880
901
916
916
916
916
900
916
916
916
916
916
916
896
857
916
916
916
871
916
916
916
916
890
916
916
916
916
916
916
916
916
894
916
916
896
816
779
916
888
916
916
916
916
916
907
916
916
916
916
916
916
916
720
790
916
916
916
916
916
916
890
916
916
915
916
916
916
916
916
916
916
916
916
916
909
857
916
848
888
916
900
901
897
916
916
916
915
832
916
915
916
916
916
916
906
916
890
916
896
916
916
915
916
916
916
916
813
916
916
897
916
916
916
916
916
916
916
916
916
916
916
916
916
821
916
916
813
916
882
916
916
916
756
916
916
915
916
916
916
916
913
916
916
916
916
890
896
916
916
916
916
885
916
892
916
915
916
916
900
916
903
916
916
871
916
916
916
916
895
916
916
916
911
916
916
911
916
916
916
916
916
882
906
916
916
916
916
916
833
916
916
855
916
916
916
916
916
916
916
849
916
838
916
916
916
916
916
916
916
916
916
916
916
916
865
853
916
914
916
916
894
916
900
916
916
916
916
916
888
909
914
916
916
916
916
916
916
916
915
916
916
916
916
916
916
916
915
916
916
916
916
916
916
878
916
916
916
916
916
887
916
769
771
916
916
916
883
916
916
916
902
916
916
916
849
916
777
897
852
916
916
916
916
916
916
916
916
871
912
916
916
841
916
916
916
825
916
916
907
916
916
916
916
916
713
916
916
902
916
916
916
866
916
916
916
916
907
916
916
840
916
916
910
908
916
916
916
916
916
916
916
916
853
891
916
916
861
916
916
916
916
916
916
727
916
916
832
797
916
903
916
916
916
916
864
916
915
916
916
859
913
916
916
916
916
916
916
916
916
916
916
916
916
916
894
855
916
916
886
916
882
912
916
916
916
916
916
840
903
916
916
916
916
916
916
904
916
916
916
916
914
916
916
901
916
916
900
916
916
916
916
916
785
916
916
916
916
894
916
916
916
916
916
916
916
916
916
916
916
916
916
899
838
864
916
916
916
916
916
898
916
916
689
916
851
914
916
844
916
916
916
916
916
892
916
916
916
916
916
887
906
916
916
916
916
916
916
916
916
673
916
915
916
916
916
916
880
897
916
916
916
916
916
916
896
916
916
838
916
899
916
915
916
909
916
916
916
916
916
916
916
916
916
898
916
916
916
916
916
916
916
916
916
916
916
916
916
916
916
916
916
916
916
916
916
916
916
916
916
812
914
916
916
916
916
873
916
865
916
897
916
916
916
916
916
916
802
916
859
916
916
916
916
904
916
916
916
909
916
916
916
916
845
916
916
908
882
871
810
905
916
916
817
916
916
894
883
874
905
916
916
916
916
916
916
916
916
916
916
916
916
909
916
916
916
794
888
874
916
840
916
914
916
778
916
916
916
916
916
916
916
916
916
916
916
916
915
916
916
916
916
916
916
916
916
916
825
916
916
916
873
915
916
916
916
916
916
916
835
916
903
916
916
916
916
887
843
916
887
893
916
916
916
828
894
916
824
916
916
916
916
916
916
916
916
916
859
916
819
916
916
916
821
916
916
916
916
870
916
916
908
838
916
916
896
916
916
915
916
825
916
916
916
916
916
899
916
916
916
916
916
916
916
912
916
916
916
870
870
916
916
916
916
916
916
916
916
864
916
916
916
910
897
916
916
916
916
916
916
916
916
916
838
916
916
843
916
