-28497 97458
-64660 95200
-30251 96574
===============
-28718 97144
-29954 96649
97694 -54729
99715 74463
96924 40841
99692 39506
-55179 39274
-56199 39107
99279 -62208
96123 -58579
96845 -61372
99111 -64886
96636 -66819
13379 -62748
12948 -75521
12507 96279
12774 94948
12232 90509
13377 89550
12413 85386
11968 77421
12403 75533
12346 66628
12073 66112
-95838 -73274
-98166 -74920
12665 -39659
12009 -39352
12229 -40571
11920 -41625
13204 55443
97716 72448
99122 71615
96081 71524
98918 66615
98991 65592
97667 64162
99402 -38942
99210 -39397
97885 61489
-17559 -75442
98499 -73924
97227 60457
97549 60282
97831 -41908
99384 54123
99831 -46532
12524 81247
12212 -50377
96745 -40724
97136 -42316
97493 55663
96235 -46322
98220 53014
99231 -51225
98443 -51722
98443 -52239
-4326 -46898
96197 55747
96199 50414
98066 48689
12052 80780
97756 47396
96454 47276
-49429 53087
-52349 47856
-52587 47386
-49831 54043
-49851 54731
-52911 48624
-51570 52210
-49765 56035
-50529 55291
-52456 56055
-52747 55951
-52498 58279
-53974 58705
-49094 74838
-17102 -40423
-18400 -38042
-17211 -53497
-18412 -40708
-18753 -39605
-18871 -39825
-19133 -37574
-16969 -64719
-17699 -56995
-17473 -61204
-18645 -54953
-18800 -56177
-18971 -56303
-54803 44606
-56158 41970
-55449 45289
-54672 47597
-55820 45459
15715 61564
15390 61025
14563 58201
14387 57748
15836 55262
15996 54960
-16212 -37324
-19250 -40198
-19352 -41213
-19541 -48802
-56422 50276
-19996 -42623
-20032 -46812
-18995 -61971
-19942 -52717
-19402 -66018
-20992 -41977
-20126 -56566
-20209 -57076
-21565 -37767
-19979 -64219
-20402 -62209
-21524 -45596
-20674 -62779
-21746 -47993
-20877 -63466
-21790 -47857
-21630 -62234
-22483 -50581
-22725 -48177
-22410 -59191
-22379 -60159
-23662 -53572
-57363 40442
-57660 44143
-22096 -42986
-57896 43302
-57831 47372
-22628 -39455
-23223 -39909
-24438 -44247
-24414 -55387
-26011 -42521
23515 51681
32790 -37602
-24405 -55301
-24922 -55374
-27193 -49359
-59286 38943
-59267 41149
-59776 48132
-60916 52667
30989 -37429
30980 -37853
30682 -39392
21437 51325
30583 -40721
29092 -37471
20585 53229
22300 48250
33146 -45755
28684 -38846
21899 49453
31459 -45632
30248 -44006
28878 -43429
26826 -38839
20350 51743
19820 50343
19364 46872
19682 45912
22114 42361
21324 42963
23396 40785
24088 39935
25933 99363
25897 -10620
24877 -13412
23666 -94008
22748 -11836
23251 60190
25402 57433
25088 -21020
25575 -22947
21653 60495
24374 58148
21017 60058
18612 59566
16804 59577
30486 -46411
29418 -47412
32420 -55216
32770 -56127
29786 -49661
31327 -53609
31319 -55613
28120 -47862
31395 -56270
-24126 -61241
29824 -54044
-23209 -65152
25494 -42725
25703 -45056
25774 -45354
26122 -47318
25775 -46538
24985 98721
23069 98136
25229 95796
25708 93539
32357 -66884
21642 96239
21728 93329
24650 89774
23416 88564
24591 82876
21600 81155
26103 76368
25842 -1755
24954 -4617
21923 75953
23759 75042
22088 75026
25900 71223
25635 70978
25342 70264
24263 68819
25486 66835
23383 64648
-49100 68103
-49352 69259
-52311 65112
-51304 66957
-53958 67833
-54372 68293
-50159 73215
-20878 -66540
-21831 -68386
-22408 -66079
-23765 -65714
24723 -7343
-23345 -76374
-24402 -70460
-24598 -71999
-49963 -75976
-25082 -69626
-26209 -56221
-26594 -61549
-27631 -57152
-27682 -55587
-27761 -54370
-28158 -49582
24541 -38216
23732 -37384
25198 -42836
23169 -42259
25307 -50531
-24603 -73360
24995 -49939
-25663 -73470
-26160 -72790
23862 -50222
22295 -47981
24637 -58118
25337 -60659
24836 -59418
25001 -59994
24446 -58576
23721 -56728
23050 -55482
22332 -55628
24027 -65853
25713 -71093
22795 -62593
24753 -71120
25164 -75507
23730 703
20946 84709
21896 -87
21219 83555
20972 80668
21228 77974
-25996 -74579
21928 -5196
21131 73350
21575 70077
21475 66765
-28421 -72158
-28534 -72476
-31040 -74484
-31067 -61606
-31396 -60311
-31567 -58271
-31900 -57309
-32227 -60184
-32369 -68706
-32423 -66018
-32365 -52963
-32710 -73342
-33132 -52601
-33884 -68239
-34576 -53817
-36453 -57531
-15423 -55933
13805 -67794
15089 -72834
13855 -68654
13738 -75343
15255 99789
16971 98527
15390 96125
17722 95418
14430 94283
14132 93393
15285 90569
16629 89670
14869 89184
16463 82444
14247 82647
14402 80156
13630 77978
16534 76499
13633 76448
15007 70004
14940 67822
14731 67153
15597 65909
14444 -36873
19700 43194
20762 40944
20966 -45114
20485 39789
21014 -49331
19396 -47612
21329 -54933
18958 -49663
19570 -57601
22352 -71820
22360 -73326
22282 -73340
20181 -67867
22205 -74764
19277 -67048
18721 -68044
20240 -73957
19749 -73875
18283 -69048
21430 -99702
-34935 -74830
-36488 -71284
-36986 -71439
-36978 -69790
-37002 -68045
-37066 -69507
-37044 -64231
-37648 -74663
-37446 -62516
-37479 -62865
-37866 -68419
-38237 -61489
-38422 -63570
-38310 -61071
-38621 -66433
-39542 -60403
-11793 -52980
-39128 -69327
-39025 -65087
-40011 -60334
-12171 -47072
-12807 -50088
-13931 -43251
-12809 -53363
-39979 -71043
-39849 -67388
-40221 -65094
-40996 -72108
-40661 -64190
-13484 -51716
-40693 -69069
-41535 -70682
-41814 -61911
-42200 -64209
18416 99628
20159 98781
20074 97329
19189 96021
19057 91929
19085 91632
21649 416
21142 435
20081 85882
18714 85303
20462 80412
19720 79973
20725 78502
20758 75019
20765 72421
20569 72120
20432 71370
19516 70277
18769 68728
19763 67224
20656 64579
20864 64276
18470 64960
20082 63071
-39080 -75699
-41309 -75095
-42049 -74878
-57700 61838
-57593 64775
-60047 62933
-58933 66520
-48926 78270
-48979 78692
-48973 79443
-45509 -59126
-45321 -47986
-46314 -53921
34617 -63735
-49149 -56960
34308 -54906
33970 -62833
33878 -67604
-49717 -59318
-49259 -54507
-51327 -68393
-52158 -71690
-51671 -67912
-52020 -69102
-52526 -62826
-53447 -66288
-55055 -71992
36388 -85474
36595 -95138
35356 -92256
36418 -97113
35293 -99163
35100 -63103
34768 -64871
-54360 -63851
40637 -61581
41108 -72063
41014 -74256
41803 -76215
39836 -72742
42038 -80545
42163 -83540
40817 -80226
40450 -79904
42633 -88727
41605 -86479
39716 -82330
41650 -87467
41075 -88708
40907 -89664
40476 -91885
41969 -96524
40934 -49612
40894 -50935
40381 -51774
37883 -52972
-51153 74746
-57701 68494
-61280 66688
-58241 70118
-61450 67280
-62031 67051
-50487 77992
41261 -39740
40486 -40041
40586 -41528
41247 -44072
41443 -48906
-45159 -53044
-62981 67236
-44731 -38485
42518 -99639
-46470 -48493
-46489 -46631
-46937 -43280
-47199 -43582
-49080 -41454
-48998 -40543
70661 -57614
69686 -56417
70613 -59364
69731 -58391
19179 17792
69667 -63774
69600 -64551
19587 16158
18939 15067
-53055 76414
-49953 79537
-53893 76302
-55512 75917
-50960 -48610
-50976 -48215
-52579 -50951
-51861 -45764
-52572 -48791
-50960 -36859
-51925 -37743
-22443 -37798
-24614 -40515
34391 -37560
33942 -52757
-55389 -65887
-54596 -50338
34222 -37407
-54657 -62910
-54814 -60467
-24460 -38858
-55791 -62461
-58145 -72171
-55930 -57364
-26296 -40159
-26490 -41377
-58042 -67606
-57228 -60936
-27031 -39886
-27110 -39565
-27524 -42216
-58307 -66452
-54798 -45680
-25850 -37418
-26948 -39409
-27398 -40703
-58817 -67665
-57810 -60921
-58350 -58123
73633 -53054
42913 -72516
-55278 -45352
-58566 -63371
71801 -54317
-58019 -50856
42782 -65751
-56677 -42069
-58462 -41618
-58770 -42532
-29111 -43838
56539 -68042
59016 -73389
58456 -75931
54848 -71157
56266 -74622
56089 -75450
53083 -75676
-59589 -74446
-60983 -75376
60110 -73831
59705 -74729
-60307 -56415
-29412 -40524
-30080 -44566
-61974 -76284
-60723 -52859
-29659 -37003
-30007 -43901
-61354 -73056
-30170 -37499
-31020 -41528
-31223 -41602
61148 -67238
-32230 -47023
-62439 -64321
-32865 -47241
-63660 -65387
-63936 -66668
-64059 -67055
-61967 -55229
-60249 -45702
-61531 -51425
-62443 -53025
-63041 -53305
-61244 -43851
-32292 -40027
-32864 -42156
-33097 -48346
-64746 -74499
-64676 -69252
-33052 -39907
-34506 -48343
-64680 -65306
-34777 -48368
-66625 -75945
-66995 -75053
-66959 -72606
-67132 -72623
-65050 -62829
-33097 -39408
-33724 -38630
-33980 -42146
-34244 -40992
-35311 -48014
-68647 -74655
-66550 -65135
-67960 -57679
-65736 -48384
-35634 -44767
-36762 -50281
-36754 -48494
-67321 -66044
-68432 -68563
-66399 -58534
-66547 -58154
-67600 -56413
-66532 -50938
-66546 -50844
-66849 -51799
-66957 -51200
-35073 -38114
-36010 -38160
-36500 -41319
-36513 -41071
-36871 -47769
-37155 -46740
-36777 -36765
-37527 -49083
-37779 -51855
-37505 -44674
-38017 -53212
-37772 -46758
-68405 -53803
-37769 -45206
76976 -51142
48979 -74945
48772 -76011
-38565 -54823
-38665 -54387
-68997 -61184
-69637 -59860
-40382 -40519
-41981 -54197
-70741 -57132
-38735 -38861
-41005 -56556
-71109 -55707
-40538 -38075
-42163 -52290
-72030 -52612
-42828 -50559
-43874 -45838
-43465 -38921
-44349 -47129
-44326 -45718
-44193 -37443
-14115 -13057
-70117 -71512
-69465 -68122
-69961 -69117
-72760 -75931
-71077 -67343
-72557 -70117
-71862 -66415
51375 -71242
46874 -76197
46059 -74659
-12740 -7017
-12304 -15182
-13984 -6300
-12273 -19695
-13850 -10275
-13179 -15988
-13377 -15801
-12852 -19498
-13489 -15636
-13912 -15934
-13977 -17890
-14830 -12682
-16924 -17370
-18000 -13865
-18442 -10208
-17492 -22524
-20060 -17461
-24100 -18272
7374 -7599
7714 -10263
9634 -15967
6197 -6696
9308 -16890
9176 -17331
7914 -15798
5485 -9427
4933 -8831
4608 -9032
42921 -6395
2587 -9707
42253 -10258
8054 -20338
2807 -8113
39613 -7532
40959 -10628
41885 -12048
4851 -16441
71038 60547
70482 59677
42252 -16128
7960 -22692
71003 58800
-724 -9054
6539 61491
7771 58385
8232 55062
1341 61749
7709 51920
519 60235
-1408 60916
-1298 59541
-2109 60237
6583 48074
6683 47924
-2317 59105
-4136 59081
-27487 62065
-28148 59264
-34206 60417
-34989 61459
80731 62143
82490 61592
78778 62067
75981 62119
84829 58833
82463 58966
82688 58834
81004 58528
75048 60321
75984 59118
71830 60228
73130 59631
84207 54682
84200 53820
84224 51035
84075 47597
83306 47114
81977 46498
-72684 60015
-73806 60289
-74490 61110
7508 42111
4647 44639
38985 -7245
39486 -8487
6078 41906
38495 -8108
39310 -10043
4045 43220
81687 45633
81249 44110
81596 42855
82615 42232
-33982 59503
-71384 59386
-71200 61825
41689 -15742
7385 -27156
7032 -31128
2076 -14360
1701 -13256
2714 -17798
5722 -30882
1216 -16459
248 -13430
-1581 -10818
-950 -14140
36472 -11611
-1638 -17068
-3573 -11566
-2905 -15085
-4044 -16658
-4634 -14399
-5144 -15814
-6290 -14060
-48849 -47020
-10125 61875
69368 59371
-5516 -10197
-7185 -6801
-74048 41477
-72829 43232
-73305 42991
32240 -7613
33402 -10672
-8306 -7930
-9040 -9966
33078 -87126
32067 -86060
-48654 76880
-85353 -70868
-86159 -71169
-15375 -11146
-14273 -20190
-16380 -8316
-16134 -11569
-16630 -11094
-16584 -13961
-16612 -19604
-16380 -23509
-18356 -21384
-19026 -22475
-21017 -19951
8832 -7605
9590 -25040
10035 -27249
9671 -28457
9648 -28688
10067 -32239
8858 -28624
5661 -22633
5125 -22046
8803 -36048
4213 -20596
4648 -22606
4281 -21743
2883 -22947
2856 -24413
3095 -29701
8525 61032
8823 60327
8454 59882
-3477 -20715
7684 57641
9439 54944
6699 57126
10171 49089
-20344 -23078
-23458 -19325
-23453 -19789
6451 56984
9242 52140
9449 49509
-85738 -65971
3330 55482
10114 46079
-21863 -22282
-24586 -21553
-28337 -20518
-30028 -20127
5236 52955
288 58222
-582 57728
2059 54139
3737 51733
2598 51966
1577 52588
-369 55165
-2856 56697
3544 47115
-1918 55011
1320 49418
-1660 53741
-3693 56184
1911 47003
-1734 52232
286 47976
-4497 55308
-5211 53382
-5504 52871
-6675 54050
41977 33887
81127 56636
83285 55448
80849 55377
85872 53365
-25561 57114
82446 57420
41876 32225
76757 56664
75704 56280
70921 57885
81873 53380
71126 57385
80412 53767
88808 50381
-2054 46732
78900 54178
528 45177
77723 53456
74722 54294
78699 52371
75410 53621
77078 52702
69112 55953
66864 56838
72393 54476
66813 56446
77398 51222
67687 54206
69752 53101
78246 49183
67236 53079
71479 51095
69857 50711
72589 49341
69296 50249
68608 49877
71309 48528
-72648 52848
-78151 49889
-74592 53444
-76243 53447
-79131 53090
-77097 55840
-76607 56321
89888 42533
88024 41646
87 43390
79617 44894
80044 43996
76088 45254
75804 45229
79211 43464
5375 39615
77116 43362
78235 42600
81612 39730
78796 40088
-98318 39267
-99235 39938
-24788 38943
13742 39718
12957 40393
12607 39584
-13934 -33109
-14189 -31651
-13994 -34050
-14674 -31512
-14704 -32706
-15073 -31612
-15388 -29045
-24967 47215
-26007 48771
-25504 42034
-26218 47330
-25782 38923
-26408 41396
-27503 45238
-28357 50527
52129 43796
-69464 43830
-69229 46797
48130 41455
-68833 45141
-69055 46354
-28520 39299
-29175 41573
-29369 43092
48581 41713
-29522 40820
-30092 46126
-30136 41118
-30985 50265
-31357 48299
-32015 45584
-32299 42303
-32250 47810
-32590 50372
-33935 43722
-33615 50082
-35501 50188
-37560 48085
-37906 48906
-48792 52740
39964 50554
38769 50858
39908 49924
41353 48506
39075 48959
37505 49689
42969 45506
42791 45229
37541 48863
39201 47333
46172 40538
41942 42278
38605 44433
-68354 43640
-68233 49611
25055 -33041
23822 -32988
24710 -35159
24172 -34375
23530 -34771
21194 -29691
-48841 59383
21568 -27752
16926 -17904
16870 -19357
14775 -14415
16616 -20959
11641 -9480
14712 -17798
-48640 -52681
-17770 -34149
13228 -14827
-48557 43705
10823 -7452
-48553 -75416
19509 -29102
-18802 -26870
-18905 -27973
11433 -12963
15037 -23628
13908 -20824
13731 -25173
14362 -27422
14993 -29629
15930 -33103
16346 -34323
16138 -35721
10405 60167
12136 57671
11982 57436
13051 55502
11551 56703
10350 55002
10575 51319
-19395 -33223
-19808 -33113
10822 -17296
11931 -22617
12484 -30760
12496 -33046
-26836 54168
-21891 -29517
11295 -21904
11136 -28785
-22606 -31538
10883 -32113
-23616 -28956
-23613 -31551
97221 -35254
97551 -35762
-28290 54781
-28322 51486
-29364 51583
-30050 53106
-31947 51318
-31958 56282
-34121 53709
-34596 51181
-34355 56786
-35308 51751
-37076 54135
-38145 52950
-37798 56272
-37740 57816
-40457 53039
-38840 60228
-40288 55136
-39673 57670
-40053 57194
-42303 57739
-42910 57059
-45283 61606
35556 51385
35361 51243
-61466 51913
-62880 51512
-62114 52751
-23929 -27444
-25475 -31173
-62341 52638
-26153 -25332
-26162 -30981
-27296 -28492
-65598 51078
-64076 54020
-66359 51426
41892 -19793
41999 -21548
-28815 -27267
-64438 54960
-67050 52431
-65905 55087
23165 -35871
41917 -18480
41911 -22087
-27849 -26849
-32203 -21672
29354 59906
31783 57765
31544 57268
30647 57363
36070 53744
-69999 51078
-69790 54007
40417 -20082
37361 -16185
-83025 -75790
73039 46290
36665 46118
18664 14645
37396 -18400
39027 41397
40809 -24302
34181 -13467
74424 42953
-48542 54430
39604 40618
18947 5833
37958 -20051
68343 -74549
68457 -74989
68873 -75951
19516 9732
16985 14121
15975 15047
38680 -26010
15704 14843
16121 13897
17882 10077
14617 15757
36774 -24813
36583 -25077
41949 -35248
37108 -26443
14493 14432
15277 12830
-25955 -33723
-27402 -30941
-27641 -31307
-27980 -33075
-28576 -33488
-29479 -30936
-29865 -26036
37600 -28723
37030 -27779
-29330 -34191
-30054 -32704
-30760 -29487
-31580 -28717
-31766 -34186
-32181 -35443
-33431 -28917
-34159 -23286
-34514 -29109
-35069 -30386
-35189 -26796
30784 -75294
33892 -15693
33116 -14339
33900 -17772
33324 -16988
33846 -19521
33405 -19083
34243 -20792
33011 -19455
-35368 -30151
-36700 -27809
-44285 -76135
-36947 41373
-37902 44868
-38060 46147
-38631 46986
-39174 48803
-40491 49832
-41462 51547
-44069 55401
-44720 55825
-45656 58027
28231 60416
28600 59961
34737 50109
32752 -15014
28651 59426
30912 -15511
27640 58984
34998 46192
34773 44941
32633 -20111
31861 -18680
29744 -14831
33370 -25101
32304 -23745
33021 -26763
30645 -22302
31214 -25346
28087 -20533
30242 -26317
31911 -30004
32433 -31851
32308 -32912
32847 -34302
29543 -28017
32022 -35920
28572 -30310
31245 -36179
-8967 -20464
-10085 -17856
27052 -23048
28056 -28288
29090 -31052
-9380 -22866
-11170 -18480
26545 -23262
27411 -27736
27161 -27812
28233 -33271
28701 -35944
31397 99036
31687 95483
33470 93231
33374 93126
32152 92120
33408 91342
32908 90559
33516 88881
28430 -53121
26192 -52728
28267 -59718
28303 -61984
26317 -61542
-11292 -34530
33233 97753
-11246 -43041
27596 98692
30710 96350
30967 96226
29265 95583
29281 95487
-9609 -58660
-10125 -57851
-10458 95360
-9639 95235
31426 19727
28034 91594
30448 90695
30889 19279
30157 90278
33695 5852
32716 4630
31997 5322
30611 5569
33204 1658
30153 5050
30551 4124
32991 -706
-9097 -4089
31757 263
33271 -3060
28191 4051
30731 -450
28828 2040
26681 4338
66049 -60444
29899 -1599
28767 182
28409 603
30357 -4194
28791 -5785
21662 -4957
33984 98375
20387 2653
21282 -5313
-8791 -30023
16915 3212
18888 -1248
14161 6946
15578 1124
13312 5244
14523 2425
15557 -708
15243 -253
13351 3123
14723 -336
13202 -2449
13690 -3712
13880 -4950
12258 -3546
35434 -4986
35018 -4470
-8293 -4808
34245 -33983
-8554 -32624
-8408 97516
34171 98490
34420 97977
35383 92037
34488 88934
35509 88804
35621 19608
34505 15194
35191 -1327
34313 -1122
34333 -1568
36279 -28777
35999 -28780
-8003 97314
35827 93779
36267 89131
35807 647
36632 -5427
36377 92812
36507 92778
36614 88739
36624 15672
37541 150
-7761 -19272
-7781 -25224
37881 98218
-47333 -51812
37609 18409
37755 17052
38006 11869
36908 12878
37005 6523
37534 5434
63889 -60565
63997 -61802
-7411 -33773
-6908 99183
38778 12462
38912 11448
42389 4498
-10378 -49566
29671 18701
28932 15966
33149 9628
27147 17483
26777 16683
26243 16556
40439 -3989
17174 8595
14882 12695
14537 11808
13890 12787
13980 8526
11215 12771
8716 10399
7723 8726
2592 -34626
725 -32900
99227 -33185
-1447 -35599
-34622 -35075
-34693 -33005
-35315 -33139
-35409 -34327
-2292 -4651
-3364 -3285
-3285 -27232
-2481 -32629
-4560 -23148
-3119 -35584
-3674 -32995
-3505 -35871
-4503 -35600
-37765 -35759
-38149 -28788
-3596 -4324
-38886 -34426
28908 8904
-5321 -18169
-5538 -20699
-5361 -25384
-39309 -35618
-39968 -35521
-5303 -3465
-5963 -3296
-6751 -17270
-6553 -19504
-6525 -20972
-41136 -33723
28491 10669
-42257 -34906
-43261 -32230
-43603 -31771
27920 13778
26594 10954
-45885 -33528
-1985 99628
-2905 98759
-1145 98861
-1216 98843
4445 97653
4992 97295
3886 97246
41714 97513
344 96471
6523 96094
41066 95043
41967 93714
-6548 95539
-1959 95102
7248 94483
41826 91877
41931 91379
1921 94074
88 94125
-3095 94255
6958 93296
26466 -51102
-1522 93818
2408 92663
-5859 93631
41906 87444
42137 87353
-2092 92933
652 86363
275 86269
2380 85356
-1232 86167
1729 84857
2156 82386
1855 82280
979 82463
989 78905
-3306 80186
1626 76398
1955 75232
27493 57821
833 74964
1516 73101
1158 73007
28132 50784
27789 50734
31630 47595
-2062 74115
-2498 74429
28466 49143
26984 49777
28027 48688
-47616 -76214
33170 44031
33604 -93839
33509 -93763
33998 -95568
27610 47705
-3087 73666
31777 43508
26634 47797
36 70515
31306 41252
32972 38958
30605 40980
-4556 73075
39111 31693
38069 32229
-2710 70253
28638 39530
36925 30453
35345 30185
37861 27215
-2524 68414
33014 30715
33054 30503
38737 23918
34095 28493
35212 27130
33493 28628
35387 25969
35965 24666
36760 22366
31491 27886
33214 25613
30678 26798
32360 24164
34782 20713
31563 22317
28073 26096
30177 23514
28496 25115
27339 23877
26234 24782
27754 22542
5908 91648
31658 87568
32258 87196
3518 91195
31870 85972
31706 85990
31137 86079
30770 85979
26672 86609
38188 84020
3701 90253
38417 83536
5140 89848
37768 83364
38333 83178
34255 83285
33371 83351
28738 83959
35828 82286
34799 82102
38281 80376
32965 80198
27902 81401
35089 79278
8638 86141
3523 87354
36657 77383
31929 78498
38983 76341
29056 78849
33020 77076
36699 75925
33826 76477
33752 76098
4027 84929
7925 83298
6554 83689
29376 74746
3398 83986
36934 71032
36423 70492
29775 72556
28904 72174
28011 72241
3306 82081
4471 81547
34951 67998
27132 71001
7010 79816
3097 81171
8620 78453
39160 63836
26384 69762
35883 64620
26203 69240
36544 63884
26582 67965
27554 65225
5454 74145
10606 69001
9035 69273
4398 72473
3145 72364
8851 68142
8693 67497
3418 70954
9010 65678
3983 69182
11079 62792
6320 63544
5380 63914
6229 62609
-2252 67076
-2420 66862
-3600 67907
-3589 67889
-245 64012
255 63436
-107 62961
-4961 67286
-45850 -72880
-45434 -62103
-46078 -65330
-46035 -64032
-46864 -65589
-46599 -58299
-46409 -56294
-46971 -58792
-47301 -58795
-47847 -63053
-47376 -55521
-47749 -57957
29042 -64445
29417 -67474
27869 -73764
27250 -72481
-8432 -62865
-7568 -69820
-9036 -68462
-9498 -67953
-9447 -69754
-10488 -66267
-11150 -60917
-11102 -67684
-3970 93168
-4022 90929
-4769 90023
39427 33907
30853 -91123
31349 -95398
29034 -88675
30539 -94992
29248 -91859
29887 -96705
28550 -92677
28070 -91761
27658 -91626
29174 -97001
28733 -97592
29214 -99810
-8463 -72267
-9605 -70887
-10675 -73041
-7132 92462
-9479 92256
-10815 90208
-8115 88604
-5588 87006
-10533 88492
39423 62695
-6524 83400
-6557 82901
-11322 84408
-10114 83579
-6453 80915
-7701 80629
-8971 80706
-6832 77975
-5260 76353
-9513 79597
-4864 74707
-10927 79409
41239 31503
41292 28726
41555 87056
41867 25293
41663 83298
40039 82413
42467 76395
41125 75335
41451 71541
39484 70961
42793 68935
41084 69129
-6092 73379
42932 25039
39622 85999
42728 67850
-5493 72129
-6598 72939
-10018 76025
40454 23207
-6590 68993
-11328 74385
-9678 67677
-9260 63497
-10090 63493
-10156 63239
-1033 42312
-395 40588
-1252 42009
-1776 42246
-9679 56283
-28345 81070
-29040 85776
-27926 67993
-27960 68211
-29552 85465
-30095 84949
-30542 64508
-30987 63034
-31385 74912
-31746 75635
-31884 75082
-32310 77279
-32190 78520
-33337 71823
-33268 72946
-33463 75319
-32311 82975
-33108 78997
-32962 80404
-35138 71491
-34650 74598
-35096 72643
-36934 66425
-35791 72373
-32057 88612
-36952 71827
-39507 63563
-40059 63372
-33809 84307
-31460 92296
-35559 81116
-34568 84087
-39750 70943
-37135 79820
-44373 64200
-38061 79086
-34581 86959
-43090 69529
-41628 72880
-43175 70572
-35841 85797
-46093 68062
81177 66648
79475 65105
84739 62738
80320 63519
80776 63054
74339 62672
-82067 -72099
-82388 -70555
-84580 -76053
-82997 -66728
-83378 -66747
-84490 -69234
-84362 -65842
-85287 -65811
-84102 -61712
67913 -71439
66189 -69242
-37686 82374
-37315 84170
-47130 68081
-39937 80213
-40166 79991
-38011 83585
-40236 80127
-43259 75680
-47600 69032
-44089 74680
-47362 69778
-38293 83913
-35728 88061
-37690 85317
-39165 84048
-74668 40828
-46299 76518
-46756 76737
-79487 40262
-77850 42145
-78801 42623
-44842 80328
-41121 84467
-35570 90597
-34592 91809
-33903 92664
-78118 48435
-83727 43420
-82409 44795
-46306 80638
-83384 45125
-34224 92648
-84903 46540
-83786 50106
-84603 51560
-83908 53206
-72378 62663
-72456 62638
-82018 55246
-1829 43862
-6624 52366
-4349 46135
-8289 51521
-6159 45508
-10164 53720
-11174 55174
-9396 48698
-7445 43682
-9125 46982
-10412 49782
-10718 49693
-11320 50960
-9571 46303
-8808 44275
-11075 46487
63971 52912
65595 52146
68090 50037
68144 49694
65046 51145
67249 49701
66229 49494
64964 49364
65782 48059
65414 48016
66824 46029
67258 44142
71059 41877
64704 44280
65790 43259
72779 39349
68010 39872
67809 39460
66651 39710
63797 40242
-37242 40038
-39791 42560
-40280 41935
-41405 45160
-41898 45116
-42325 43606
-41825 47839
-44199 42288
-44709 41762
-43637 48402
-44674 45148
-43218 50578
-46503 41532
-44048 51281
-45176 48372
-43911 52881
-46681 44923
-48468 39760
-47782 44901
-48074 47206
-46677 55614
-45592 82588
-64650 66271
-44891 83660
-68274 63381
-41312 86875
-66919 66025
-67312 66725
-38848 89657
-65266 27763
47121 26640
23974 34661
92407 29043
91837 28819
90741 28444
-18972 13044
-19730 11392
-22025 7795
-26926 11052
-90218 -26167
-90719 -93631
-90742 -91582
-90051 -18054
-90590 -13894
-91021 -11954
23283 -88436
22358 -88708
22526 -90805
-69681 67620
-14417 12071
-15451 11067
-15445 10277
-16014 7857
67846 70624
69173 66430
-16291 4589
-17883 9100
-18165 7370
61073 -14845
66225 70139
65995 69859
65554 67794
64236 67117
64996 65934
64571 65794
-97830 -21716
-97245 -19543
-95833 -17052
-95783 -16932
-95015 -15198
-96986 -17180
-96514 -15905
-98859 -15705
48021 -15531
-65832 -21295
-66138 -14017
-28084 -13482
47636 -17032
-67161 -16689
64712 73817
-67497 -14077
-68138 -13790
-29711 -14958
46790 -18162
45219 -18759
-68614 -17784
-30569 -15757
-31032 -15369
45400 -15629
44030 -14969
44769 -16229
43625 -16457
43515 -16653
-79495 -17173
66587 -15005
67113 73058
70243 -19519
65560 70328
69675 23769
70217 -21933
69752 -22091
66775 -19952
68050 -22033
69389 -23713
66632 -21303
67411 -22501
63676 -18475
64188 -20025
63121 -20596
-95511 -7292
63413 -16822
63328 74037
70370 17858
70364 17779
65641 63862
64142 62302
67582 60884
67452 60668
67390 96901
69047 95226
68971 -96848
67526 -96210
66783 -50691
68252 -53845
64832 -93741
62060 -47076
65367 -6484
64543 -5891
63142 -49964
67215 -10398
66881 -54952
64043 -95333
64509 -96489
64165 -96132
63776 -95798
60806 -47635
65289 -10213
65355 -11124
65827 -11949
65642 -12032
63279 -99807
63944 -11252
62792 -11276
64414 -13206
61914 -56678
60732 -9840
60121 -11083
59851 -13278
63954 76052
64557 75851
-19444 32776
25238 31893
-89891 -12926
-93919 -13109
-96677 -11410
-22430 -8690
-22468 -11512
-23458 -11309
-65263 -5887
-65808 -5964
-24032 -5862
-67191 -8469
-68419 -11599
-68568 -6424
46519 3065
46587 1225
44006 3327
43465 -5855
45992 -11192
44808 -9901
-86021 -9687
-87150 -11411
-86655 -9407
-88310 -11792
-88319 -10316
-88660 -9395
-88344 -6365
-89664 -7658
-89528 -7077
-87765 6168
-88399 7185
44472 98400
44403 95509
44662 95358
43422 95357
45434 94163
-88702 -30223
-41773 34604
1392 -93360
1709 31605
46024 35154
90496 33643
90501 32919
90774 32563
-88308 -25130
-88353 -16137
44370 -19512
43991 -21037
46098 -24647
44691 -23752
45717 -27450
43955 -24742
44859 -26643
44523 -27205
44700 -27737
45165 -90235
89085 -90265
-86922 4716
-87553 10627
-87389 26777
-86731 -33523
-87466 -35027
-87174 -30961
-87369 -17648
45610 -91366
89955 -93037
90550 -94154
-86374 -12336
-86327 20621
-86229 25023
-86354 31588
-41312 31822
45434 -97132
-46915 11574
-20623 -98773
-21380 -99955
-22589 -99815
-26640 -12516
-66708 -99742
-28724 -11618
46965 -32862
-65992 -98165
-72001 -10551
-67221 -95882
-24526 -96320
-27165 -12555
-65513 -92890
-69282 -96849
-70312 -97247
-80587 -17286
70046 -11615
69883 -12816
-24837 -95945
-70270 -96404
-78938 -25428
-79923 -20838
63085 -98968
-26320 -99255
-80538 -12422
71197 9732
47774 -99841
-21088 -94974
-21912 -94207
-22373 -91085
-26097 -7901
-23724 -94462
-24506 -92091
-25318 -89969
-25879 -90449
-27925 -8389
-28129 -7914
-67854 -93913
-28210 -7043
-29677 -8527
-73070 -10156
-67770 -94891
-68013 -91598
-80659 -25382
-74537 -10153
-69664 -92852
-69950 -92584
-70647 -95753
-69171 -88292
-71334 -94489
-72099 -90589
-76559 -7475
-71881 -88653
-26832 -88239
-26912 -94422
55990 -9020
54305 -8824
-30203 -6049
-30440 -7087
-31668 -8237
-31763 -6113
-35190 -8579
-35488 -7500
-35819 -9123
-36078 -8938
-77398 -7430
-37106 -9403
-37024 -8122
-37068 -8020
-80840 -25381
-79870 -7815
-81021 -8149
-82164 -6408
-79851 256
-81053 8935
-81954 9643
-83549 7324
-46858 -85054
69722 -50193
69588 -55031
-87590 -98553
47845 12187
49038 6676
47847 90638
47695 89863
47014 88036
805 -96562
-88874 -99739
-74220 -50692
-89198 -98403
47648 8479
-78776 -41944
58717 -49544
-4789 -90251
57712 -53477
-4667 -95707
45741 12869
43516 13671
43431 13311
-15533 13962
-16847 12869
-18055 14405
-18879 13930
73349 68776
70946 68504
72504 63935
-17750 1539
-79263 14037
-29467 14016
71106 67412
71934 64362
-18752 2341
-22333 14486
-22895 14021
-22836 12883
-25021 12530
-27345 14276
71287 64307
-83099 14066
-87298 13243
-88869 14523
-89583 14117
-91254 12423
-92875 13638
48043 14017
50018 -4249
49700 95413
48722 94833
49545 90411
48934 86737
49658 29643
49361 83369
49700 27041
-85239 -18975
-84235 -16715
-85962 -17811
50088 -25721
48544 27953
49129 27311
50233 -82935
49398 -83377
50358 -86699
49837 -85969
45469 29663
44792 29220
44955 28206
43723 28314
48231 23557
45479 25614
45556 25207
44129 25289
45195 24213
44986 22562
45993 20105
43409 22240
99954 17377
43878 18259
-15596 15633
-16690 18267
-17043 15864
-17338 15033
-20838 25266
-20973 20777
-21995 28798
-21002 19797
-80785 14803
-79805 22759
-81711 20016
-80381 25036
-22319 27271
-83391 18519
-83613 20228
-80027 25941
-81073 25399
-80078 27092
-81905 26741
-79888 29763
-84374 27849
-22444 29618
-23404 29675
-23306 27587
-23519 28234
-23590 26397
-24085 27027
-24109 25179
-15547 -83274
-23769 17955
-24770 19001
-25220 16361
-25569 18848
-25662 18578
-26666 16968
-27834 19153
-81663 -82705
-82770 -81411
-83803 16584
-85364 17601
-84507 19389
-84471 19726
-87126 16459
-84832 20034
-85935 18929
-87654 17524
-88431 17008
-87226 19260
-84680 24628
-80096 -39829
-92679 15521
-88274 24230
-79582 -38467
-91728 15825
-92797 15419
-88044 22653
-91885 18547
-85899 27680
-88656 24397
-88830 25765
-80783 -35026
-80783 -35015
-94622 15492
-90498 26061
-89467 27751
-88424 30132
48483 -89191
48065 -92851
17477 29428
17192 28988
17095 28746
80541 26511
82283 24261
17065 27676
16419 28173
82450 23082
17092 26757
17223 25559
-48515 29096
14333 29094
82447 21939
17241 21290
13862 24554
12544 24444
71141 -14471
70833 -14986
-85675 -20337
-48308 23449
-50752 29916
-51243 29252
-51317 30413
-51348 30326
-53073 27020
48545 -28024
48663 -30614
70630 -22419
-5473 -89756
-46445 26634
70950 24134
-6628 -92608
49661 -32350
-82156 -36201
-82516 -35185
-82412 -32848
48097 -33602
72609 30123
71154 26869
-8181 -88818
-9602 -91458
-84248 -36606
50647 98261
56536 34262
56562 33313
55297 29670
50839 30555
50487 81871
52710 74112
53817 73180
54645 71851
-91326 27425
-94984 23534
-90676 28635
-93696 25364
-90840 28703
-91854 28359
-90223 30234
-94642 25440
-96052 24273
-95037 25637
-94550 29229
-85028 -25843
-85842 -26124
49866 -23954
50850 -28166
50908 -32325
-61451 33790
-1397 24175
-2640 27098
-1355 23054
-2079 24227
-2854 23184
-4561 27618
-5008 24576
-67436 21923
-67522 22368
-66032 26982
-67256 27638
-5345 29199
-5556 29706
-5993 28890
-68354 25648
-69635 24122
-69817 29719
-70893 28292
-25101 30655
-26080 29011
-26422 29213
-28826 30301
99008 28219
-27311 28065
-30124 29248
96490 28306
98377 26650
29929 28516
27944 30670
-60487 31797
99373 25749
96405 25740
95801 24179
99542 20629
97241 21405
96586 20748
98776 18452
96907 18655
97957 17279
-27399 25627
-28569 28051
-28719 26679
-30541 27280
-32386 23727
-32497 29510
-33580 20223
-33761 24345
-35752 22803
-99699 21219
-98928 24107
-99815 23342
-99883 29465
-36352 29275
-37392 29441
-38254 29118
3937 28322
66680 27837
66313 27424
67647 25997
68583 23488
67784 22760
48060 -98389
70956 -25221
58824 71718
-73363 -93469
-75022 -91363
-79091 -91308
57192 -93667
49608 -95524
-3401 32112
57504 33409
58961 27436
58569 26529
61872 22661
63442 20905
1177 17760
61557 -91315
61153 -95337
62279 -99901
-95985 -92720
-29626 -93436
60297 -95991
60273 -96243
-30399 -93648
-33461 -91302
-79981 -95189
-80596 -96977
-14850 -98072
-15637 -99853
49065 -99799
-18218 -96200
59798 33060
49983 -10477
50774 -12220
59420 28120
62115 25415
65918 22115
59941 25760
67526 17343
67297 16661
66985 16824
64123 18661
43296 31530
-30219 -97354
-30606 -98005
-32301 -96419
-32493 -96439
-33647 -94332
35969 33341
-33875 -99719
-33980 -97775
3401 -99506
-46482 14477
-48274 13219
-49114 14242
-48234 18796
-49378 18873
-50469 16867
-52739 18039
-53256 18039
-50302 -92121
-50717 -94807
14999 -97245
-51855 -95813
14173 -93713
-53311 -95936
12171 -91434
-56427 -92931
56409 75058
17197 32934
14922 33805
-52613 -97825
-54804 -96238
-55829 -95902
26736 32777
22720 32958
20794 32955
-53957 -97713
52921 74871
423 19765
-88967 32543
-22804 32199
-90428 31412
-24755 32004
-93051 33721
-93744 33639
-27198 32386
-27232 32904
-27994 33410
-29164 31529
83223 -93683
82482 -95916
-94817 -98332
-30221 32373
-99525 -96641
-98079 31764
-99440 32443
81609 -91733
-98208 -99832
-99545 -98111
98180 -93396
96849 -93914
95695 -93174
95560 -96712
-81074 -98628
94270 -94925
-83606 -97967
93527 -94657
-79409 -55167
97908 32837
96532 33366
95512 33610
95594 31362
-80607 -50837
-81085 33348
-81450 -50060
-82235 32813
-84362 31163
-33644 31414
-34386 33872
-36548 32294
-36924 33941
-38049 31661
-39131 31148
3722 32207
71586 -99057
70904 -98643
71444 61997
70795 19424
70700 60589
70591 17519
-50970 20697
-48423 31989
16820 31561
-53984 21748
-54773 21222
-54524 23442
-51814 33577
80982 33745
15029 32372
12146 33750
11873 32823
8894 33876
76493 32299
-56465 24165
-56504 24262
73223 -93234
72046 -10635
73133 -97218
72647 17274
72390 99832
72736 99784
73377 98675
72619 97810
73188 96697
68989 12771
-48646 12279
71389 98601
72745 98064
72402 -31074
68870 14568
70759 96047
70480 94592
71302 -47975
70375 -47396
3606 -90083
72064 -91150
71880 -7495
60867 75997
59556 76074
-85063 2911
67276 35116
50604 78318
-6016 34454
-96435 34157
-46658 37154
93788 34016
22269 35036
22032 34464
20339 35158
-51737 33968
-51993 34332
-96548 -88966
-50885 -89952
-51117 -91261
-98535 -90334
-52091 -88113
-28915 -87826
-30048 -90470
61127 -89950
-31098 -90944
-55011 -88101
-31853 -88327
13648 -90856
-78848 -87783
59832 -89334
-83893 -6276
78898 -81647
58976 -89132
-79807 -90748
-79887 -88831
-33615 -88929
-80700 -87840
-79892 34885
78419 -88328
78925 -89377
79168 -89903
-83104 -88234
-84219 -91248
-38388 -89308
-15551 -89885
-38627 -90084
-17049 -91224
-17690 -88904
63026 34266
-6994 34718
61142 34213
-8852 34239
-8848 34145
58637 34775
-11201 34590
51459 34656
-31339 34071
-33324 34651
82307 -88700
82260 -90565
81288 -89264
-40394 -88495
32096 34642
28704 35061
85488 34733
80571 -81388
6398 34212
6089 34385
5819 34847
6950 31192
90138 -7190
-60154 12613
47408 67377
86678 -5782
45033 67157
50130 62148
86868 -10033
46550 63410
-51418 -7783
-52578 -6304
88816 75029
-56599 -7441
-90749 -55449
-90690 -51906
-91099 -48986
82195 -14970
78312 -13065
75348 -10909
77370 -15083
44120 59252
45187 56885
49681 53328
79668 -17588
79651 -18499
47626 53986
-46489 -7962
44621 55230
50213 51881
44675 54659
49003 51331
47538 51784
48904 49804
48244 47030
48636 44550
-46606 -12931
-46948 -13656
-47028 -11096
-46523 -6389
-47143 -7949
-46973 -6407
-47750 -9837
-48730 -8125
-48822 -6405
-89553 -52644
-88443 -47141
8173 -89399
7988 -91045
7000 -89395
5350 -88052
-81562 -55058
-81785 -53613
-82637 -55743
-83314 -55392
-84871 -55778
-87162 -56522
-87299 -47764
-93090 -49518
-93091 -48896
-99613 -49733
-85360 -57995
-84290 -53238
-83291 -50310
-87711 -56495
-87295 -52835
-86476 -46777
-98819 -58081
-93918 -46832
-98863 -57229
-97649 -51836
-97152 -50177
-97598 -49919
-98381 -51156
-99128 -47792
-83202 54865
-81015 58171
-85843 54611
58658 -55949
55471 -51207
53065 -47111
55708 -51778
55333 -51276
52781 -48132
50291 -47874
50187 -47920
77103 -47036
50244 -52072
48671 -49542
50418 -54492
48147 -50665
47346 -50120
43185 -49848
43488 -52590
43714 -56767
46788 -63734
46063 -62308
44942 -62557
-15006 -77216
43708 75287
49119 73542
45427 73843
45082 73929
48527 70328
47893 69857
-64527 -7839
86107 75087
86015 74272
87372 73999
-63108 -87921
-58613 75821
-60095 -9853
-60535 -10412
-60927 -10711
-61270 -8080
82349 75336
78289 75470
82158 73961
82348 72298
96509 -8599
48669 -72205
47663 -70521
95392 -8007
47700 -71693
50667 -79945
50707 -80478
50216 -80530
44970 -69420
46081 -72953
48050 -77848
44907 -71036
45234 -77411
-62126 -10817
-64039 -9726
44467 -31709
45091 -35374
-36557 -11389
-36626 -11233
44180 69011
-37791 -16375
-37732 -13520
-37884 -15301
-39531 -12006
-39442 -6533
-40010 -12568
-40686 -10517
-40657 -6186
80227 73339
75686 73696
80259 70857
74229 72256
81272 70301
81551 70188
-90922 -61853
-95505 -61109
-96295 -62191
-96801 -61008
-93705 -53449
93286 -14941
-95037 -55784
93514 -10024
78800 69688
-88145 -63038
-90189 -61702
-90071 -57769
92743 -16323
-95637 -57711
-96764 -59629
-94706 -53345
-94897 -51539
-96119 -51518
-96972 -52725
-97080 -50701
43761 -75806
-90553 -66135
-91782 -65129
-95438 -49587
-64612 -12751
-64215 21038
-64459 -94508
-64529 -93488
-61032 -27067
-60886 -24963
-60823 -23707
-62768 -23538
-63557 -22600
-63561 -97332
80392 -98127
78562 -96231
78637 -97332
74107 -96618
-61905 -97467
-62916 -97308
99050 -12021
96532 -14831
-61343 -21735
-61120 -20690
-62009 -20954
-63555 -18926
-62083 -12361
-61262 17666
-63470 21382
82051 21946
80105 23072
-34408 -18622
77516 27908
78924 26679
-60629 20732
77909 -17437
74454 -13846
74249 -14060
74899 24502
79558 20895
6243 30210
6575 23943
6686 23149
6209 -96987
5359 -96125
79400 -20238
77457 -19252
74114 63648
77119 21194
77420 -20812
76938 -20361
75435 20911
74107 21685
76402 19818
79517 97337
75602 18720
77659 98434
80502 -24584
-49442 -388
75253 -24290
73587 17923
-47601 -19603
76049 99086
74293 97299
75382 96988
78764 13780
76852 13740
76400 13664
77269 93372
79024 -27093
74746 12998
74667 12853
79788 89864
5920 15246
74951 -25294
74639 96409
73930 95580
77368 -28686
77188 -29283
76048 -28017
76501 -29544
78150 89332
75982 -30162
78585 88116
77641 87576
79124 -79785
78496 -40555
-48192 -963
75252 -32364
78912 -40289
-46706 38390
-46584 84583
77207 -35559
79224 -22
-20779 -77975
-21681 -77528
-22071 -77022
45681 -80212
75047 -99633
-51610 12210
-52397 9589
-53255 10984
-79892 -77116
-54508 11923
-54312 -77479
-81320 -78367
-80677 37963
-54332 13978
-57550 21684
-97447 -62663
18074 -80967
80764 17363
80593 6740
-14663 -78415
-15184 -79245
-57497 -13038
-58082 -12035
-59772 -7704
-83663 -79829
46968 -38234
45180 -37948
-14110 -78177
81865 -77910
81756 -80894
-16464 -78855
-16418 -80113
-17540 -77184
-17656 -78124
-17647 -80800
-57392 -13819
-59043 -16455
44158 -37266
-59173 20548
83306 99496
82364 98343
82973 97463
80937 93914
81760 91865
-57447 -97494
-58424 -98974
-58611 -99687
-59010 -97467
-58811 -94456
-59885 -99883
-58471 -27956
-58642 -28419
-59318 -29303
-59280 -26114
-58834 -18144
-59597 18854
82390 16935
81091 16923
83178 12238
82457 11619
81307 11990
81787 9898
82449 5543
14176 17457
82773 88680
13711 15840
12314 -97287
12176 -96888
9284 17674
9216 17464
8432 -98364
-52608 -14043
-54699 -10059
-56911 -10042
81504 -26865
81963 -28179
82054 -28676
83038 -30169
82589 -31659
6894 15304
73631 -23228
74386 -24853
74007 -26162
74344 -26839
82948 -40413
82511 -39987
82980 -40914
81946 -40237
81361 -43626
7423 14333
8389 12111
-55464 -97307
-50037 -32218
-51128 -34828
-49726 -21651
-50142 -22782
-49598 -16627
-51276 -24771
-50713 -19355
-53523 -31759
-51884 -21913
-53031 -26755
-52396 -23145
-53730 -23020
-55353 -28766
-54711 -19724
-54800 -17579
-55696 -18748
-56842 -23856
-55194 -15599
-56411 -19460
75159 -34752
74754 -35877
75071 -36763
-57343 -36726
83786 -43038
-13923 -2657
-58665 -33281
-59108 -33673
-77131 59881
-77832 62078
-64570 -4629
44837 -2494
44165 -3404
43192 -3107
-61560 -43464
-62430 -43356
-66223 -42093
-69654 -45715
-71233 -46099
-71316 -45819
-74131 -44596
-74913 -44686
-75193 -44827
-74340 -42011
-74929 -43388
-74630 -42023
-72699 64132
-76200 62729
-8831 156
-9570 2084
-9041 -861
-12566 13706
-12196 10567
-10402 158
-13093 12848
-10579 -2465
-65331 -4196
-65417 -4430
-68442 -5679
-68224 -3587
-64478 11861
-64927 11070
-65283 11346
-72104 -4648
-71767 -3086
-65938 11921
-66187 11508
47736 -43330
49229 -46459
48495 -46452
46455 -44775
46799 -3216
-64835 15718
-66389 16497
-68290 15545
65321 16073
-97221 16181
-97875 17650
-98191 18167
25841 -87194
62839 17005
63054 16484
61879 17179
64614 14619
66052 13338
-19696 -4995
70784 -87239
-78712 -47192
-82666 -43717
-83234 -44036
-75209 -4958
-75791 -5736
-77091 -2560
-77882 -3290
59203 17805
59762 64441
61676 61305
63765 12866
60279 60406
62749 59411
60775 58625
61894 58124
61346 56418
63267 55289
63025 55345
62381 54976
71863 -42989
72286 -44845
60468 55193
69138 -44039
70126 -2665
68269 -46414
-84027 -44811
-84699 -45744
65597 -44218
64055 -42670
63826 -43025
62601 -42372
64976 -46171
-89627 -45793
-96871 11899
-91579 -43342
60213 -45309
60235 -45734
-91201 -44927
57978 -46242
57472 -45942
54783 -52631
53545 -53774
52175 -53938
-99589 13498
75398 -43005
77224 -46254
52838 -55264
-96772 -42525
-99972 15509
-99114 -38877
-98680 -36062
-98868 -36218
-55224 -5119
63502 -2616
-20709 -5308
-21997 -5520
-22609 -5103
-23233 -2382
-24303 -2649
61639 -2632
-26596 -3744
-80491 -5692
-87301 -4044
-87826 -4431
-88287 -3602
57824 -41998
56368 -42394
55633 -44854
55769 -45528
-92728 -3498
-92460 -2442
52970 -42118
52696 -42896
51189 -45143
53072 -49617
52029 -48451
51415 -47474
-96433 -4662
-97249 -5653
-98494 -5299
-98561 -3142
-34156 -5248
-44922 -4064
-74574 -52421
-35625 -2419
-42092 -86907
3239 -86223
2448 -87100
55920 -2859
-87904 -86454
52078 -48833
-99011 -45477
-99816 -45976
54312 -2531
78383 -842
-78706 14448
76605 -40169
76076 -40474
-20580 2169
-21798 3459
-22861 5093
-26490 9143
-29100 12532
-32071 15692
71279 -35120
72132 -36460
-27803 9235
-31770 14469
71114 -38486
70658 -40332
71111 -41406
-58622 1572
-59528 -1231
-59690 810
-58900 3419
-59491 3351
-27277 7831
-77293 14940
-76771 16293
-29070 9717
-31367 11213
-34915 16168
67157 -36348
68262 -39831
-34200 14724
66325 -38002
67710 -40255
57003 18266
57367 17897
64494 9756
68865 5583
66471 7669
60384 11820
68628 3663
65261 6490
60347 11087
58576 12616
-98040 -41927
-56219 317
67277 6893
69507 3965
71310 512
63069 8230
58803 12136
69061 1613
71331 -1010
68281 -1303
-20860 -521
-22197 -79
-22619 380
68103 -41828
66351 365
-24769 1140
-24747 -194
-24766 -337
-27491 2270
-89411 -36255
65281 -38091
64838 -40124
-26289 -1101
-27901 681
-77879 50
-7345 255
59132 -2010
55449 1975
55469 1872
86103 18115
56343 674
-96185 -39398
58349 -1845
-32894 -1467
-32979 -154
-33380 -1632
-33529 1023
-36323 591
-87589 415
-91710 2251
-88165 -40248
-88489 -39097
-92079 -46294
-91481 -40557
-91617 -36403
-42349 1536
86018 1414
84465 2517
-95494 -44644
-95315 -43117
-94655 -34865
84286 -39367
84231 17359
84547 -33462
-25533 3553
-25747 3889
-28831 5965
-28885 6954
-29613 2870
-30480 2870
-30511 3684
-31450 3040
-89970 -34182
-78462 8206
-78656 7996
-30501 9563
-32033 10176
-33594 12827
64244 6080
-34176 5981
-34043 10772
-35538 11587
58642 11094
59633 9755
59239 9461
56729 9907
57961 8623
59565 6880
59839 5263
55566 8958
56534 5090
91604 -33650
56201 3181
54521 3932
54244 -500
85002 12258
85871 11290
85913 10428
83911 10947
85179 9233
84705 7235
85552 3321
88505 -1967
-93127 1437
-94694 4366
87659 -33684
43941 -950
-5864 4800
-51128 -4118
-93753 47118
-93637 50506
-93732 50531
46215 -41704
-57753 -40530
-58785 -36597
-59947 -37224
-65034 -41194
-64637 -39292
-64654 -34554
65517 -35215
65303 -35955
-62285 -40806
-66356 -40405
-65558 -36906
-65808 -34099
63536 -34465
-67238 -38068
-66842 -36178
61308 -36322
-67615 -38320
-67938 -35162
59967 -37403
60042 -39893
-69260 -38796
-71848 -41653
-71341 -34017
-72383 -32978
58542 -34667
56791 -33212
55291 -37251
-74149 -35595
-75712 -33957
-65471 4051
-66756 2890
-67446 5784
-66913 8721
-67504 7363
-68114 6643
-69553 5429
-70135 11549
-70699 11401
-70289 12826
-70820 11772
-72769 15289
-74655 15104
-74266 16222
-76593 18348
55133 -34635
53877 -33370
54604 -35304
-74040 12411
-75115 14606
-75446 17982
53691 -33119
53501 -35678
51453 -38778
58909 54401
52594 -39591
58135 54341
59287 52216
-73418 -1629
-72711 1321
-72008 3986
-71860 5120
-73807 4375
-73983 6832
-73861 9158
-74717 8214
-74359 11301
-74937 11129
-74854 11519
-74856 12029
-75819 12885
-75949 13275
-76630 14810
-41985 -97010
-43084 -96148
-43709 -91684
72828 -33511
72795 -35951
-18610 -1968
-18640 -85689
98976 -85425
-43893 -85483
97145 -85071
1599 -85584
-22157 -85819
-46330 -84692
73883 -36226
-23134 -84801
47070 -86155
-48429 -87161
-95410 -86828
-94963 -85066
69712 -85040
-24878 -85821
-25312 -84870
45318 -85533
68666 -85488
21494 -91612
-3302 -84980
90006 -86390
20406 -90543
20301 -90540
19511 -92937
-96682 -86196
44066 -86178
20213 -85657
-27733 -86488
66033 -86925
19203 -89205
19214 -90605
-51370 -87347
-28106 -85229
-28391 -86893
-28746 -86983
64239 -84818
63999 -85178
18561 -93068
-6896 -97659
-6968 -98441
-53322 -87347
-30395 -85226
86579 -84794
86221 -86478
86724 -87573
-8146 -87238
-55756 -85369
84849 -86610
-32127 -87058
-56100 -87163
13393 -85445
60126 -84848
12874 -86613
57952 -85544
80249 -85859
-9362 -99246
-10906 -87599
58387 -85132
-11470 -87622
11075 -86552
10606 -85034
56386 -84946
-10654 -97239
-11473 -93226
-12383 -91597
-11951 -96714
-12185 -98461
-58561 -86973
-60205 -85161
95535 13786
96853 11190
-13554 -88793
-12966 -97203
-13638 -97652
-61137 -85226
-61188 -85398
-39387 -86014
7090 -86988
-39811 -86546
-39878 -86550
-40086 -86766
-41240 -86132
-15571 -3948
-63687 -35369
-36988 2739
-36821 9178
-37218 7807
-37617 13454
-38872 12812
-38969 13189
5137 10001
74245 -121
97315 1813
56859 65302
51585 -33086
89684 -97322
86664 -95580
55674 65691
57045 62978
51482 -89780
51197 15899
51268 15310
51388 62417
85121 -95535
52117 67988
52058 12015
54352 61408
54595 9480
-86737 -5318
-86630 -4417
76659 -37
-86634 -43864
84036 -97107
57849 57491
52528 58307
56901 55006
56591 53070
-68583 -84719
-69551 -85221
-70375 -85871
-73026 -96388
-72562 -85864
-75961 -97261
-73447 -86311
-75115 -92782
-74115 -86616
56303 -96484
-63369 -41406
-78710 -99367
-78411 -97863
-78712 -97202
-78248 -91129
-78712 -86229
-59648 -87553
-60407 -87600
30981 -85526
53632 -95259
53606 -95406
54171 -97605
-39311 -97803
55540 51040
55525 49892
-61929 -87054
52385 -95558
52407 -97231
52026 -97332
-63198 -86966
30548 -84912
-62874 -38751
-63890 13908
52136 3828
-45604 -98258
-62373 13032
54255 1852
53618 1561
53005 975
-39389 -1197
-39656 625
54504 53602
-40013 -99
52227 51037
-77073 -94418
51784 -1289
51271 -685
-75979 -85498
52801 99974
52066 97084
52221 96339
52768 93980
52583 21077
51153 -31370
51238 -32260
51529 71388
52219 71120
-18372 36164
-99433 -31937
-97945 -25275
-70864 -32202
-71095 -22108
-74279 -31214
-73815 -29640
-71580 -21820
-71323 -19524
-76096 -32493
-72246 -21186
-71479 -18701
-71512 -18235
-18132 36506
63977 -29438
-77149 -32146
-78488 -31234
-19199 37775
-19443 35765
-21036 37647
-21652 38724
-21862 38155
-22111 35202
-23398 35846
-24582 37617
53347 -31476
-25226 37566
-44415 -13738
-44712 -15422
-44839 -10279
-46136 -17439
-45181 -9982
-45594 -9445
-3613 20916
-4737 20657
-5137 19470
-5367 20164
-7998 21133
-98204 -69488
-99712 -66625
-99799 -65088
-99757 -62845
-99540 -62118
-99850 -62492
51865 99905
52227 99411
-96519 -67266
53450 -5067
53398 -59903
-93440 -29951
-94560 -29379
-97238 -30102
-97535 -30627
68368 -29945
69746 -32214
-67449 -29901
98947 -29392
64625 -32618
97144 -32781
93474 -29447
92315 -30328
91820 -31334
91734 -31357
-78563 -11203
80047 -2930
-38542 21053
60845 -62189
59435 -61586
-41339 19885
-44379 19763
61868 20301
54857 99555
58333 -4008
55321 -4012
54654 97255
53880 96586
62191 96019
59962 95918
58178 95382
60629 94656
56399 94487
61864 93632
62045 92123
59030 91791
57347 -4912
56055 89699
59099 88819
62081 81863
57584 -57616
54750 93926
58734 -60112
56248 85635
58780 81795
60470 79262
57067 -63308
59721 79346
58310 -16665
56820 -64151
56849 -64860
54126 -60435
54349 86974
55328 35329
55961 -15598
56880 82122
59802 77599
59769 -19693
58415 -19742
59932 -22075
58253 -21008
-96711 37950
-98443 38229
-43678 29747
-45044 26794
-45492 26127
55342 -65858
-72618 -28612
-73264 -24298
-75720 -22560
54492 36054
51997 -65268
60305 21320
51298 -66877
51131 91255
51870 89686
51006 -68008
52623 86533
53080 76742
52370 76493
-94958 -28805
-68156 -26354
63105 -31292
44889 81688
46338 79829
53030 77098
-67840 -21570
-68296 -22048
-73592 -28468
-74547 -27700
-75227 -24845
-76809 -28697
-76423 -26033
-76044 -24264
-78009 -28344
-77405 -23876
-77172 -21205
-78390 -23107
-78225 -20382
-68760 -81474
55947 -26867
52013 27412
55551 21336
54616 21720
-5591 23461
-6767 25413
-10260 35927
-10465 36365
-6086 22269
-8185 22104
-10823 30346
-12749 36706
-13070 36291
52480 21225
-9126 23769
-9638 23244
-10520 26136
-13007 32178
51208 26964
50960 26087
51663 23154
-11824 27607
-11027 23700
-13048 29435
-11735 21861
-12736 24258
-72391 22798
-73545 22490
-36695 21776
58363 22484
59248 21583
56668 22148
-13684 26730
-75747 26967
-76936 26838
-77439 27373
-77392 27784
-78260 27412
63912 99959
66596 93138
68075 92070
65133 91695
65255 90041
65143 89845
72650 89238
71812 89065
70399 89036
68315 89152
65357 87287
74147 86302
75492 85774
66428 85967
65741 85823
72310 84972
70128 84855
70736 83052
72949 80705
68900 81082
74812 79606
71262 35696
70291 35628
66105 37328
64092 83192
62822 81951
-78151 29797
66820 79565
-77804 32696
70985 77974
74126 76871
64384 36625
71131 77026
67695 77103
57326 79044
57262 78908
56948 78841
66722 76214
63639 76131
97826 -2802
-82450 35565
-84469 37214
-85405 36570
-86488 37012
-87967 37842
-88041 38437
-90628 37214
-93237 37990
-93976 37450
-94194 37312
-94123 38700
-94489 38782
54483 -15163
56108 -17665
51322 -11526
57199 -20041
53387 -15659
54313 -17512
56570 -20806
55036 -18821
57210 -21995
51433 -15448
54289 -19848
56329 -23337
57005 -24960
54302 -21675
54078 -22173
75814 -4821
46859 38107
53992 -26475
52174 -24767
51684 -24426
44517 37753
45509 35895
-27989 35657
-97652 -26483
-98221 -25280
-98810 -24820
-28278 37648
42226 38607
-29036 36229
-30343 35590
95699 -23489
95451 -28917
-99698 -22759
-35404 -23057
96056 -4641
40940 38624
40656 37488
-36794 -22875
-37880 -19234
-39505 -17644
39838 36491
-39536 -25449
-40095 -22357
-39989 -17860
-39853 -14132
73221 -3846
70443 -3570
70257 -4831
39655 38263
38729 36279
-41388 -25349
-35790 36522
-41000 -15716
73537 -4911
-41954 -24232
-42474 -25911
-43135 -22667
-45230 -27450
-45855 -28945
-45766 -25818
-39363 25459
-39362 25820
-39653 24531
-39834 36783
-41676 26083
-42546 23184
-41965 29467
-40494 38043
-42731 35319
-42886 38266
29178 37902
97364 38296
97533 38186
26238 35493
22721 38556
23070 36792
-18272 -82421
20260 38790
19280 38417
93504 37345
91342 37570
90596 37744
93137 35781
87924 -32372
20860 35708
88980 37825
89712 35964
88115 35851
20681 32382
21499 30927
19056 33638
22464 28971
21710 29858
23186 27622
-45776 31360
-45766 32093
-45962 33616
-48211 36357
19136 30567
14972 35747
18844 29612
-57734 36048
89299 77794
89323 77724
93209 -3137
94114 -4050
94292 -4894
91592 -3595
-50341 35331
89667 76256
89861 99606
-43399 -83589
-92341 -77653
53445 -80090
54075 -81637
-69925 -80367
-70639 -76811
27538 -77013
51941 -77874
51863 -78560
53376 -82124
1788 -77295
1526 -76886
72421 -77491
99511 -81894
51522 -82200
3394 -82273
27330 -82889
-44978 -81835
26933 -81874
-45251 -82570
-45852 -81377
98651 -80853
2506 -82592
-21845 -82710
-93772 -84550
-22151 -81979
25484 -81637
-94813 -84166
-94779 -83361
924 -80868
789 -82999
72147 -82345
-23394 -84268
-95048 -81369
25150 -82441
255 -84234
-72033 -82268
71271 -81165
71499 -82183
22690 -81438
46685 -82403
-72769 -83969
69482 -82709
-1651 -84270
-25906 -84210
-49670 -83993
-97094 -81240
93186 -81045
45491 -83032
-49908 -83822
-97662 -82730
-73883 -81851
45605 -81119
-2907 -81699
44220 -81483
44605 -83111
19931 -82028
-76918 -81032
67294 -83003
67195 -83379
-4307 -84377
-29215 -83613
-5889 -83237
-30679 -83205
-30999 -80993
-31330 -80816
86679 -82804
-56683 -84508
-8763 -80970
-34135 -84030
-57908 -80924
62826 -81943
85674 -81152
-9659 -84452
13947 -84169
-10570 -82762
-82987 -83812
-59700 -81072
-84751 -81450
58813 -80875
83702 -82355
-12295 -84273
-12536 -83445
-13057 -84529
-60738 -83684
10291 -81176
-13661 -83173
56553 -82405
54980 -82875
54459 -83263
84106 -10331
-83959 -83446
-85630 -83713
-86006 -84620
-39269 -82925
32023 -82825
31240 -81561
-41737 -81315
30412 -83616
-22486 -80330
-71521 -80565
25341 -79857
380 -80516
-97020 -79820
-99190 -78288
-26689 -78098
-76233 -78317
-27056 -77219
95573 -77803
95995 -80526
95297 -79675
70855 -80539
-2804 -80604
-3430 -77243
20318 -78031
20276 -77918
93937 -79665
-78607 -77145
93686 -77449
-29737 -77895
-30093 -78148
92134 -77665
92065 -77626
91634 -79338
67112 -79944
-31025 -80203
-9040 -77689
-33428 -80158
38988 -77251
63197 -77391
38946 -79494
38295 -79235
59773 -79685
-37865 -79748
85194 36009
84961 35556
20338 -79916
20217 -79652
92370 -80513
83701 35808
11206 35481
-62425 36051
-62296 37095
-56484 -79019
87633 -79519
9382 36573
-59928 -80014
-64556 37453
-60310 -76794
-60673 -78730
83720 -77506
83739 -78544
7829 37364
-62859 -79780
9432 -77348
58143 -78595
34411 -80447
9307 -80089
-65086 -78984
-60782 -31507
-62532 -31000
90849 -4311
33955 -77660
33805 -77573
9442 -80506
88670 -2504
89050 -3489
-38286 -77633
87780 -2505
86766 -3644
86942 -4933
-87728 -76885
-41055 -78700
80483 -3173
57095 -77235
85261 -3493
83531 -3779
84282 -5104
83833 30650
84949 29387
86483 98420
88114 98418
88675 97859
87956 -28463
83741 -28346
86495 78656
80917 78729
-60734 -29853
-61842 -27432
-62188 -28636
-62910 -29346
-63487 -30520
-65230 -27102
-66442 -27791
91788 78597
91762 96529
91742 96318
90525 96138
95191 95759
95343 95240
91752 24270
92753 92680
98345 90634
94280 90256
95778 88724
99803 85970
22089 23615
21990 23704
95590 -84056
19827 24413
26497 -84390
93460 -83832
92775 -83167
92538 -83197
89502 24024
86689 25111
89389 -13807
88660 -13553
88034 23044
19126 21344
87564 -13709
83986 -83654
86251 -12698
86586 22821
85183 -13790
83473 -12472
84499 23408
84535 -14643
86356 95508
85628 93849
87242 93207
90283 92370
86486 92393
90894 91726
89614 91236
91807 90651
86906 -18134
83932 -15579
87352 -20227
83801 -16800
83490 20104
85150 93638
85912 92528
89230 -22415
84377 -18867
84017 -22183
65829 -83830
33055 -84545
84761 89621
87577 89045
89630 88134
89982 87150
84326 -20949
86613 88902
88752 -23398
87512 86230
88107 86143
88420 85204
90886 84328
88284 -24529
83702 -24505
87048 84482
83987 -26553
85997 83875
98269 82334
95576 81137
84853 81494
86828 81092
-63778 -25342
-64636 -26523
94169 79581
91080 79617
85546 79619
84563 79202
-41570 88019
-52996 79735
-62495 -26603
-65573 -26503
-66800 -24932
94622 79473
