7000 6208
-2310 -30269
-87708 -59712
-86867 -7669
-97523 59829
55134 20159
23749 -10967
-42690 -41692
-93724 -36609
-69655 977
-18388 -67258
-79880 -72933
-82306 54833
50735 -38060
-26817 -83443
-90381 -16135
-51277 -43813
50511 -66369
59920 77498
79251 50671
24985 -179
-66464 -88488
-91220 -65661
73944 25005
-6879 -44050
-72526 22247
52482 92080
-47498 -19920
-76838 37443
57015 57005
-41813 -92341
-93031 18547
5471 -37362
-45890 -25786
76406 -48634
-24177 -83714
-54715 4445
-75189 15054
-60922 -59175
95028 -55840
-63136 -51435
84619 -15294
84714 -4889
82159 27530
68825 88813
17792 -19563
29598 -75764
24555 -23663
50517 -55582
23017 79220
23651 96602
-91842 47870
35856 38200
38505 3104
55787 3838
26431 -74820
13286 -52427
-86499 -27955
37486 1914
27362 -77249
32755 8741
8420 15938
72439 30622
19736 -46504
-64366 -2574
-50917 -69860
35678 -5326
90729 -60340
-12399 -97237
30706 28433
55116 95381
-45494 -28475
34953 75819
-90864 -28553
59570 -6123
27072 -5462
70670 28080
88702 -92809
21379 -23976
-93253 53048
58267 -96047
-53281 -26183
-16842 -63129
78821 4945
18839 -80330
-91192 83460
-95798 -19504
33334 50911
-35523 -19760
20454 52840
30903 87893
4562 -58362
8500 3774
15343 24113
69020 4919
30882 -49126
77447 43833
-39461 -46710
-42413 26033
-98456 78433
73880 84756
94852 -80979
44584 -79629
-73025 39676
25773 59696
78041 -1830
-71145 -14683
-70098 -37479
-47558 -68453
87265 41280
-65654 -82748
-35517 -75223
-50381 31755
-82072 -21220
24204 23647
-99484 -11651
60986 66694
13014 -35190
98430 89531
36934 22221
40480 -97162
36746 43945
-26904 -19262
71514 58206
-48115 -52567
-89938 -10767
-68635 24012
-50104 36140
-75359 -13774
-95332 46273
-41217 9281
62234 33732
59502 -70710
5551 -25264
-7472 -96030
28516 87030
71121 -70953
69704 86107
7400 -23542
41532 -19571
-98106 61235
89267 -26930
88423 69006
-47307 385
-67883 -15845
-3935 -54486
-24921 -894
-82028 -23139
93550 -20292
84305 29784
66830 55920
65899 69073
57054 97762
90278 -24415
-74601 51640
41224 45392
82247 -51721
-22400 -20638
44495 -40135
92359 73361
72122 56252
-67388 -93643
26873 -11727
40983 -55116
99767 -48879
-51246 34857
38288 -72266
-90260 -88972
-91960 78800
-84397 34142
-42455 -59358
-59160 -87947
23535 97919
91026 -49999
-76696 -46545
-70308 -8115
75428 -41174
14096 -11930
21748 -95781
37863 -53616
19961 -4631
-56195 -73000
17049 -53246
-94487 -76037
25072 32606
-79747 -7410
-89634 44940
-39680 10223
56443 37263
5625 -91000
-96875 20325
37341 81646
-53130 -80340
50442 -48180
-2471 -41864
63701 63769
-35196 -2265
67376 52972
-99766 -48784
82779 -63404
-20632 -9704
-80843 -20117
9088 211
62160 -2592
-99081 47642
-65212 -21355
5594 12269
43489 -36872
96771 -35513
36623 44588
88903 67461
-95098 -36699
-41376 -47247
-95414 842
-82254 -80635
-72176 46311
-73402 -73612
7254 -64754
52956 52041
-27055 -11578
85130 -39389
-45418 -38502
-99855 -215
86741 90211
-44596 -64103
-64888 -71662
75758 -64167
82387 -87064
12786 64993
69373 -26556
31834 -17031
57393 -90787
-46958 13934
-97632 63614
-73457 23823
92787 -54792
55431 -53116
-94239 79259
62488 59430
-79388 77537
-90005 83408
63728 4245
60431 24496
67994 61123
80997 -73114
-28397 -60713
83299 65349
-90251 31751
-68340 -69893
-43365 -82277
9482 -25843
-80410 -70612
75546 36462
-73070 52592
19880 -56854
-25779 -91066
32472 -52108
29353 -11796
-67630 -950
55065 39191
25246 50634
13206 -78290
-77543 -61001
47748 22634
51869 64305
-47604 -12248
43197 -43598
34863 -85514
74594 -61498
-47417 -99543
-80414 12201
-38914 12996
45901 -39623
55467 58624
24538 -54447
-60180 17572
-76873 6424
-83618 40965
41378 46578
-80585 -49638
-60374 -36024
46801 46864
90497 -41188
-82004 50701
55621 73779
51971 51419
58631 44707
95135 -37696
871 -68172
82501 22060
73894 -42437
-67161 -38147
40138 75353
67762 17921
-47014 -17764
56007 40716
-30080 -51971
-79515 29460
-95792 -6666
46704 -63655
78483 21258
10338 -54862
71477 92970
89866 -70245
-68572 -25133
-82819 28434
-92765 47972
74884 -67357
-70229 -36495
68183 -47352
87781 88104
-34713 -9045
35375 -31278
86939 -36235
-62640 31856
69617 61961
79293 -22456
76693 -94753
-67279 -77264
-27173 -83449
-31978 -13247
28582 -42263
20077 91996
59314 -18045
-40573 -64076
86848 42361
-9599 -95001
54160 -28974
38478 -97986
41441 90655
-41107 -99296
73871 -4917
82174 29149
-49757 -23712
-82389 67168
78742 43822
53846 -91470
-63217 54070
81624 33450
-22822 -53403
-49853 -74008
-29166 -24973
67346 64957
27899 -29464
69932 -91811
89912 2550
61679 -68758
-31237 -55048
7545 -84559
44204 -66327
61671 -67848
-81666 -58883
88770 66855
64632 35632
-65553 7015
-77308 -65848
-66775 -95954
39945 6352
-77273 -49286
-93566 -43981
50916 -932
20531 90124
41500 1769
67317 26687
-74823 12841
-30214 -72449
85902 -10297
-64847 12502
-92078 6746
52309 -57073
70652 99572
31986 95786
95397 57868
-93934 -68861
33640 12183
19974 64186
37091 -29760
-8048 -72407
53435 -57623
-61961 -87340
42933 -13190
-28514 -50790
-80707 8360
27174 -46915
-43612 -35801
2133 -23759
78218 -76384
-57642 25767
80027 -92994
-67568 44255
11831 -54219
40369 19867
6351 -97687
68576 86246
-72901 -13960
73452 17005
41001 -73495
81601 -50248
18594 -65441
-35992 -68297
-98013 -35661
-37985 -13610
-69902 -83044
-78704 -41335
37051 49877
-88636 65123
75078 -17990
-87869 3749
96425 96251
25975 -43763
347 -87667
-97226 66271
86929 -11988
19855 48442
33757 -70259
48135 24990
30957 14403
55419 -10563
-30198 -57093
-39663 -29626
41743 -86819
19290 -57193
52594 10826
35334 205
-12794 -20391
70791 21939
-71240 -90478
-98070 30257
38292 54360
29211 -96740
2909 -86335
-71587 -66416
81765 88882
28893 -69457
-47065 26066
82253 -60675
-52977 17712
40527 -7495
-37726 -82422
-60443 7153
40362 -14540
-54021 -34804
41704 10837
16431 -44093
73852 72196
20687 -2136
-32579 -26766
-64769 30023
84776 -83348
-1803 -47833
-93551 -20616
-93381 48788
-79430 -9185
-96288 -30881
-26522 417
18224 -18904
86416 13197
35599 -80383
28994 37660
62494 -75690
75674 -38699
61138 -12587
-47377 -66104
68521 -35638
67231 -28499
70134 -53990
-64710 -52485
-58709 24192
92019 -83753
-55179 -49449
2616 -58101
59939 56479
6531 -65517
58047 -98833
85604 -50328
37569 -80128
-76716 -37173
77114 -80926
-36027 -7825
55928 -90835
77748 -4091
26136 53483
64430 -76542
44877 -53228
-44920 -89320
13217 18176
-95855 18093
-1940 -80980
30930 81266
86776 59694
-35011 -56685
93451 -26494
98213 73441
-67660 58067
73563 83427
-54665 -9734
40638 -34351
64866 2910
17502 78463
-47493 -78833
87639 -97705
-85758 24529
-62227 -24752
7918 20421
-21581 -55136
-56618 -66279
49304 47081
-12582 -39255
-32100 -65238
70948 5272
-84160 68923
50121 7256
-654 -59041
22846 92519
58369 47265
-93568 -84483
15741 18439
20403 -71029
19934 -68131
71607 83439
47872 24646
-34169 -96607
46039 83979
78200 -69914
53479 -89091
30335 69307
10607 39964
42878 71120
-59076 -74164
98267 59195
-70935 -45121
-83635 -62931
-53363 13396
-32466 -4924
13617 23057
43688 -99070
-436 -52203
79029 79160
-97538 1397
82335 26996
-2294 -93832
41813 -97128
15345 -65098
91512 20861
46820 -36591
-50571 -51456
-10269 -88038
-37063 -31322
97605 81809
-99497 -82035
-40461 -65239
98643 27147
39286 35376
-20138 -58627
39136 96341
98496 -32686
-97930 -70966
40867 96302
-14273 -49474
18241 -30534
35262 51612
-90730 18
17764 -81884
-36303 -77913
-95572 21063
-22133 -8657
-92164 58705
23257 -27183
57241 48735
-57526 -27068
-23518 -75941
28822 71911
-72402 -49036
99835 -77938
85845 -23387
-38709 -23900
-57676 17848
16107 -52431
71506 -28570
79015 -26334
-37937 -78487
53479 92083
-75326 -22419
41829 -45140
70946 -83496
-91063 -30325
-57208 -48984
-70386 36423
51708 87571
51694 -55551
-65081 -61794
-90885 74029
57499 -74064
-76202 6405
-34248 -26655
72938 10080
-66833 -77594
-97582 -15136
-83622 -82341
26219 84555
-88065 -58577
70953 -69159
-1887 -97377
-31677 -12832
-97516 90757
14785 43961
-89765 -96965
24230 -61691
21018 -7369
93729 33404
61260 -8078
-20892 -16595
3671 -6416
-80186 69589
70431 -51568
-69694 -26045
16838 -86112
13309 -480
15438 -80939
61482 -71607
-95170 74524
-88658 75855
53489 -66778
-69849 57474
27693 -88279
21887 -35962
-50597 -41473
32304 96842
72307 96051
90684 70159
55157 -29514
52822 -77973
50646 51529
34344 -34287
19954 16263
-28666 -13017
9302 -29637
79965 -55406
49804 11499
82935 -84795
-63275 38623
-83495 -74233
-77355 -84827
-61289 13669
98406 -46432
9151 -95523
6727 -20027
72454 -94511
50720 65205
-66582 -96849
6912 -42631
-46225 -67627
36852 -69983
-60808 -47507
-95508 -41118
89357 -51671
-94754 -35725
-74386 -7099
40429 -12999
-25429 -35568
16501 68799
-74493 40963
88595 20661
89711 -24622
29184 -91493
88392 5882
92948 -72327
36960 -20326
-66820 60953
10080 -83339
31645 88111
3833 -72700
-95398 -84395
-43508 1153
58794 76737
58694 -84202
90589 -98311
39584 99284
80390 -46313
15920 -71981
61737 83322
2924 -46453
43499 -45844
-43427 -55624
-5875 -26782
51386 26930
-99550 37729
84903 -48128
40198 80051
-73044 -20839
-36726 -66710
-43923 -15905
-18002 -69385
-51237 -75884
75086 15249
-12444 -32692
28738 64663
88348 84082
-65769 -57468
-61590 -37520
90614 79190
61965 25713
93859 10578
54707 -12634
-57098 -91052
-84037 71200
-55720 -40606
60193 -23997
71835 -36489
-43579 -99851
33738 84995
90052 -10422
-99409 26420
-2790 -81244
-82748 -30655
47235 75122
51331 -18013
13247 46828
85163 97384
80079 56951
11247 47031
66867 -69540
52665 61230
11905 55922
19994 -42585
-15693 -46277
-97549 87855
-17766 -15404
90926 -86868
-87376 11227
-26876 -89006
-68625 -86956
94770 53364
11544 -63931
37433 -14045
31969 96734
91274 93219
76825 -74129
-62134 -93199
78607 65959
84205 7487
-96376 63262
-94762 68423
97727 78509
65940 -89905
-63439 -55839
-57850 -59478
-6701 -81623
-36146 -70241
-35727 -206
11366 41205
20781 -21174
-82660 -88434
-31748 -2332
23283 43236
85601 -45735
-18234 -53767
-19172 -41327
72040 -10375
44121 81753
22786 -9746
37177 -65417
50801 -77431
-95254 95166
38633 79941
91798 -4793
-64606 -51554
32302 92126
65354 27306
-61255 -50168
48280 41221
29666 24477
61429 -78542
-53980 -34202
92352 95147
-30458 -92521
29253 -43572
64396 -83747
-17365 -12902
-89860 67623
-91527 78608
-80867 -58435
-83954 76628
84244 -22698
80130 19601
90327 28227
82669 91523
63723 16168
94606 -20575
-64079 31755
91301 -91823
-73989 71156
49339 49815
99881 41126
-39518 -87319
49378 -78473
22252 87431
65233 91400
16085 -88979
49795 -23366
-36339 -24512
-87046 -72466
21469 -98555
-55381 19239
-32716 -64907
-50373 -49393
25497 -44997
51510 -10715
-72408 35038
-89307 -9268
-88523 -55750
31722 60224
-91605 8940
69815 -70129
91357 99804
-66773 -15457
-57230 -81643
74507 -47894
88252 -6161
-36929 -21451
39579 -83428
-39332 13580
52928 -86651
97172 22559
-52974 -54957
7409 -39440
86058 -87457
65920 -73573
33326 -28381
74659 -88440
67707 8478
18984 -11983
80787 25886
-74739 -26515
97252 93820
20653 12572
73492 -92727
61944 -44334
-17291 -43651
-61892 22234
80789 86767
98468 -75946
17626 -27464
52509 61298
20620 -52155
-76030 71982
86683 -81999
1655 -49499
23012 3375
46816 -41063
-76762 40178
-53684 15481
-79005 -18730
-32087 -12062
51866 51098
52770 -81710
74128 27892
5116 13839
-97832 13729
-89468 14492
36933 87932
29274 -12604
34741 992
-24742 -20833
-2742 -43593
89719 50202
-96336 19464
-65287 27315
36532 83893
3973 -35987
45339 36102
-32541 -36786
86441 66674
-18637 -14153
-46622 -24602
11888 -75940
-41645 -33168
16090 10208
-87037 50413
95811 57686
-47362 -52423
21435 30995
59378 -24428
57985 -54130
-38287 -63544
63459 12022
-58039 -43795
-89705 -39012
-93234 43729
-88569 -43868
52569 23662
-86833 86529
61149 -72296
87557 -94476
-29680 -69311
19389 -63563
-84318 14404
57732 -87680
56763 -83440
88144 78209
65817 -8840
32080 14038
-68663 -77135
-62372 47031
18344 -84936
-11890 -47335
49085 -59581
-86973 -6624
-63129 -53829
82360 -26233
-91617 78356
49405 -46274
-52642 -40588
11262 -25040
55172 -50509
-57299 -38678
4411 -27501
-18305 -58110
45079 6421
-36537 8519
-54393 -41717
-55079 -57885
-6361 -32090
72728 -64420
25678 -28198
25524 76510
21990 -66995
-63455 -51036
39484 -99078
98133 71515
-68997 -81487
-99002 38051
22266 15200
15005 -47347
10153 -60997
23455 -1651
63498 -99528
72690 50492
-80910 -89595
-33664 -20741
-84231 -63138
98545 66111
60667 57284
-45603 -38038
93202 -5196
-97056 -9825
-93014 -4656
-94844 7136
-24500 -25044
17213 45991
98302 -76542
-544 -74935
-93546 -49790
63099 -56983
24602 37952
-57904 7021
-87314 57031
78003 -70249
83266 58379
53659 81340
34596 -57527
64400 34872
95080 -65194
-91384 41126
-33316 745
-80162 34265
56659 -16174
-87363 78494
916 -60699
79256 -84624
-15427 -23891
-84683 46421
45141 72025
74151 -80101
1767 -60139
-96532 -54472
94875 -18114
-38179 -34357
76907 21238
-99621 81103
81611 25714
89819 -21614
-43632 23531
-94283 -82003
-37924 -16221
-35676 -56221
-75340 -80591
61970 -80991
54549 85809
-1447 -58788
88268 -29628
93734 -12969
-30296 -11255
51383 -55888
-87511 -74426
-88023 58348
89957 95688
-99745 -91594
99180 41257
92930 3198
85125 24361
57636 -39909
32484 -66520
26018 -85100
-461 -74636
64628 -12655
91783 93068
21552 69695
28853 36644
-80556 76785
-40421 -13161
-66653 -33586
82805 72685
80667 2960
85938 37800
47883 20763
19739 28567
61295 91865
-91794 71384
-66356 55053
42022 48832
41836 -73885
76945 40745
-72614 -99350
72880 12268
-28019 -80305
73247 63768
-82699 -50235
2778 -2430
65832 -77929
-63045 -74903
85521 -80276
56703 -25669
81069 -87128
-92067 55381
-88084 -81661
56094 64380
-76006 -56327
-76640 48364
-69087 -53259
66956 29971
53520 35334
-96162 -51016
23022 36163
-38508 14950
32875 75864
-90887 -66486
61942 -80058
81413 -91862
78420 24009
58318 -44683
-18701 -77281
74860 3406
83874 -26581
69040 98912
-43114 -543
-48968 -66484
49097 20137
7232 -63530
-66404 -9677
29986 -24524
-24929 -40986
7104 19250
34459 90830
-53131 -38322
37666 -2400
-70885 -61079
70672 66575
26153 -80564
85672 -98144
-91367 -74239
12528 -80696
23172 95601
67699 17646
95013 -52846
-89306 -29479
59997 -1457
82757 -63904
-28898 -30148
93234 -36326
-20989 -33448
41770 -61196
-17790 -36588
29573 20368
88833 94572
-80324 -79051
-44295 13514
81231 33507
17156 -74789
2176 -45329
66801 76026
18519 -44912
-78283 -9415
61621 -97527
45094 55971
69029 -77892
74630 -73526
84555 -8717
24159 -95592
-37391 -75774
69325 72737
14508 -61676
79629 -11621
75445 35162
12410 -2925
61431 -55246
-86436 -6284
-30397 -3018
-97201 -85129
24699 -70348
-55437 4455
-68725 15183
-55437 -8691
-47953 -64795
87358 81453
48899 -91990
90045 -65916
-51017 -7451
-56363 -85976
77817 2745
53708 -35051
-84 -84260
93091 -65778
-49546 -40976
88570 -36006
61968 6080
54530 2935
81194 -5685
40272 12429
18358 39555
-37705 -84853
98692 48864
5833 -54910
38083 2580
-29889 -6508
-34233 -49779
-27787 -4911
-26049 -8558
-96566 30473
-46193 -5856
93853 -31571
-33146 -65722
64206 87047
-81194 39100
-44993 -43658
45176 5723
67447 56127
-86583 -31768
85776 29253
84014 37850
97958 -34948
-47986 -19978
-47128 -93204
32158 35235
75062 86982
-61737 -52217
-48591 -91457
67303 -70382
-63174 22941
-33327 -74493
74176 -75933
71474 48768
5364 -28286
81487 54878
98764 87804
-70168 -90160
5921 -19752
-93866 75042
19263 41129
24209 -71116
8650 -48124
-94360 96142
10617 -82732
43491 -85936
-90873 -18960
88830 -53920
-78157 -95998
9239 23861
92332 -42194
31761 -76771
-79853 45402
-94169 -68977
32804 63713
-97365 80410
-71209 32022
-60579 -2358
-99828 42605
-94199 10534
90867 -58895
21192 70944
-59360 44813
66005 98399
-85976 22525
27133 55314
-56490 -31258
6305 -62883
86017 -77606
-89465 -73022
11868 -93760
-7126 -40861
98541 -54815
99736 72527
84035 -16032
-14809 -53006
34924 -31663
-88366 88430
21160 -97767
20007 -72737
45244 -27616
85303 61367
16429 -22604
96012 27976
-19912 -61760
98643 -64820
-15026 -65366
95541 55282
-1379 -67648
-70739 61490
16448 -91565
-65710 -75666
34749 -30638
61663 46486
97544 79446
97286 66072
-55452 31753
95559 12488
-79728 -86875
-79729 27526
-56153 -51192
-41789 -6923
-50691 -50138
-97037 76129
9974 -11595
90852 -8840
-48924 27452
-95154 -81073
98183 -62942
81141 72486
63776 25991
89125 -82544
67539 30181
-54572 37452
-95413 80838
20269 -44192
7949 -30947
-92374 6526
-45124 -43351
-40004 13770
-53476 34227
-25180 -61747
82331 34508
42141 86400
54917 79297
-96513 -95136
79639 -15927
45137 46437
66410 -30407
-55336 -55370
-26085 -51513
97088 -18765
-90122 -11623
-58169 -82729
66131 50359
-82713 16847
-75001 103
47066 14798
81050 -37683
26851 -40342
50877 93188
-83178 48509
-56424 17749
-96032 77177
-35381 14677
95357 -47920
95698 -12682
13473 68621
28811 -15218
-73278 -588
21993 94046
73233 -5782
85871 98761
-17062 -28388
-94783 -40279
-66558 21326
-4278 -50934
-88148 -13768
91913 -81190
-71318 -49533
20537 363
42988 -19180
53365 -58261
-52082 25410
-97735 -94706
98273 -74660
19515 47134
-70726 -88179
22395 30718
-64387 -84915
69966 67853
59554 -84364
37094 7109
-61913 -22328
17145 -68275
-51596 37885
2888 -41168
-87483 -99392
-19136 -43519
-37499 -39403
62125 39552
93515 9156
-39222 -22702
-80313 -4514
79860 10866
-92948 -3230
35510 74062
74434 82997
-80251 -82741
94584 52427
52824 -85357
-69095 -26485
-90519 -7890
95372 33862
-77785 -62494
60640 11083
91189 21830
-92245 29246
11707 -13932
64529 40324
-91824 -75156
31620 -30854
30047 -55729
36598 65404
-67878 50959
44420 -87616
-13936 -17253
47049 -3234
27311 -13998
49094 80930
71772 -32282
49222 15683
5641 -68608
94419 92319
-41506 -48467
-79264 75664
93914 -63738
-96437 19784
-59703 393
-51051 -87483
41307 52889
19497 -5103
-27143 -39800
64983 38321
41853 10897
52211 1759
76976 46288
39155 -66384
52452 8794
40033 -17477
45223 41774
28604 -45370
-82761 64200
-22357 -66608
-92933 36805
12387 -3009
47033 -68366
29856 85347
-94939 -60955
64877 52530
88750 13310
-52421 26717
-99750 17016
-45027 -41318
36049 -59836
-88475 33816
18758 73355
43076 86566
89582 -29309
-37521 -84623
15174 64002
21261 90812
53012 -23865
-11950 -46419
41677 -18756
84959 -62102
-22954 -28205
-28511 -36650
72513 89044
-87337 37148
77392 -10199
-86362 70836
53410 14607
-89229 51666
23067 -12394
5876 -21161
95000 37858
-39301 -66616
51762 -87727
3807 -73819
89999 -37162
-69619 -20134
66609 -24896
-44137 1793
22948 -97099
-14814 -69315
72369 -84652
72550 68718
70208 -58168
-92822 38221
-90175 57624
91763 -81129
9735 -40417
-35869 -98452
35184 -15339
75970 -38455
70494 -52191
77474 -16306
16317 49924
72623 -16268
44453 -36470
56111 79436
56905 -60251
34838 81207
79094 -33461
99004 88635
-55536 -10477
80155 -78326
-50878 -97714
-36911 2093
62098 -31465
95645 -83981
-75255 7342
-99138 -61204
-31344 -335
48262 -43890
82014 77130
75124 67496
94886 73246
44627 32811
39317 97839
20564 -31008
32871 85489
-28931 -90621
-32338 -35743
67373 15895
88628 -21792
-80456 -10916
47594 15444
-95635 69702
-46295 227
83646 -88866
60446 -77508
32706 68572
66297 57123
-76233 -53722
-39407 -16518
-47612 -74311
4741 -333
-57265 -76861
2192 -34374
-77629 -29040
38905 -22520
-41670 -13177
-17299 -26659
12550 59530
-99833 18274
-37287 -95327
-17442 -78191
90245 -98074
73562 -81613
-59245 -88205
92307 46326
-67596 -20437
-34500 10003
-67195 48282
92927 -3808
-74346 -20291
-24054 -65199
-89247 -51177
1961 -99191
-35917 15226
88946 15028
-69496 44381
67242 27136
44437 12271
-85607 -86966
27831 -10609
-83258 -14358
54099 34724
-19038 -49712
63298 -46978
66231 13641
-85301 -87896
46338 -43546
-61527 22964
41065 -25709
-19656 -21204
45617 -75437
-84595 -70039
-89490 80460
-35803 -84176
72552 -96607
-77002 20929
63495 81297
-52407 24871
-84867 43004
39468 -52333
1349 -10223
32957 92154
89546 -90102
-88030 -3189
49623 -71716
14252 17955
37188 -12994
-42773 6187
27904 33608
-92171 -29866
-36220 -18080
-84725 -82297
84642 -42250
83693 -35175
-64044 -16120
72143 10014
64023 57905
53070 32760
-96474 39847
59842 -39600
9259 -12226
28564 -41258
43309 43166
97033 -75534
48086 54809
99276 36833
-68199 -54245
44556 22319
-57490 -70421
-4212 -53112
83239 -89241
-44390 -11023
7052 4356
61639 -80402
85055 96596
89877 96890
-96287 -25087
-82570 -75550
70771 -45036
-84726 -65039
-49336 -98239
-65545 54915
4288 -58160
-25423 -56507
84411 -40733
-39270 -17766
57162 53271
25764 -64438
29185 13756
-39909 -82758
-61510 14603
6600 -4969
-55971 7382
27447 75793
62090 -63215
44472 -4030
20150 -91219
78769 12668
-96469 20629
-92819 54221
-84335 -7094
84228 84140
-77507 48884
86543 -11287
-76411 47017
99515 18010
81864 -58529
-88985 5393
45327 59200
-88507 -71533
85602 86946
55916 39403
70853 -27283
-32127 -24442
16014 -69371
50163 -39125
-89130 -32856
98124 3297
76699 1311
39458 -19053
51493 -76618
-74547 -46265
-7694 -95693
22705 45839
27915 -6938
-62342 -61133
37784 76554
35801 -14860
75261 -57968
45564 32962
81536 56411
89141 -47280
-30755 -99002
-90337 -53082
-48035 -77101
-70539 1223
50702 -40720
28545 -97267
79948 81276
33968 1847
98825 -77596
27284 -33998
67242 -24182
31219 19802
-35838 -32946
99210 48413
33298 -72380
57303 85149
-60806 -91373
-73262 -52053
39719 30784
92628 -60499
-85492 -56364
-77964 -37422
50397 -28026
32348 -82308
87112 -23642
-81931 -22631
-83989 -63442
71953 55221
-47567 -96762
-8393 -69978
81875 -37160
49600 -62564
97836 12937
58802 80041
36491 10885
23567 -49399
49962 -97121
28722 47860
-14848 -62450
11762 -52590
72832 44485
38001 83443
-46312 -34900
-30717 -56255
-97566 15279
-60040 -7090
-93553 52964
45677 -21489
41903 -88062
13154 65081
29298 70277
44392 -4605
-34650 -98601
7813 -17089
31744 -13563
-83884 -36546
66846 18540
-61936 -23285
-63795 -16594
72726 5737
9533 -55718
61617 34124
-41281 -77184
-86330 -22914
-72947 -71165
40866 12127
-38481 -13357
26162 -62525
-57990 4101
-29427 -39387
69489 -87929
82213 79677
89127 -90183
15998 -27798
-86868 69364
-59155 -75769
-80721 -68651
-78335 29576
-65609 -63550
2915 -56651
23326 86257
35644 -12118
68724 51530
23986 79934
-64417 -33868
-96477 61538
92056 -74356
81512 -8272
1950 -94822
7801 -48422
46356 82617
5291 -97755
-75921 51105
-8637 -28446
79482 53721
99711 -16445
-12832 -43490
62981 -17931
81887 -87380
-42416 -11573
87836 54689
30904 86365
56832 -66088
95167 21924
55305 90604
88003 -10497
-73508 52833
-21232 -30032
-20872 -6764
95523 64623
84360 20605
58041 -80261
-59728 -63630
15248 60415
-78841 -69382
-77659 -41838
-62145 11292
-94792 48255
43918 99045
72497 -38709
98292 -56872
-52402 20304
91595 84705
96502 40541
89745 50172
30950 -9961
-29503 -11823
-96069 -10992
26239 -11145
-96638 -76126
-71768 -26078
15236 -60491
76973 99371
-27736 -3482
52959 57974
79014 86478
55532 -85967
-4620 -63277
14536 41295
-44043 20358
-35118 -64160
-73052 -36115
96514 -81940
25336 -72256
-81198 -27918
72212 -43018
-68581 20586
50118 -95872
41241 85765
35190 6980
63196 -48293
844 -82529
-93040 78356
-54062 -29096
-94027 94324
43770 -49408
14925 -25990
64960 62135
-84400 54967
75265 5158
18782 57431
37218 -80
65864 -17907
55992 -53075
-2689 -79735
97901 62972
67954 -91792
18713 -1044
83018 -65223
90712 82654
-15778 -38949
-94746 15619
66954 28914
43963 -8716
63728 -43191
-93677 9681
-38375 -72869
-80466 -60537
2267 -30543
-9209 -90204
-87204 86106
17782 -34336
-55587 23019
24124 -55723
75904 -32111
-96926 -53969
33255 73560
-48015 -49908
91931 -3024
80397 83852
82111 -40464
-88414 46274
16360 72470
30303 73140
34801 -74541
93342 -14388
-45083 10065
25348 -43191
-63445 -94478
-79784 -38362
-78341 28803
93878 -97176
62874 60322
86407 -41149
42301 -86494
27536 13805
-49661 -74777
91002 47872
-89544 -59060
25560 -28586
55405 -46867
-50957 -458
46293 97775
61408 5164
62126 -28206
45267 92564
84676 39582
13140 -26321
36306 -2401
70224 78871
-40922 14228
-96504 -46304
63125 -67848
-43625 -47905
4021 -96036
59292 -44695
-47083 4778
26181 -59145
90396 -58387
96799 7681
15008 -41929
38664 -77907
88476 -32224
40518 -66169
30529 -9263
-39929 -50755
87818 49842
-15998 -72821
35151 22014
-80409 -50529
90034 35667
85687 26199
-6899 -65814
78081 17287
77747 35218
49366 28852
71487 97983
-96637 -51510
96297 -60156
-40453 -93132
62787 -54329
92203 -61911
10447 -35805
2334 -10033
-64598 -2658
-99989 89721
71649 5542
-32481 -2056
37208 90986
91177 -24375
-29238 -1621
-88932 -91566
34182 82308
39015 55092
28476 11134
-98112 53546
83866 3525
98075 -53585
-13746 -32970
49538 99866
-81543 -37421
-89818 27813
-1715 -37207
88592 40317
51468 58696
84068 32596
-91105 37606
35323 -98389
63951 10823
-84583 74184
78543 13600
-49665 1848
-55462 -34678
4788 -61470
89169 -26934
-13016 -32117
47936 20441
48359 -37319
99590 -96418
-50407 -84335
95115 66690
-9902 -95243
87896 -97909
22842 68120
17401 -50422
23283 95819
78599 66315
-28671 -57686
-81748 -98561
-66744 -36138
-72361 61548
-70677 -34256
97655 58307
14517 -77245
26796 -96032
63888 -31039
78165 -60998
54822 54189
13113 -18681
61542 -77970
-71087 37510
59706 -80966
-96432 25841
-78431 -16667
-43903 -99430
13047 46159
58109 43118
33140 79264
42621 -49360
-47317 -67970
-84826 55736
18639 67149
-42890 -36266
68639 -64451
-75381 -55987
43708 -46203
-92850 -14731
-27984 -59797
37199 90966
55290 -12916
23020 15884
8775 -3439
5335 -61295
47430 -72947
45486 -4041
23152 2700
-56330 36159
82920 4906
-42682 -37734
-81545 25251
68670 -70305
40588 5441
-52954 -42337
-5153 -86169
-37799 9650
36513 48199
-60892 -93840
-99490 -50552
-93075 -19124
-99634 10665
22576 -34624
9372 -64834
65904 -20348
11290 -46801
71800 20349
52323 22712
21662 -55937
89746 86529
69793 -31904
14216 68121
11462 -61565
-51704 -41467
51377 -63944
82323 -65893
42320 55487
24387 12032
31197 -25856
96373 42089
13050 -18926
-87009 21888
8336 -378
-37511 -79459
47532 -83241
18458 21464
-55147 -94784
46560 32840
-57299 -82536
-88470 5575
53812 21938
86192 -34095
50569 26637
-52162 -20067
17655 82474
84692 -99875
80774 96960
-78453 19827
81345 23824
-95499 -94985
65458 -41163
87620 -67961
51440 -74250
82759 -12985
43286 33224
-89521 -62607
-43236 -44425
80954 18845
-52786 -41000
-75455 2649
-95031 -11374
29725 73395
-69268 -68988
-89638 -74578
1724 -33266
-65124 -23869
46357 -84
85013 -95013
37841 28612
57981 14483
24449 2032
81723 53749
97935 90018
-42346 -81819
76133 -18835
42809 -31653
17600 -89363
42257 11495
-63868 3416
-81708 -32983
52050 -48686
71953 26254
54899 -32415
-53809 -80501
-69586 -36596
63891 -60779
14631 50679
-73537 -99252
23985 -50908
-98451 -59250
27722 66307
44813 77269
75642 59572
45258 28858
-82652 44003
28242 -11741
76919 -59852
-97039 75233
55986 8109
60627 -49695
-39775 -67511
68285 66936
-94602 -55462
-63989 14781
32428 77614
-45338 -49355
-85455 37266
-26783 -34725
-63528 -83016
61454 2217
9775 -75087
53264 96518
36624 -36431
49857 -46575
27290 53758
-29267 -29161
62440 -70305
68019 -52004
-77616 -15438
-38410 -85141
-91927 60150
41005 33738
-85171 -84930
14717 -79828
39225 -96659
-55944 14848
19727 77978
40616 58218
18255 92029
78115 -96948
-76081 -1803
87914 -71698
25343 68833
28308 18834
-53588 -96239
49079 -96864
-33427 -39599
-77081 11439
-96065 39811
19292 -95569
-90482 83656
-90668 64821
-64231 23397
44595 53290
-98877 -8656
18001 -18404
-71455 17518
13882 42905
96560 70558
15120 -1812
2820 966
76839 -3404
95231 -13960
16037 59522
64923 -94868
-45388 -98642
-33371 -48387
9032 -65533
33959 63714
28125 65143
46227 -17332
-94694 -84689
-29068 -68370
-81374 78449
44770 24672
-62985 -85287
-74973 -62654
-78319 -13272
11859 58931
67449 -25026
97886 99452
-23432 -57158
92066 28689
-2501 -84897
16449 14934
43531 80534
-90386 -26640
17901 -40586
-99152 1925
-46351 -77272
43583 -65740
20294 -34389
18279 34659
98711 30878
30836 41213
97926 92937
65748 72091
91988 40179
-84649 -25347
-27404 -56081
-62829 2128
-10709 -96097
-65787 -88519
56931 -3406
57273 -28031
53508 -11590
83392 23976
-70098 -85152
-92544 29238
18152 -69614
-89018 34561
-71534 -33218
-11785 -58289
73690 -15514
-50704 15462
98982 33404
-80703 27339
60821 63931
82432 79268
8697 -97634
24393 -8735
39674 -67388
75433 89681
-99999 75301
-58238 -24248
-65587 -86507
71690 56367
59787 41210
-64998 10783
87490 79158
-43004 -40152
-25857 -38576
86191 77702
51392 -75993
-61230 -2474
5444 -42533
86985 24948
-46117 -8533
80418 -4670
-92345 -91510
76688 84291
-39588 1435
97371 82357
29380 77998
-84851 13083
-89062 42095
-61779 -81827
27285 2781
32050 -75583
-29922 -85353
86395 -1143
-97538 6059
-40776 -22048
-20330 -41286
-75203 -26625
4733 -13001
98270 94644
25058 64721
45288 20589
80200 77730
-28196 -44198
-27039 -23413
75122 -45442
90953 81476
2012 -37581
90939 63608
-25638 -69213
-17925 -80130
-52896 -4636
-35934 -79854
32884 -1118
78386 -7619
21209 -21192
-30011 -80704
17084 -10624
-25417 -57617
25452 -73751
12855 10789
-97754 68392
50537 -14547
12229 61615
15413 -91463
32064 -48319
67636 -36234
88344 2344
-88782 -15355
-31074 -35532
21609 -88766
46963 -83632
97495 10608
64507 12252
30246 10857
-39543 -752
32301 44846
23830 -21088
16026 -70072
88997 -85096
48598 -3201
55924 89924
97137 9406
-66705 24949
55003 -59333
-80588 -40096
-27516 -98216
-41635 -45052
87460 13435
-66119 -48755
63812 -10086
91248 -81057
83894 1493
-63293 -31923
73265 64517
66721 -88206
-21251 -71676
40446 -90497
-98081 -16349
18864 56642
-95242 -43191
45298 17063
80150 34123
-37566 16573
-76314 37251
-69999 36341
-82192 50350
-95624 -84486
-84543 -9870
-62321 -57485
-74155 -62271
-81030 -44580
-97137 3722
58846 39270
72090 85189
-13325 -38275
9405 2041
-35022 -74439
-66458 -81108
45689 56549
84341 88989
96281 -54303
-83983 -88583
62169 -81050
-95532 -49901
-59830 -36904
-64660 -19188
-49151 -12417
-94899 59353
24786 45264
28654 69767
64096 -91860
-26167 -58407
-55248 -39603
12885 63471
93363 -90720
68445 -16671
-78308 -34798
44003 -60808
-46990 -22651
630 -58421
-28226 -67952
57162 -73636
76126 -19953
36680 26086
-19848 -6288
7148 -93203
-82593 -47619
-72828 21940
13931 58842
304 -23275
-65839 32167
53077 53460
49467 94105
-94656 -13080
-81139 -93731
-48529 9174
-88500 31189
3324 2769
34102 -33374
47864 93840
67356 14553
-67416 28234
83555 5239
17610 -29261
98311 -32876
73335 -69449
36685 10599
-50548 -13344
15504 74500
-68963 -96352
56747 32581
-83500 -29411
-87500 -21054
-86588 -97957
67456 -87082
94938 14375
-17817 -30964
55576 23077
85426 -97196
73400 61885
-18516 -45113
5423 -89604
-33749 -90317
-26550 -62445
30271 98453
-38631 19896
-98191 75260
71685 -73810
91731 4141
24757 83343
-63573 31553
-74925 31745
-61823 -99538
-68741 -41654
43011 -20782
-92385 32646
-58306 -15891
60289 54126
-91153 13074
15048 -72394
71282 92520
84097 -21811
95867 15672
-62452 -75634
-26848 -55035
-48892 -69564
-61242 -62741
4517 2248
80666 -8163
-4905 -96196
15975 36204
-96089 97870
-46028 -39243
-66954 -9229
-19522 -56809
-87284 60956
56459 -28836
43901 57247
91627 37504
50931 66121
90100 -30839
-77192 -18844
41092 -55692
69943 -12449
-24275 -38897
45092 79578
-27535 -98634
-20311 -20064
-91663 -17116
54332 35395
-63362 45074
89938 39899
29433 70949
28067 -91548
7194 -58615
-20861 -59189
78579 -45903
43585 -80082
-69530 33831
58093 6735
-42486 -25691
-78559 -26608
-91082 -52891
-55021 -53677
38721 -94803
-48915 -48119
13566 -84103
-13091 -49047
39110 22118
23096 13688
23855 32159
-38995 -69165
34257 40693
82260 -44735
50317 -69303
-86011 37501
-26830 -70555
55110 -58650
59763 45440
59087 -96622
57952 95248
62363 45744
-69179 -87808
96074 60998
-39201 -32340
36398 -15766
10770 36816
77992 -86920
-65498 34183
-70575 59833
-96046 -45442
-73068 41867
-42767 -43273
52632 -15020
41583 85719
37531 99441
42740 39342
31569 45855
19754 -61882
-73604 -63027
96570 -60411
70199 44794
-49290 18865
-386 -72514
-34773 -65022
42728 -93354
-74996 1555
97321 2991
62516 -89482
8769 -26150
67170 71934
-12439 -39832
82008 -64780
99670 -31323
-50158 -37933
22563 -96881
81891 15941
25076 -26608
2200 -95133
54508 15146
59328 -47901
-84465 2222
21587 55908
96981 -46876
67360 -86970
-53194 -40380
-90767 8959
92636 69690
-92476 91502
57804 -21156
2585 -13427
-62170 -52791
39364 -77449
86505 -3288
89450 96069
-86465 80256
10098 -45604
-75667 21310
29530 81726
74896 54643
-20844 -52568
-40746 -71408
-63495 -70898
36731 -6547
25998 16269
-60677 -17183
-65336 -49606
-80704 -28997
-51739 30532
79179 -8176
-97833 98914
-98068 -14814
50074 -74592
25352 89365
44905 -73271
-44801 -96208
61804 69292
-25693 -73249
-89210 -5677
-92340 31827
-51079 8941
83433 51831
93691 72686
34350 -81413
71832 -77954
62304 55748
-76900 -83667
-60735 -63889
-62104 15654
-90260 -84467
-98962 60090
-70069 40345
-2338 -30323
58547 34830
-65222 -61029
37323 14659
-65678 -45791
-88219 22470
82514 -17408
-61851 -38807
-6370 -79280
20798 45630
99466 -59384
36721 93689
-79778 9203
97076 72840
-92623 -57588
-28652 -67732
-81221 -95468
-53979 23056
-23369 -4889
-34816 -61201
-24995 -23829
-37624 -338
-68790 18872
83570 77608
-16934 -45955
30241 52310
-22032 -53382
25372 86317
80210 -83207
83296 -35412
3640 -15036
-79089 -73769
-97397 -82434
-19732 -74843
50659 70363
34345 47819
53466 49053
-12747 -43698
62173 52317
-43738 -3124
99251 27884
-63404 54274
7425 -8103
75368 87728
-59217 -86161
-98640 83835
10181 18535
99483 -15169
31337 -63232
71131 84141
89767 59545
9162 -49569
43250 77035
10470 -67470
15807 65486
62714 77226
73746 71211
29107 -83374
25921 99226
61966 7
-78910 -35776
30368 -27439
-19158 -37215
20893 -3012
-75532 -47861
-10893 -55853
42756 -46590
81695 64254
23646 89550
-60795 -95490
-74763 -73591
63735 -76825
-36587 11507
73259 -23196
91087 -87761
40869 -58235
48952 41788
-6781 -91896
93920 90434
-85056 51694
-65435 -95783
64221 79828
8402 -84529
-25652 -73649
81237 -70038
-58844 -38656
-68736 -44764
-44480 -58386
-81864 38884
5943 -5801
73813 -73189
-83563 38298
74113 -26064
-94873 -16382
62513 49031
58194 -61718
10479 18330
-92746 38708
-65204 15576
-10112 -24260
-53331 -91197
-5236 -29899
22397 75515
38606 -3337
-3016 -42154
92262 44774
24181 71360
24539 1739
39436 83082
958 -48347
-81679 64839
-46057 -94298
-40644 15707
85116 -57647
-41900 -51321
51863 -49176
9555 -9436
-92628 -96570
63026 -25471
-42749 -28780
-84144 -70852
87407 2408
-40872 -89945
51140 -16232
49648 52156
-78434 -10521
18078 57340
-51884 -27138
-60497 -15129
83840 54234
-80645 -66463
69939 -33639
47100 -91871
-58326 -58540
96973 -18058
41680 59474
-29324 -416
83191 32172
96488 81556
-96398 97057
94135 -50101
23549 7977
30817 87948
37328 -40724
-84532 55439
43863 -78039
-54314 18229
9082 -6848
-73239 5232
-43363 -18548
-92544 -80427
64205 73458
49232 40465
-68936 -81914
98378 10659
70921 -72816
-68188 20028
-41804 -90539
47589 -88600
3789 5781
-40227 -99233
-43978 -52903
43924 41857
-18001 -80029
26891 69595
39454 -27151
29656 -5205
78281 35840
-70095 -6296
67395 71760
-75852 -45243
-54511 4987
74704 88854
52567 -70780
34296 -81895
-91924 -64084
96193 37390
70820 74247
99047 -78853
50091 56335
-1853 -76121
-68398 -6146
80807 44589
67100 -51458
-22272 -10061
9256 34349
-55074 -64364
-62852 34366
27313 87094
29544 76213
-98586 -41107
-98262 -53255
46996 80154
89863 -8858
-59643 49774
41414 -96558
-67998 -25380
90270 40435
-64006 -21132
3615 -79627
68756 -92156
94541 -65765
74390 -87036
80246 80566
-22805 -46033
41792 -93278
-57963 10788
40496 1666
27492 -82655
51054 14035
6449 -54739
80785 82620
93704 18413
54279 -69955
-48233 -12397
57184 15465
66291 -62078
95295 -33006
27334 40208
-57178 -6001
56797 -48894
78528 -24243
-7397 -35062
-87600 56067
96863 72273
-81375 -17076
71161 -8989
24219 -22336
23688 -70792
83018 -46141
48141 -3314
-15604 -21998
-80275 -10048
-50050 18746
8999 -88997
-69255 -56120
-67458 37044
20544 -25428
-52299 -98723
-6982 -38291
85578 -86315
52034 -51732
-90833 -85271
83312 -43749
30177 -83630
97011 -84327
-77185 -70650
-77075 17875
36001 97697
-56453 -45416
79817 96581
22802 33955
-23129 -39764
39507 -90754
-64531 51119
98598 57246
-38957 7123
93850 81435
59876 -26464
80942 30756
17969 -11854
-85813 -19115
57105 -75315
40692 19576
29522 40817
16481 87725
-55829 4391
-83106 -10316
24002 -10998
-41120 -32256
-42815 -74788
93798 32571
-74961 -53278
49379 37162
61155 63048
-89889 -78527
82241 29598
4593 11192
99841 -34361
54466 -70138
37424 19340
-43560 28043
-9476 -95857
15091 -48884
-60633 3901
56538 33098
74365 -23495
-53758 -67429
1207 -28137
89719 -97792
98844 -59537
-41171 -9715
75790 -59814
14230 -32014
98644 -55001
-21636 -23851
-79998 64326
-60174 48780
-78797 -78133
79140 -62590
-68054 -17791
-37043 -36
66916 -44887
79398 -90375
-51746 13367
55705 25756
-10177 -53161
44810 -56516
-51083 -65399
-83461 71005
-40467 -1113
-76787 71676
47141 992
-25505 -61812
85163 8007
99730 79328
65733 -30641
93954 20479
97421 96831
54496 -21390
57354 -32431
74877 -77436
44969 -21975
63889 7914
-42364 -88720
56627 18950
17418 -6166
-60822 -6146
-96796 -5262
-41242 -55292
7020 -69669
-8224 -32624
72982 -39839
-72875 -17272
91667 69140
28932 -14160
-411 -96598
62480 69937
59507 71852
32305 -53729
-79843 6216
92901 -4017
48503 -17787
24336 -12949
13117 -51273
45951 -1361
62721 -69516
-28825 -126
77337 -18163
-51768 -57974
-73799 -6451
89771 86061
67808 -38882
59416 -30087
61545 -19966
-72179 -48414
81568 57665
18125 -1825
-65464 -3482
-91201 -41114
13023 -3446
87562 -91270
98384 45132
55844 -18208
45256 83325
-41272 -46937
-52346 -57651
37282 61324
72154 -61016
46253 18184
-93267 56256
-77102 -20206
98580 9368
-14767 -68928
-29511 -3958
52642 -96575
36063 -14070
83376 -91438
-99309 -68999
83637 89129
-65225 45869
22860 -31909
20550 6672
84642 76145
-74724 -16545
48994 17549
48651 -83812
75177 64805
51118 5100
48522 -7138
26492 95800
35146 69085
-41541 -57269
-8379 -40073
79392 -6629
-51319 -97347
83954 75745
96104 23886
65936 -2500
-36776 -99409
-31242 -92887
-65249 -26279
41594 6951
-36723 1151
9325 -97104
94223 -26557
-50777 -95090
-78980 -805
78781 -40726
58089 -42254
-3536 -61442
13924 -39620
20228 12094
93032 94939
33889 53995
-85616 -75464
96959 -62974
-96989 -94611
43438 3517
-42804 -33144
50879 -30900
61948 35437
-45817 4761
59621 45960
-56099 -64095
-67597 -66348
-51475 -85945
10856 -89344
-14114 -34325
38845 -56634
85289 -37026
29275 68638
-75573 -7761
-63434 -46564
-78222 10736
11509 -56104
-42326 -21562
53230 -73730
30790 -17862
70556 27797
-60828 -74443
21205 18686
-85242 29761
19094 -65191
-94431 -42914
-29178 -53570
84395 -59071
46947 66789
78507 -46417
37582 -68452
-39764 -14648
-94500 34453
-76432 -56960
20286 57347
-38437 -70374
-44526 -75628
30549 42803
63813 -71184
-82506 6358
90868 -78424
21535 14176
14213 -68286
33728 -5165
-99068 -11382
-24024 -33915
-66479 -41092
-765 -43413
76617 80095
60836 -4096
-50103 -60901
67317 -90780
17180 40030
20719 27850
-83434 44130
14320 32528
59580 30047
39850 -4364
-62241 -69143
-68362 58545
-34343 -94299
96288 63894
40348 -24582
-35980 -24910
-65454 42825
46499 -42425
-84937 -43524
-47618 -52114
17971 -58960
-33637 -74426
23025 -878
37830 -41505
-83872 -56824
44252 19884
90627 22537
72539 -48734
99858 7671
20117 -64924
28476 -27206
86710 27835
-49507 18671
55744 54667
-34248 -96369
-72982 63143
65934 -49900
70013 33539
-33649 4211
-84682 22836
31546 35247
-2960 -89071
-24349 -19586
-11475 -24495
9653 -78607
17443 76682
-82717 -47985
-78879 32006
49972 71289
-88949 24924
-58272 39956
87093 -49234
16220 -77512
-76208 -54240
12123 -64400
73377 73975
47497 -50071
35783 54308
99165 1745
18590 -23417
6566 -40318
-85350 35969
-90563 76745
-64991 7443
-48798 -31276
-99269 60444
-45032 -8077
77445 -98542
16526 -9569
90860 59617
-48353 -98629
68619 19097
44358 96271
-32150 -79246
41770 -90102
-35274 6917
39104 31475
76129 -77020
14599 -37007
72619 54495
-39583 -79575
45583 -14474
32328 -16420
24111 29348
74484 23286
43594 59940
-70837 11003
73438 39232
19365 -56609
-97810 96675
-71847 -79916
-35226 -70581
26515 54862
67366 20890
-46801 -38742
47017 -16606
7322 -72894
86670 21069
42309 -23646
80092 91588
-96187 29198
4298 -69139
61204 -42784
47946 9809
-65786 -39627
82129 83628
94722 38881
70906 63419
81992 -70348
70600 -11008
83291 20316
73488 16073
55447 34708
96304 -55632
17460 86825
99138 7545
-73201 -62938
-32152 -70096
-51216 -94762
-86935 -29100
54043 10532
41813 -5806
-88119 -52349
66286 19143
-99760 55188
-40738 -53590
52410 7546
-18763 -68884
34725 -524
55649 -33947
-45848 -61064
-47246 -24734
19636 70439
49327 -18228
19255 -70319
-72824 40229
67514 -87792
-33746 -16028
-51349 6936
-61396 44331
-95566 -93906
34894 -60247
4389 -16259
-87314 5936
-41342 -97704
77700 7069
35438 -83773
-62480 -58929
-77260 -16984
-68343 61747
9902 -40003
60301 82706
-66235 -86168
-38859 28
46223 92380
-71841 53776
42386 79428
-96807 43592
66531 -44079
-28172 -54318
92908 94967
44537 -72818
-99318 -5271
-96493 86924
-62037 -78381
38881 83551
74460 77172
15294 -65914
6797 -62490
-88963 72781
63843 79482
-72547 11896
-96504 33330
49633 -39808
-98506 -20203
19182 -35992
22644 99638
53381 5225
70616 88382
-27581 -465
-58041 6811
87737 88433
96260 -70308
-87342 17489
89073 -82001
-46626 -29350
60745 -41681
86154 -6039
49835 68121
15084 -67609
99271 87800
46911 88926
19126 -74654
99883 -48909
-57122 1014
88396 34807
44054 -21973
62637 -81326
74401 -84904
71242 -71396
-50144 -43081
-29194 -85246
15619 66448
42567 -20258
26250 -62644
342 -81222
-96422 -29530
90182 -72304
-86461 52995
-77679 59126
-88688 -1395
-97597 81590
-89829 -74028
93994 96062
-69352 -18249
85433 13617
75978 -6542
-60694 -77320
88929 -4755
-30293 7269
96291 -54410
42778 -30125
97576 95751
74269 94009
-64725 55988
47170 74915
-41713 -66727
15327 11830
-98864 25596
75841 -45378
56565 -70906
-37464 -57144
-76513 -36637
-94540 75403
-53006 10297
30170 48913
66720 -25727
97130 -94089
-63497 -12205
-49794 -10977
-55737 -65768
55347 -79502
-94744 -99323
-69571 25137
85526 -94301
56794 78122
55918 -23836
-97295 54835
93808 7207
31464 3093
-64968 -41446
89688 2969
18742 -53775
53854 89579
81930 -81191
5586 4454
-92565 -40630
90976 -4965
39568 -41820
-91591 -63869
99907 41184
88102 -48074
-82397 -9658
47071 -77064
-86817 -89203
-2635 -60845
-29922 -62432
21043 -69079
52104 21098
-63076 13363
71472 86074
30698 62135
-71652 64114
99651 -86205
-89337 -20828
-84552 -96380
-73231 -57312
17786 -44525
-62411 -45342
5018 -46564
-12301 -56029
-30176 -23480
38801 7075
13628 3445
4148 -19107
-24073 251
77924 -15778
75466 56085
76404 47693
90398 8927
37823 23621
-41991 -63356
-94426 -15953
82494 -97361
64538 -52896
67984 -87440
13273 -63023
82256 -28979
-45745 -7328
-83871 74685
27139 -96951
-99893 -51257
4477 -8311
-18572 -54280
-35489 -40702
-29220 -23531
-38437 -29818
19943 42105
-21844 -70202
49712 -16708
63504 -80855
18836 -29302
57534 63370
-69596 -78357
18286 -917
-2278 -30127
-26390 -65095
44937 -14334
-41874 15862
89116 27340
4575 -94645
30275 21109
46840 -84513
72926 -36358
62354 -26323
57355 83414
-12103 -42674
-65671 -96428
52143 -64316
38356 -7943
-13118 -58465
87423 -60104
-60793 4855
81288 -77919
-32347 -32502
-19901 -74377
47372 21207
40032 39023
-42467 -90459
-88057 12975
33453 29418
-81744 8032
27087 12977
-37215 -18432
5829 14232
63712 -49777
61620 -42591
36001 -45889
75116 81067
79531 -73462
-47083 -35015
-27267 -6070
-6179 -83543
-82397 33593
50715 -24590
-52523 23016
20952 27303
-14243 -21463
-73015 -30339
-88879 73905
18702 33924
91275 64463
76365 7595
69905 11306
-69456 -94388
-33716 -40823
72121 -40771
-46918 -19005
66823 27067
21591 -81108
-92668 -32905
35670 -47658
-48319 -94368
56654 38602
-153 -83558
-65294 -2673
45513 -5563
-26732 -9682
96065 42860
-808 -27104
78512 -51596
-72466 -78743
-73117 -58411
16502 -90431
8861 -89566
42254 -92309
-69709 -5818
-44612 22642
-13347 -35972
57164 -59488
28788 -68969
45398 -56907
21381 19976
-24685 -93972
-72462 11439
-40644 -8093
92195 -83731
84513 -67164
55904 37546
75081 93176
67676 18341
-58299 -61085
10269 -8669
-86350 13480
39670 33105
-96123 41050
9190 -25125
26526 -49229
56801 -77631
29083 -71947
17656 -16563
58937 97507
-61573 -4407
86543 8450
23164 58109
70628 26460
-40611 -89115
97835 -22954
-53332 -77226
5180 14571
-31590 -90831
50630 52763
-80333 -94329
66360 53058
-8311 -28159
-83843 66932
-69003 56549
9378 24104
36832 -94156
22352 32117
-87712 -9169
-64728 -47115
96252 -77981
-15107 -30960
3005 -45704
-66867 59636
-59409 -30175
-44995 -90341
-33523 -48928
-58191 -48440
-86315 -79035
51512 23120
42075 -98441
-51256 -12601
68345 -94022
24318 -44958
58908 -68479
34111 -78867
63548 -88893
-95780 -41411
86114 -3380
19264 96819
81253 58843
77162 24460
33982 29294
41609 43703
85501 28170
-68954 -76637
-36174 -19305
-4465 -47206
47888 94807
-76775 -35599
-70014 -466
-72924 -38216
59345 43861
-23425 -25907
72249 -53734
37719 4796
18735 -32590
-64499 -52486
71037 85043
24662 92624
-26350 -84666
22662 45857
42069 -34288
93112 -31836
-87241 -49221
19254 -21317
25373 -87713
-6051 -94370
11831 -74271
83647 64992
80571 -93684
98904 96468
63656 -13120
66869 -22004
-96730 77890
-670 -70822
45632 9411
16499 69119
-97195 20053
92706 34322
77463 72894
-49024 -18840
-61072 8527
79205 57978
86642 -94876
16586 71526
-38521 -1858
-78988 1600
-55418 -67811
-10720 -87562
94707 30736
-5892 -75417
-28542 -38182
-29650 -87246
66970 -67747
7105 -20582
-53380 -29549
-79832 -36847
-10306 -84653
44983 29254
-67945 -6389
-77041 -47168
-8569 -96412
42365 78727
65987 -1357
93587 88558
84846 7490
16793 70711
-65528 -86388
-77142 -91126
-87655 49309
68419 -69298
37151 -33724
51745 -20856
-28024 -41496
22255 25050
-19348 -25411
13190 21249
46488 -15418
55686 -47584
-68370 -84805
-39434 -15044
51315 -61866
-97584 -66609
-60483 -57955
14412 40921
78638 -13264
-66306 -45046
97735 -88674
72403 -79341
-60464 -13190
32536 -16516
-30263 -15456
99648 -59572
83403 -54406
19981 98208
15346 26148
37979 -69948
5709 -24322
11699 46979
84096 20920
-33549 6435
-85782 31398
6233 -50626
-76332 -61723
56317 52391
7407 -45083
99584 38609
22514 89246
-28826 -9760
56269 -89143
-85530 63591
-71664 -56411
43408 -32754
-98098 21453
94147 -70285
27514 40819
90089 27992
83292 -85223
-46842 -47895
-88682 -8923
73406 -24997
-57793 -71506
-47260 2434
-61646 -80183
3557 -53414
-89655 64607
-66573 -54346
3004 -8628
-41298 -15976
23788 -34366
80099 81531
45287 59062
-84177 44306
57206 42217
14360 22761
69381 71422
76619 -84112
14304 -70007
22355 56095
74157 -1191
-66502 -71778
27079 91051
-9726 -77727
-92213 -79428
-48417 -50185
30554 28222
-64996 51695
-86189 -1249
31725 -67359
-37088 10698
-9934 -91816
848 -33193
-23526 -57607
-68041 -24980
-93933 -81832
42400 -14177
-22498 -59940
13848 23991
-67441 45873
22737 -70452
-58667 -14986
4515 -62963
-39219 -65729
-62400 -59890
-40482 -9392
55109 -99379
26887 86846
32550 -42787
81177 13286
59139 -52209
-87213 -98678
57623 -68510
44461 98567
96204 79179
-46629 -67993
-39554 -45549
-6819 -77519
32974 -78498
-46045 -82370
7531 -37263
55734 6762
83819 -12624
73950 37786
90675 80589
73806 -4829
-42315 -87680
70681 -29586
-74893 33249
-30314 4806
-58721 -94911
80798 -29417
45336 -7251
81973 -41633
90747 -59017
9299 -47297
41241 -79522
-45630 -68595
-46678 -1236
87835 -7012
-94683 -7172
-85830 -24472
19579 -78528
-7882 -66604
-45445 -41380
60272 -19516
42151 -60819
-56810 -94656
72915 76449
-81575 25619
83858 -11630
17066 -95459
-88587 55829
70429 -1107
6328 2393
-30832 -88670
79211 15446
-83422 -4438
70652 99549
42587 -94052
-28133 -51901
-48863 -6634
-44198 20102
1438 -10577
-32643 -3147
55828 63244
61222 85957
75856 97709
75475 33403
33012 60220
98074 -15647
72224 -86959
-55774 -48128
-69659 -26940
-61080 -84450
-23232 -10528
24716 23255
90284 68178
48255 -53163
-64745 -4539
61614 -32991
77704 -51553
-83815 -53889
18069 -38345
-93074 -71021
99482 -81346
96185 23164
96215 62229
76706 62578
-72726 61364
75378 -63830
75685 -82448
61330 -44623
80615 59408
37075 76851
22394 27221
59830 30566
95612 3075
-23408 -60773
43239 -24723
58448 30104
96346 -23653
-13372 -16413
30442 583
33035 64075
-14726 -33747
30329 -33849
55601 64096
-4407 -34419
53476 38317
-18997 -63001
18238 34254
95266 13968
78778 43043
-58659 -56643
96646 75920
54390 98452
75869 67614
68908 -92341
-51788 15053
-33305 -9258
-95130 -535
-26922 4300
-25060 -95742
13911 72730
36182 88933
89423 -25297
40369 -77113
-3674 -87430
21920 21993
25627 42667
-42096 -2985
-13509 -14820
-90140 89259
77593 95493
29573 -8343
2177 -35371
21747 -89067
22272 -38227
-64939 18692
71869 -16445
40786 -1850
12333 -50738
83219 -49207
36678 -62557
12428 -9701
-65757 43843
-82023 -53798
92342 -76190
18789 81364
-48223 32536
91058 93769
85789 -52194
-59049 -19723
-4744 -89429
37936 90483
-33245 -80051
24916 95942
44544 94788
43123 -52753
18973 -29743
72985 72080
-99064 -5347
9123 24631
55649 42717
52952 66935
-8074 -44028
-73540 -61385
23277 90142
-66784 -2197
-42511 -54184
12104 -52496
42614 4488
32993 30389
-27138 -67494
11608 -11099
83538 19282
53267 -64994
45885 17833
-69644 -88438
53530 -11719
-79879 78881
-71647 -55542
-71287 -79391
72939 62636
-27011 -41344
89869 76654
-27469 -90766
-82645 36841
-56390 -95944
-51766 -55922
28877 86426
60192 -73319
-25460 -40973
84675 37601
77349 -31729
93305 -24337
24202 1541
9918 -22670
10810 20171
-21160 -49485
66391 -34917
4457 -41296
76490 32496
65656 53684
-22012 -81435
62497 -75515
29905 22122
-66882 -66938
-16939 -12077
57801 -93801
63290 91750
18260 28826
-70153 -72888
55412 82305
-98346 -50821
-85185 -74310
44452 -42930
-94987 -52765
67903 -74589
45950 -25555
76280 80776
-7967 -87613
-53931 33153
52573 22912
-49331 -79993
51811 -55152
25001 -59969
51967 -7618
72436 -10585
53494 27277
-74805 -25626
-52329 8068
-13323 -41679
-80906 -5775
51135 -60819
72473 38526
47709 69508
56302 -84684
7316 -34801
-17815 -60963
57795 -31131
13943 -96709
69653 30533
-22279 -48672
39361 -39426
-95518 57805
17480 -54845
44777 80782
79861 -26893
-95034 59431
-97310 -45198
8889 -41933
37452 43325
40836 97286
-89508 64517
-39604 -85146
-68928 36619
70443 58076
74849 54094
-52746 -68801
-90748 -8782
58212 68180
17851 66179
99281 -135
20829 19493
-26978 -97403
43149 -33107
-22687 -61995
-16425 -10662
82959 -31012
-86237 21616
40634 -82722
93192 70397
98922 -23589
92146 67024
-60276 36069
8896 6983
16079 65208
-69744 -10076
-82604 -852
85540 -67335
75913 56214
89414 57381
76254 30124
-92977 -182
87008 -30577
18693 37014
-99645 90804
-66473 -94978
38868 -84853
25032 84330
71423 26461
8765 -23961
-26272 -37521
-44705 25271
-26868 -64606
56889 83440
94600 -36751
-41975 -45083
71946 95371
-31027 -49175
32946 -71326
69989 78531
-15245 -20695
62556 71815
-60121 42511
34896 13342
73012 27028
53845 -26520
-70802 8531
50124 -98845
60863 -77855
6827 -28910
4720 -99162
87739 -77192
-30404 -76408
-93024 -52793
49815 -31401
-54455 24927
-80059 633
1981 -5356
-38215 -65169
-5118 -54755
78910 81490
6610 17246
87750 45187
-53592 -69090
-96334 -73402
-80077 -22195
65023 -35068
16252 24172
-49671 -25358
89173 -2261
10538 -28913
-89197 -89967
-86690 -12847
89448 -11468
16728 -2409
71141 -23073
52490 -35868
43308 -50435
-55531 -8711
-35416 -6412
-7530 -99424
-92811 51015
55580 43705
84991 -1740
2975 -80952
-71307 -66382
-77947 68967
-4939 -27317
-76916 -51993
36645 -74456
-11917 -21163
74911 -29711
14398 29485
95734 27361
-58700 -10611
31382 45617
53698 75846
-6318 -35055
-66485 -74063
-89213 15371
66899 30018
10443 -25878
28295 -59850
60383 46297
21282 -93385
72913 48652
73765 99890
89287 -85350
49991 -22326
78122 65041
-77131 -87489
-34190 -88957
-69822 -91803
-52401 15113
84109 78694
-81052 45670
-23392 -76187
-82452 61280
-22466 -77831
32091 -13871
77306 60581
69751 -35158
-21264 -58164
-42129 930
-43112 16273
-75982 -5568
6509 -21026
84153 -10117
-37326 -17975
30026 -15739
43118 -32306
82548 69437
49598 99322
-63722 56232
-94983 69758
7990 24710
81057 50635
-96850 -26169
-52448 -81383
-98217 82349
-36929 13338
-62749 26325
-63482 21254
-83788 7160
26237 -17593
-42955 -36513
17408 -72509
85068 -57767
38076 -14561
45447 -86823
16658 69605
52785 -50316
21468 -60219
-25525 -91296
7555 -96446
42758 -38415
-54001 -92226
-19531 -82914
4838 4620
43347 39936
-57522 1591
77478 67210
16995 -54238
-89155 -49142
46257 -41885
-15026 -59485
38383 -40071
-15940 -61403
-77846 51056
-69069 19421
-40832 -82670
-30148 -46937
47047 73416
-15321 -38351
66546 30236
86944 -16280
-95358 7474
-48005 -905
-75060 68621
-78924 4505
95004 -89895
59426 46237
85327 -8493
63707 73345
88799 -95338
-51055 3475
66318 89964
45488 -24960
86921 -62380
51349 -71206
-68732 -53323
20447 -97579
36854 -20993
-66298 22067
-30837 -21556
-76203 40575
38592 66617
-39769 10376
-6574 -26368
-86861 29402
-52511 33769
92401 70723
29624 -78457
15916 77560
60264 1504
-81434 -7814
58401 40354
20599 3569
47951 31544
-82848 -9782
61446 36802
40230 57479
-80996 -34223
-33542 -52938
17440 69369
50210 -82316
-72691 -76684
23886 8074
36195 -78220
30661 65468
30575 49065
-64049 -68220
-83731 6464
98599 -26464
14785 -13662
59618 -69378
-41719 -29263
30197 90502
95665 81472
-73539 -41138
17058 -35708
38287 92417
107 -32284
16452 32743
50820 -22264
7041 -42758
87573 -87082
46893 33096
-93978 -26935
61960 -5991
-92636 -60759
82347 -44667
-49019 16171
32161 -16451
-52626 962
4866 -15535
40972 15782
13483 -16245
80581 -14270
-91733 50038
-86002 60976
-69406 -96389
24514 63160
30264 -81078
-93582 41756
-34663 -76307
16121 7152
95462 -4611
83022 -23297
77038 -71743
-55216 -34311
-35540 -77123
60332 -43295
-96756 -53180
59366 22751
46414 -80243
-72592 -37078
65616 -55910
-50608 273
10503 -24244
55588 -24428
89811 36270
-81752 51458
26777 -60402
-49963 -91793
-53536 -72995
-37292 -30107
-62413 -99229
47449 84036
9617 -44518
-35466 -57483
-85637 -12663
-59354 -35565
40169 -7443
13755 37095
18658 89605
-37188 -18093
24179 45761
9938 7185
34040 17425
19201 13990
-80133 -56513
41469 -69703
-37647 -13374
-7508 -78739
-34255 -21706
-37527 -9058
-47336 -43368
55194 -26583
-54155 -13126
52052 68874
28634 86378
73239 85710
-88995 27655
56984 -25924
-67952 -53163
89002 -34742
-31076 -9759
-77780 -2592
-98144 -12198
38074 -43556
41226 -22363
-88511 47563
-26891 -5674
-24944 -38342
78624 85441
99193 63828
39739 32999
-4980 -93704
-32839 -28354
10965 -84864
86110 11199
96343 -69121
-87487 -35975
-70404 -95304
56152 -28176
-5796 -82727
-21920 -86638
33424 -51790
-95679 -94837
18768 -86573
94161 59046
-84134 35822
87988 -39599
-42475 25976
51128 -65428
75199 90613
42524 41263
-65068 -70324
59763 -86489
72435 17631
-45065 20708
-65781 -16976
7688 -29533
53775 -43762
12772 61745
-95341 44130
44943 19722
-25976 -44103
91002 40559
70907 -89264
43624 -23872
17892 -37369
59349 99444
82263 -49473
49498 -91352
17112 -40932
-88718 -93795
-2296 -30242
67824 -8709
-74792 -65702
55336 -31144
-66650 -69353
96490 93461
78419 -29174
-15318 -58844
5026 -54595
31206 27870
-78617 -68735
9437 -24041
90510 43011
86825 68489
28316 62705
87880 -87152
68256 -15337
26381 -80712
-61323 -64291
70881 99827
42603 -181
72453 -63552
-20116 -35128
-79072 -28806
71089 63951
-48459 -22627
-39632 -84122
-69237 63380
-32501 -74741
-31726 -51849
88255 50293
51383 25371
-92032 -81863
85964 27034
-70173 64076
96835 -8673
40713 52641
-64742 -39232
49295 60501
-77030 -62143
-98927 51326
-72602 -36363
87485 65820
17630 -34069
32860 -82679
50250 93625
51205 38076
30936 -81123
-76453 -87726
3005 -44006
-31894 6770
59097 12954
44470 -57562
58205 -24594
-68274 42385
-81012 -18200
54511 33491
36449 -56033
-1750 -83193
6038 -63999
92470 22938
-349 -39296
46281 20149
-89626 31603
-54001 8127
-84712 -96316
37522 20958
-47445 -22121
-57893 46124
-94909 -4777
-73760 -96567
-68168 -75197
63661 -52624
11886 -41580
20299 53805
-45338 5408
-52199 -85964
24751 -13615
67780 -94104
-69073 56500
33751 80383
16702 79482
-52257 -43170
82808 43214
63290 31508
-71221 -19094
-74472 -92893
65033 80234
69234 47193
76864 -2719
-55740 -14056
-84945 33720
38164 10858
67019 -44981
24848 -43032
28955 90359
-46976 -56972
18825 35097
-72081 56467
53349 -29783
33514 62750
73462 12753
56337 67982
-41601 -50785
-85044 -56022
31531 88772
62992 -20025
61973 -9099
53733 20606
-69407 -39429
45824 38260
-3055 -72457
79893 94495
-47494 -80517
29063 42959
-83717 55907
-78634 30136
72597 -11762
19442 57784
64864 -38254
37852 -51759
94815 43268
89258 -71215
-41722 -60550
-79231 -69094
-85210 37999
12023 -70291
16431 -3870
93153 4563
40103 5978
64725 -62566
-44654 -91909
40609 -488
41726 96729
67536 -17197
85599 -74476
34593 -97874
73548 -81407
-42547 13882
62806 19381
-34004 -37623
19766 21961
16557 -52529
77857 -43558
40934 8787
44834 -54418
-45478 -78795
27787 -27302
36866 17628
23192 -74312
9782 -54487
-94958 39142
41131 -68355
-65916 33303
87939 60018
-50229 -63604
67232 -94857
-98679 508
80894 -17446
68038 93598
30267 -46266
6664 -56019
-48421 -15264
98439 -25282
23181 -87473
16463 85020
-94878 -79895
-99736 -31054
82156 -45338
16695 55824
86232 32408
8001 -18291
99542 2313
2488 -92007
55305 14345
-79832 3988
42625 -11372
-54769 -79135
52956 -68967
-18596 -17195
70920 -89575
93947 49970
-35443 -75034
-40700 -9480
19546 -77482
25733 23840
98260 53909
6827 -95831
42753 86254
34301 42124
-19786 -58833
41420 -39305
87339 64008
69181 -90819
88681 -57595
59396 -13559
37389 -93946
-78029 -54779
-93897 66245
78341 8067
-5171 -52137
8058 17167
46243 72117
-59802 -40776
95207 35607
-66697 -82055
-90867 74375
-48163 -81442
19793 -33213
-30420 -4183
-87890 -88519
96928 60669
524 -26335
-67434 57168
41858 -48241
13574 18462
63025 -14599
16915 54481
-57128 -47580
46677 -24922
85404 -50352
-4506 -73652
19967 -65763
-89427 -34398
7595 -4818
75598 -39040
-71355 -85101
42479 -80874
95183 2628
29190 90929
40921 -39541
14617 -39813
39040 31073
59102 -884
-34510 -21241
17541 -20223
38152 21909
57328 55653
85831 -68593
86365 37622
-69280 -6615
84310 -63545
51672 97611
-91705 67551
84748 9584
-32702 4802
63974 -64316
-27029 -96612
83236 74801
96568 -25748
47449 21572
40110 68852
-82010 -84697
56542 42799
-21288 -30832
25838 83754
80744 52634
75114 51400
12392 -64512
3842 -60221
-78004 -7044
34548 -93291
4799 -32938
88066 -14843
-86122 -93029
-35267 -50144
52247 -87578
-95376 -67867
46365 -25091
82319 -33168
23001 23343
34024 8241
-92418 66686
-8752 -22653
67237 71948
18006 10945
69135 5447
-3817 -76190
-37759 11440
54260 -50074
-95515 -34484
-89375 -66996
50214 18877
-50810 16478
-90453 34272
-96928 -4636
76466 74049
42078 -89021
-79371 50180
24372 -15098
65382 -43385
-34872 10311
27240 59610
66955 4268
-43288 -64593
22644 6382
85027 31840
-83093 -10311
31197 8885
78892 34927
44705 -80199
76120 -40306
64164 55849
45035 -46723
-62680 15786
34586 1285
89873 -2523
-80494 -32300
47679 63284
44326 -20121
89527 3394
-86633 13225
-95223 74214
83255 59648
-8475 -96616
18367 71105
87167 22001
78897 98014
78374 44679
83619 31827
-40493 -44427
31335 37015
-56590 -2570
29971 -6350
81776 83832
-85193 68562
32938 -52064
-95324 -44518
27348 90938
-57829 -97741
40404 -46714
98227 -37046
-98398 39108
-75636 66070
96610 -18787
-62932 -22782
-95308 -33121
7044 -77499
86322 -88544
79507 78734
-41647 -73851
9493 -3172
-91920 -38738
-11493 -13997
85767 -14106
-54120 -42910
94399 -92133
69338 -66841
-87432 12042
3866 3621
49686 -67577
16191 -12463
-63844 49916
44223 -90592
95856 -31895
21958 -67676
-30060 -30601
22179 -12673
-44354 -27385
-85866 -28513
38217 9785
59983 68801
91184 81110
-66267 53905
94051 18078
32777 -57509
40785 -9745
19020 73787
25245 -20680
-39953 -70471
-87038 43087
35297 -94271
42284 72177
68061 -30709
20556 83249
67622 54898
84700 20829
87619 42781
6786 -91732
69274 96352
31047 -83325
-51302 -66635
-21130 -3756
-85712 9541
95574 37705
73332 13196
93335 -83232
-95230 38195
-97583 -69236
75268 44410
-69150 27270
91987 -41972
41213 -57086
53588 -77810
11851 -88875
63427 -38725
85170 16536
-4029 -96910
-2291 -88101
12376 -64138
-90240 -26197
66053 -68352
91184 -60293
55919 99517
69661 -57920
-60132 -34388
-37921 -98583
97488 -24231
-29963 -81756
31184 57816
21431 81703
38038 -69358
-47326 -71309
99426 33736
-86908 -83433
11991 -93278
-85215 156
14263 22264
-24315 -89837
-80270 42247
-8308 -32477
-61207 -21853
93288 -31244
-53485 -42479
65623 -76080
87820 -45179
-27601 -39813
89206 78132
99908 24382
-26699 -30174
-28986 -48609
51491 -52873
-41420 2017
-86119 -79637
46934 -9370
42945 -94092
-6936 -70242
60826 16954
37767 -19448
97340 -12525
46996 -44560
21683 90907
-51955 16849
58220 -81306
-71015 -2056
23414 -54416
31302 81793
-39978 -7834
65567 40471
35899 47730
8738 -47865
-61823 -46976
88343 34706
23915 65062
12662 -20669
17831 -52664
-82721 -96364
-52028 -62386
3864 -1188
13939 55138
-41035 -22881
53437 -58544
21146 26025
-12481 -19887
46970 -88391
-70462 -8522
-22410 -62711
-89098 82047
32039 -94865
97744 -34018
-93731 -95816
-98096 63346
51853 -56541
-33415 -36581
-34220 -64438
79123 -91080
-35935 11239
-60532 -22412
45647 33038
66977 56985
-63877 42477
-42308 20323
70338 -46308
60862 -4098
10530 6060
94770 -65632
-40435 15003
37365 -91664
-65737 23324
23682 3184
-4448 -55908
-89369 -66672
31257 -65418
75254 88087
74776 -15132
-42588 -64042
461 -64062
5100 -78940
13222 -41064
55320 37362
-95795 41635
-37146 -32694
-69411 -52887
17586 94318
-87979 -87794
-96585 -98062
-63786 5383
-80571 31091
-43484 -3397
-43462 -72497
90913 -49028
40082 -65895
37525 1610
91142 -24780
-38288 -39355
97678 52580
-99896 -44488
49576 -46623
54902 -88272
-86775 30433
-54820 -21209
-88445 -60308
36590 67055
-7255 -44373
-18825 -69401
95723 17665
66511 47282
31049 49559
12569 -73421
22495 -98541
79141 94939
-54164 -20981
80319 -1480
91322 36609
84395 -86350
-7610 -94163
-73220 48994
76664 -89787
-63688 14137
1084 -63175
-11980 -49620
-92169 -36899
44407 -16656
88852 15978
-57708 734
60165 7116
-6822 -68966
-4833 -64259
-71783 -7629
-77792 74768
-69085 24422
19363 -91666
-93063 93352
37252 -61737
19287 -94909
28302 57377
-76669 47657
-88162 -90280
-37732 3243
17864 -28177
-33287 -59074
94947 74611
-38816 1676
47981 -64206
43277 70588
-9042 -22994
79059 56685
86085 14461
61985 36853
-66505 -91664
-69123 -50182
74528 94452
75271 38774
46177 67786
49720 -46096
-49980 -75400
71627 -63673
57862 32469
-86595 71484
93306 36172
-73358 -53369
6032 -38244
50631 -55156
76425 -81925
65064 -68407
97624 -32348
37816 -55957
93717 88554
-79099 -50358
99302 -2412
-94905 5887
92397 -28330
43509 -7117
-96990 99591
15878 53387
18041 -5100
3718 -53649
-96658 73704
40262 62441
-49163 11862
83023 5062
43806 -30229
-19431 -74573
75899 51505
14467 -30076
65165 -22079
79837 89927
75320 76753
95629 15558
5481 -33640
-82808 -50432
8295 -97157
-74225 -40349
-20402 -83386
51130 -57397
36993 17668
-43505 -86578
-76986 -3502
-89492 -41791
92117 1028
75867 -15677
33427 54518
77435 4927
-68363 -24538
39422 -91921
-35953 -33575
40960 -49293
53191 49150
92153 -14160
-96858 -46832
-83044 -49461
67527 -43471
9863 -14240
-54378 39007
90600 63550
-38489 -59839
20304 93402
17277 93831
-83394 -30442
-88955 -65716
68195 43476
92694 -14421
-74666 19467
91610 35016
72848 -75068
-27505 -83217
-90691 80985
27303 67289
10066 9650
-22794 -41718
-79575 -66925
-51325 31582
89097 42982
82245 -82147
77935 -68991
39476 23473
56939 -8576
-85702 -66706
82107 -73607
20829 30361
-65211 27696
-36990 -9024
80633 43517
-53541 -59749
-59373 33696
17365 58786
68762 -67333
-26655 -1314
-70735 -2278
-92068 43356
-75935 -7477
-72041 -93858
12731 -13056
59062 -25244
-15378 -14983
59280 44303
-20122 -88263
71074 -38336
89240 -22844
38941 -29300
5118 -78135
58744 -11406
79554 70257
-77538 67677
41837 26467
22344 98708
98765 -22090
-83252 -46960
67976 48954
-34739 -87326
-35894 -47678
53956 -11357
-39648 -91540
20252 46272
21357 76218
78561 -19483
98312 -84564
92323 -74164
22709 -71559
53610 -44525
-20431 -69167
59877 -34717
-70501 -46572
57050 46345
-34792 -20811
-80453 7398
-27620 -11638
88638 97772
-81199 77552
33277 51161
-71812 -81568
49049 -17928
-38136 -63098
12543 62372
-51930 17738
43708 -29373
-41639 -45482
97839 -88361
-28304 -38107
66304 34190
15735 -29376
-5490 -93902
-70177 -1618
65071 -71989
-17423 -64648
80344 35525
87446 6029
-78048 43190
85669 15973
40742 78809
10766 -57403
-61155 -38282
-89292 -75989
52141 77549
46627 -96114
19563 51414
61494 -65364
51235 62604
17991 66510
68706 -12103
84933 23690
-67125 -23093
-23757 -98761
85723 71233
-64653 4827
75312 -52630
79890 41927
-13635 -37660
29635 60986
76620 -34579
25326 -617
30725 -43322
56554 42989
41376 90569
-88829 68610
88965 -4887
-96049 86092
-72744 54912
-61510 -49472
48175 -83357
71772 79052
-81632 69146
91907 -68625
23819 82666
45798 81973
72076 9969
29174 -37638
-63347 48886
20921 41541
20130 -12815
17906 54212
53449 -90524
87390 77442
-54131 -42471
55110 63832
-80900 28090
1002 -40271
-60240 -90493
-87964 -5962
93833 57720
44095 83410
-78033 -2545
-35001 -60840
-31640 -31772
7533 -83122
66778 11300
-78932 70969
37340 51135
97710 -27802
72539 8610
-5220 -29914
-66662 -66389
42994 91336
31302 38055
-76159 68629
93709 20187
54778 -48217
-96923 -68356
51587 -57088
45607 -84345
52133 48981
36190 79918
-90051 59433
57322 -7085
-64381 14624
4909 -61946
-80922 57042
-58134 10522
61107 28517
65857 -66013
82117 -19792
5033 -51006
-94312 -67812
-82169 -14560
99679 34985
48118 -70041
48987 65515
86935 -21930
72652 5859
18147 52485
-4775 -46151
30231 -14369
-8861 -85397
-61907 -95040
-34864 12179
-94013 -13218
-85519 -77061
21014 6727
-94962 30945
17234 -78176
12071 60404
91016 -59542
86198 75186
-78624 71396
82611 74591
-54965 17386
-93375 -12540
-78946 -66247
-73376 24656
-70130 38552
-72192 28346
-94854 66974
-75908 -44367
-62201 -68848
17923 -79254
48321 28179
-70742 -82507
43080 -83410
-20881 -79294
73013 59802
83108 -755
26242 -20032
95940 35155
77439 -83626
-52832 -56973
29513 -823
40328 27576
16742 53505
17582 16752
-64808 41070
71317 71019
14798 -56566
-76548 66308
-98072 -84394
99897 33283
-32696 -17194
44678 -35242
-23572 -87536
-25918 -33343
65713 -89040
-46835 -79153
-26446 -57522
-23686 -52554
75248 -61426
-55599 18965
-84558 68295
97555 -36871
32116 76975
71406 -61869
-47094 -21509
14751 -91130
-88201 70018
15576 -66607
51343 -94255
50530 71697
97122 -7991
-51036 -88811
-98073 14326
41666 66885
20609 -62142
-86561 -29267
11432 26386
-82008 29436
99236 35249
71489 -61482
-78214 76108
45433 37131
-59040 -54959
-56837 -64934
98701 -21206
49255 -21987
92672 97437
94318 -82606
61837 5173
93628 50265
86458 74137
-84035 72303
44089 -65222
-71974 52079
83766 -9942
23854 54220
-78460 15917
62789 -1508
-65812 -25983
15877 30610
-47405 -82746
-477 -44692
-59541 -30998
98771 82849
-81866 59104
-53915 -61655
-83843 -41984
55330 -52301
43756 -77130
18979 88358
25194 21870
-25502 -33835
-24926 -40483
97828 97473
23671 62465
76811 46012
-62700 -61417
93034 -62120
-24777 -495
-76436 14301
-47538 253
-94846 -16737
23083 55782
-80763 -5500
27540 -31100
22577 21716
95981 -92679
-79829 -45992
49366 -97102
-75677 -29214
12240 19590
67555 -74020
-38815 -83422
-75073 -53586
-54116 -50183
-71960 -96468
21154 97485
18787 -17067
40270 97952
-56374 -1408
-72977 59836
45104 85879
-92990 35605
15467 -47291
61490 -65088
92550 -1536
-57819 6110
12300 -80185
-65128 -63780
5969 -5041
2298 -52838
-82888 57831
-29180 -65146
13982 5017
51061 56791
31043 92119
69591 -78786
17114 71131
-66592 -92903
65409 -17895
53104 -61139
38582 65865
-95698 -29701
34414 -10688
62302 43879
80051 -27495
73477 58916
6450 5625
64634 60285
11933 35821
54536 -35470
22287 -8003
89575 -3214
69402 -66561
-64599 12250
50390 30539
23315 12364
92380 67018
-31597 -61426
-86430 -3158
41373 -66834
51239 1983
-96292 59655
96041 88402
66517 -72416
25934 45350
2077 -38026
5386 -42106
94280 -20937
6694 -60418
35572 -5625
12727 -37945
36392 46884
66520 -29983
-33058 -55797
44071 -31800
48558 -4864
96541 -31181
42620 -8187
-87929 -85106
-66397 50712
-29590 2724
56037 -71420
75820 77026
50192 -27089
80758 66053
3600 -73897
42550 -65094
32299 -83452
-53789 -109
37410 97659
13862 3519
25573 49721
36349 85957
-49520 -32055
-77319 -55281
-55722 -6328
41287 -28146
34601 -17747
86056 -33777
31264 42386
-66023 -52572
-31801 -2335
43850 -2317
25351 8353
49830 20978
36372 -53230
10315 -13007
19471 -82743
40191 45251
-57652 30316
74544 80570
62044 -99666
-78784 50046
-64578 -6420
53021 -20645
-71186 -19160
62684 -19433
23607 -86345
-33944 -89567
-96407 -51846
-12771 -43079
49802 30008
-98835 34267
-52071 -27289
18215 59792
6827 -64261
21526 38054
-45789 -36821
10484 18883
90283 -2607
75906 -99122
23879 -70286
64296 78621
69090 -99100
99720 95116
-28325 -69522
64685 -78740
-91322 82813
-64534 -14310
30418 62959
32048 -45889
53216 13664
-48534 -28722
-97569 24334
48504 51889
42261 -75852
91914 -13336
-46567 7787
-99216 7609
-29153 -18014
62238 32958
-21448 -11528
76580 13091
70381 23083
35671 88091
-51279 -38158
-16210 -13028
7618 -58132
96814 -45971
77133 -8953
27798 -55398
5073 -86939
16291 32520
41664 -90979
12208 -39611
81904 -76184
35345 -43780
84817 -24588
15827 19606
55553 -94570
-69770 64539
70653 64205
75216 89587
53734 51263
-81264 7356
-10710 -33658
76257 74745
27800 70723
-7877 -86964
68978 99775
-89177 -29315
21041 46652
51230 -52521
-89907 73868
-73432 56298
14586 -82081
-93468 -72534
15778 34156
99806 83733
45781 -2876
-84984 36420
95929 -29364
-93815 -65799
86184 -14271
69066 91856
-87261 86128
-81609 -76281
53312 60699
51232 -29991
-24654 -39977
80061 66630
40771 -98015
93864 -45124
10370 47177
-70075 56632
6506 -34095
18682 -73665
71508 -89624
50518 99951
95097 -59683
-62433 18235
-99185 43550
28561 -40975
6586 -89625
46379 -10776
92811 18019
1122 -90813
14104 26143
82244 -18292
-31232 -22933
77578 -52254
-66161 5322
28918 -25220
28658 -91195
48519 40494
10192 42944
19296 47574
-68140 -56027
5045 7003
65883 -16917
-75670 49084
-59743 -14637
-14895 -29847
-2813 -45281
26990 -79385
26616 -18633
-84712 29090
92454 -99163
85386 -31405
67445 79007
-48485 -27266
-58088 36851
-96484 75816
24081 88457
64734 23886
19777 -30316
-22292 -77874
-96341 28894
91937 -73582
91676 54334
-6483 -81974
59274 25722
-97540 -84121
-67878 -58819
-46186 -93964
31153 79855
-81208 -53197
-99343 24225
27325 12638
44345 -78923
17181 -54570
97450 -20245
25223 89919
-60013 22764
34894 -94613
-60776 -92575
45636 6051
91852 45024
76364 77961
-99110 -99318
40019 -55356
-20101 -51810
53344 -4310
43494 -91126
37458 28671
63978 -31999
53139 -85222
-89683 -89895
88771 38519
-16248 -63426
31883 -10662
99736 37888
-58409 39797
-59720 -23150
1971 -41886
73218 -26208
17748 -43453
32156 22199
52556 99956
-97661 -55647
-23174 -13073
54397 -87799
-73847 -99711
-70018 -88250
-70533 547
172 -15867
5176 10138
43349 10781
-67096 -85651
19211 17219
-90578 -52768
42789 33516
-80501 14084
-44155 20996
-73523 -94445
-83786 -14703
-76063 -11590
10469 -41272
17104 20755
66231 58262
36256 -27217
11532 -77025
-89842 -58696
20675 42971
-66954 -35673
94124 -5612
-58576 38922
76950 -23814
-30000 -60102
5204 -35706
39560 -89315
8073 -63267
54072 -41267
24278 19102
-89498 -77647
-60436 -17271
34783 52331
17673 -56048
86695 83668
44291 -90841
84029 -93597
75227 77257
-93332 62811
38671 -29309
-98704 60370
-50993 26499
-29287 -96924
-49507 -21762
-88028 -99465
-51969 -95711
36063 85144
40702 -61080
79316 71357
-6889 -62474
-25630 -16542
74428 -22991
-72652 -32216
83308 34517
-57772 -44914
-43449 -37693
-45091 -30492
-34774 -33618
99096 4307
7227 20323
95312 60770
-57052 -33896
-75746 24095
-38228 -87674
-90586 -46899
63131 6659
25162 -16692
35943 18805
-13921 -30491
-84524 -17151
89587 -12220
-59014 -76168
-89155 -58172
34877 68993
60215 -68608
10596 -50504
87544 7878
98714 10857
-89613 -85130
-38930 -78432
-76937 68263
-99075 -94507
-67490 25670
45063 20168
29414 -707
4643 -41114
-79771 26048
69667 10801
-90958 87263
-68561 55305
-69286 -38139
40825 43009
-4824 -98746
19510 54157
-94163 22278
62413 -36816
-64149 16668
-77869 60784
-48229 24970
77734 8793
-91785 -17238
74386 -51694
-62374 7964
-58657 -49955
42521 -30457
50713 -73725
-69412 -93020
-99510 -49174
-77003 17656
-75927 55764
62505 -91358
-70793 2049
29275 -10434
75782 11122
-2760 -97979
-96656 55076
65956 11139
96143 -95036
4847 -52675
-94635 -47357
62067 -31711
7649 -96029
-54830 30959
-34249 -20597
-73920 7987
-92025 25997
-85547 -51137
93863 -16460
66766 40726
-91677 -46071
-73012 8740
-76515 -81019
21239 6393
-20232 -72576
73019 -75440
-75610 -56470
-73022 -5561
62430 -49975
15007 12057
48460 47938
14849 66405
29602 -94570
-28957 -85026
-35500 -34314
-21872 -58537
-93096 92234
-69171 2261
60299 12908
-69505 44972
10279 -89424
-45534 -72018
59134 89722
-89723 13157
-45842 26619
-29340 -67799
-64990 37903
-15615 -48612
-87723 -74079
10233 -53909
41326 99261
-88081 88350
64387 98405
78974 -50586
67791 -56103
45335 93644
85275 21719
28371 68564
52144 6701
48609 -23897
69317 40677
3940 -12910
79677 -93420
28940 14658
8031 16280
-90982 -34621
17546 -66508
28984 10932
61794 -29786
73657 52940
48942 -19491
-69384 52004
-83319 -53773
-23901 -77584
-95562 -88278
51443 72993
85436 66343
2636 -59762
33954 -47887
19062 10615
15004 6311
40230 87369
34692 63248
49965 19152
28536 29957
71823 14893
70492 -29480
94953 -54294
-19333 -30615
-80655 -33192
81196 -17971
13605 35836
-76452 70439
-90037 1401
54562 -26419
45068 11402
-55036 38779
-53883 5277
26790 -51942
35312 40864
36085 51127
34565 87062
10800 50963
-98118 56469
37155 -20250
27669 -69757
57619 95999
-94766 74317
10714 36151
25813 6265
-74027 2760
-98572 39627
79687 -4713
-26318 -18996
26118 45577
69488 -66279
62657 26637
81720 81525
-73291 29023
29383 -42601
-97277 -4214
-52996 23684
-36477 -36712
73584 49607
-79203 5846
-32386 9498
-12270 -23785
-82787 51622
40583 5877
-70785 -96052
-41558 -89990
-33810 -67724
-87407 55146
-43639 -34002
-62117 -87336
97444 -98119
66530 17607
66509 85457
-30133 -74401
20559 -99908
71058 91727
9635 -75069
20490 33550
-92678 96514
39072 -72477
82747 -79562
77979 -64068
67287 -85492
27862 -2843
62927 -78470
97885 76879
11263 -61718
97953 -7341
75769 6167
-998 -79750
-16696 -65289
79890 -25208
-5031 -51646
11116 3456
-85752 -39416
-62140 50354
-81147 61616
-86377 3554
-74995 50880
92747 -996
95238 10844
48789 22129
9547 33128
-22296 -20057
6454 -68141
-70420 -93722
-26693 -57363
59663 5219
-61798 -68268
24332 -372
-34471 -70248
41755 86981
-79927 52828
64477 -52149
46733 33911
-86661 -45684
-67803 -26725
-35869 -72631
-47968 30440
-89650 -5412
34764 81076
-70521 48049
-87074 46930
38723 75498
-50916 -66091
44185 -54996
93514 -89248
67972 83250
-87393 -22526
-88857 -99439
-72489 14982
67457 -38583
-35184 -35374
19862 -46455
63583 -99208
86791 -67423
16262 -39537
-68541 27034
-39407 -55870
-55184 -15664
-72357 54263
-42604 -90708
38106 -67710
62412 71917
-72842 25683
-95355 -19361
-16225 -42840
53940 15695
49586 -22434
-66192 -77841
13165 2995
-87117 -70791
-60915 21765
26561 -848
-87570 -82572
-79333 21501
-16643 -66439
-21433 -24647
-81159 -71420
53674 -67949
81089 -32814
22019 -88342
70285 59947
-85208 35269
-76169 -88801
-66922 -75898
95949 -89121
61673 -82262
-55129 24118
58426 69751
-78201 -55799
-90736 28757
-63759 -70780
-23114 -24394
68728 80156
-81393 -64027
34847 -49934
23387 -32692
-99819 11338
-34054 -40838
37319 -2695
68741 65972
97335 -89508
-10186 -38494
93613 69159
-41936 -41385
-58414 -3779
-76205 16838
76969 79389
-36896 -53523
-73094 54820
42601 67950
35401 58532
-26287 -17877
49130 -57925
-23614 -87553
-33958 13213
45766 88682
-54454 -51313
93002 36112
-21978 -82631
44014 -16227
39877 87193
73151 -13223
6325 -58583
99429 -24602
30550 -63066
76830 -75031
82743 39663
-85059 -72522
51233 -87238
8999 -4421
91363 -41085
-48827 -80375
-29881 -42868
70472 20624
-84658 -71242
77458 29151
-60286 -17953
-71526 -6938
68213 63483
64327 -27790
-88404 -45367
41498 -15614
-70810 -20344
58995 -5987
21644 -97428
51391 77879
79357 -83350
24546 -73895
-68575 9661
-66506 -35936
-91259 -87539
34843 67818
-50935 -4910
72028 63573
9739 23462
39142 -23324
-98919 -14591
32291 57284
-86270 32047
5840 -40498
77917 -53758
61637 94960
-66940 23968
90683 76567
1502 -84948
39281 -93811
34523 18322
-30900 -39310
39285 -48016
-59448 42650
91855 -49622
85137 18588
-74963 -82285
-68051 10916
-67134 -87616
57528 -22483
77796 -87875
-80720 -19652
-45051 19013
-63885 -17288
78492 626
57694 33240
34308 -970
-17587 -22215
49272 18990
96500 -11009
8306 17368
-61102 -65932
59078 -89563
37606 59749
36416 -58933
33940 92117
64105 51491
-51470 -73860
-51828 17844
24114 -81787
41675 -56975
-67405 22863
-94436 -33682
60681 53056
-25408 -98124
-32312 -40372
-71204 -80107
45474 -34215
-81599 81842
82921 -11000
42665 24792
82974 -20785
55401 -35928
68829 77230
38404 14814
51456 -40932
45074 64668
-36261 -10481
41622 -98887
17511 55070
-41071 -75943
55269 33531
35017 -57810
60762 -53204
22024 26332
63818 -6692
56923 -94294
-83233 -48824
16958 -42233
3813 -6720
11608 -87447
-31233 -15468
-86488 87871
-78424 4016
-65884 -21028
52837 59516
-90740 6970
-60446 -7294
79105 -43344
-28244 -70262
-28297 -97016
49118 -15479
63901 78826
-22618 -37988
21993 57472
16176 7196
16366 85812
-88218 -25606
-90887 -59656
23428 49
86085 90112
-30763 -8480
-69305 -1159
-88066 23101
-76834 -93380
31615 -12513
58177 38291
44275 53203
93628 -42389
55278 80704
50441 57455
63461 10168
18059 -64885
-65346 -94081
95199 1394
-74140 48896
12848 39068
66661 -44730
69077 72489
32325 -21070
41449 -65802
27656 27910
2300 -3108
40398 79470
-54277 -73690
94586 -65258
48609 46351
204 -60531
21651 74839
42063 98158
13425 -37935
-30556 -67966
40164 66367
8175 -49362
-5968 -25594
39123 47166
36700 40288
9530 -48810
-75381 18241
28212 83340
42645 -74840
-96448 49738
-70349 47360
-44520 -29028
-57346 44879
-48575 17015
25056 -41232
93467 1274
95229 61698
37535 -80491
-63993 -98595
33090 83044
72678 20202
94874 -17932
48368 -8878
-83435 58207
-73307 -92201
83881 -64377
-37352 -22545
10692 -72117
-2791 -92406
83812 -3768
83382 18593
29595 60120
-84087 -67697
39750 51047
44691 -56901
-98464 61546
72013 -89724
69312 23734
-45177 -97004
16354 -60006
-76695 -10797
-18604 -17279
87830 -54145
-17289 -63914
79032 36950
-91242 25435
31682 -89001
25895 -30602
89410 82115
5107 -64189
-71610 57305
-83461 74249
9852 -29032
-80115 -40011
33466 -57909
-68120 -30604
65318 41114
79949 -95920
-31036 -7865
-81390 -46100
38759 45252
-72431 -62653
-93473 62383
52201 -49685
83071 -70778
28752 -88455
95180 82595
-8768 -92170
67651 -12763
-63528 -19512
-90947 -75958
54480 -13813
-65477 -17562
-79098 -79411
471 -59939
-75875 -45211
-33653 13647
79663 -23104
-61142 -80251
18282 -25449
35582 37988
-95850 48204
55867 66175
51281 74441
-76973 35672
18323 13721
97316 81181
-87031 77463
-16842 -61161
77743 -54924
-95934 54625
84752 -73806
-97895 80787
94927 60616
12676 31700
38610 -32828
24450 -99020
17653 54377
4123 -17129
-67690 407
92767 46013
-88779 -64322
-28645 -21978
-24613 -67830
43157 -55325
-75898 40033
39509 72988
65986 33656
26353 75756
98749 12209
-80759 20790
16400 16656
64736 -71273
33835 -23335
-84937 -13619
-8918 -22427
45490 -23538
-85378 -24211
19202 82704
-52372 35184
-96245 33457
41410 -51461
16293 -50120
40807 60580
97997 84610
-5447 -33057
13488 57905
-31868 -1874
76137 -47038
1707 -19108
-76966 62285
61069 18851
53564 91132
25424 -27759
-20052 -73985
77417 -64056
-50804 11014
45320 25851
11209 36574
-26009 -61951
60287 -83658
70896 12138
51242 58845
70767 53344
-39421 -55523
39464 47796
59650 91814
23133 58323
84126 20104
1671 -17700
56891 47085
43573 45142
46177 45525
72758 -68825
-81161 49322
-26690 -91959
-90709 81673
42953 -10434
39357 74701
-10091 -81615
16651 18594
47289 -85789
-66219 24710
-52524 -52505
69695 75888
-83372 64125
60682 28649
-91161 -92642
27872 -39059
96438 -82189
25135 -55004
-63950 -19382
-51722 -7402
833 -43491
24612 -63160
92904 -65451
55198 22878
29756 60279
-84814 12770
-69176 -55038
13383 -50881
20440 75068
-57734 -54149
-50818 -26510
30045 16619
16218 23023
-88894 -17276
-89016 27421
-66174 50630
-82993 -930
-64688 -9084
-24840 -40233
61022 30558
88469 -17860
-46138 558
24568 66714
-98213 78353
30607 -60991
-83231 63597
99503 83687
92554 8781
83930 23364
-79900 -28321
47929 -80985
5172 -76492
-80567 13094
97909 94034
94639 -22089
80053 -42357
81919 -23573
75052 15126
71020 71142
42086 71317
-82797 46292
15467 -33640
-21245 -32125
53619 -10957
63829 -36843
15041 -92730
63191 -9789
56522 88791
49983 64930
-92710 -22313
90572 70563
33173 372
37165 -85797
10284 -34309
66210 -28935
60495 86128
-78218 -62508
-75261 -56756
94205 -76765
-75575 -15919
40871 -57904
51761 67535
66033 -55930
26521 59484
-61073 -78793
-1258 -82877
46822 -14537
-77993 -66454
-58773 29325
-48407 -69938
99651 37349
92217 58882
45575 -49127
51901 -54608
23106 31247
-2326 -30340
-99834 39086
-92156 76972
47126 44708
-85460 -57140
99315 -80936
14105 -57819
50085 24512
-65646 -72053
-35429 -22409
18522 63414
-71057 -88502
38569 75280
-74608 -29022
24811 21602
93370 78919
33744 -85802
36237 -56951
-60375 21053
24742 87379
-3254 -71273
-81116 29389
49998 36088
48787 57745
89395 -73798
-85779 -98467
86919 46132
95506 -4648
42813 -8535
-55866 -95244
50870 -88421
40815 -94134
47625 46855
-89776 -93960
90021 -16139
13028 32106
81166 -53808
95893 86099
42135 25769
42853 30748
84967 -99088
-47185 -86502
23966 -34004
84579 15946
63702 65845
-89639 -63621
-70816 -47950
-10866 -88094
35581 -30775
49524 -52924
-65061 56303
-79655 -42674
-82793 -99660
-37650 -35942
52374 -72264
99397 26605
89057 -6676
-64987 -40935
-85229 62645
47364 -50925
-96627 -78245
-58333 1478
-45134 -49374
15066 78207
-58384 -19646
-53785 -95410
69190 -47505
-55423 -98577
-24065 -68366
26415 52974
72141 26187
-99698 -14139
-8807 -76128
31429 -46877
78297 87565
16868 70609
-87164 -58026
35350 -56978
71350 31571
-73669 -79725
66479 68695
18286 11178
-95363 -650
75014 -40506
89183 -54468
30201 -71919
17505 23875
77595 -32790
-84084 -31691
-42883 -60888
76016 3472
-74028 -22116
69248 34539
33808 -26126
5359 -27231
2986 -88690
-50259 -15791
9397 -31477
-85600 -13496
-50931 603
85579 57762
9553 39004
40770 -66575
-33103 -67633
36219 -52512
46486 -87388
49364 -56622
22280 79070
74115 -33116
-49423 -30864
48621 -17014
-36293 -91987
-49263 24292
27050 62677
81396 98698
33050 -68694
19593 -9048
90164 -13985
88219 -65472
-82726 72883
37806 -28509
14309 25396
68400 13395
77296 -36947
49172 -18875
-85038 4175
48887 -25967
30121 -31089
14549 -57006
-39893 -27721
49399 23718
87637 -35978
-29791 -23477
-63442 -64767
-84047 -75740
20670 -43065
22689 -79607
-11632 -38292
-97698 -79098
59134 84220
-83301 -60264
78340 56482
13455 47567
-73454 33691
42206 47565
-54914 26511
35500 -94174
21138 -33827
-79333 18036
41676 -9186
87771 -9036
-63433 -27163
60845 79683
53395 -58936
-84862 -92798
5082 970
-51209 -98316
33220 6924
-19089 -73702
-20479 -38385
-29086 -12280
-32820 12058
49773 -79683
68834 55720
-29237 -4754
-47388 7670
42659 60665
64170 88622
-27588 -45214
-89214 92168
-17997 -11789
63161 -15487
95425 -63594
-85413 32589
43910 12903
12185 39542
78124 8690
81176 -21086
57885 44817
40398 -51853
45976 73824
10342 -36249
78432 -44747
-13292 -22909
-78692 70395
10031 10463
36849 -36369
82327 2174
19280 24397
-47369 -26637
-13698 -17618
68532 40956
-33102 -16097
13441 -80354
61824 23626
-22427 -22219
-80276 -52218
-67908 -81603
93661 82989
-54348 -89803
70861 53373
55003 -61364
875 -94570
74835 91497
71378 69414
35040 96312
87637 -95384
41655 96036
73722 -90783
-8929 -46474
-61341 -478
57941 31140
-77170 -7940
-59264 -17448
20380 -61178
-64612 52445
-69269 -61310
7112 -86166
28603 64601
13908 -95944
46371 23640
67598 -45240
39706 -71428
-92868 -93957
-46957 -81294
-57503 3388
-56292 34406
95564 71638
-74139 53872
-72506 11706
-58138 33171
5662 -18888
45750 49829
-87110 55190
76299 38103
-94581 74876
50016 -36740
-61999 30026
68610 -19412
-14807 -48591
-17864 -65321
49024 -91032
21705 59307
44142 55908
-67890 -57821
-72310 -42840
79499 93357
57653 -6600
-49233 4598
35047 -44731
-34866 -79572
32178 -77076
87771 76937
31810 -54931
-77583 -94293
-85187 48404
-54858 6774
50420 40486
18207 -67599
-88498 -69876
91799 -32888
54547 12141
50925 57394
54724 97932
-81899 -75507
84258 -66134
82435 -24187
6918 -88710
56231 -89178
20593 -99106
93045 43753
30216 -62495
25430 32911
16594 31722
-87069 -42303
-57487 4685
-7807 -77014
54385 70474
-69113 -32046
-63008 -55588
-57516 -71930
67344 -14084
-91100 20965
9932 4283
-86814 -66847
20122 74535
68196 -42228
-68486 -53051
498 -61253
-21906 -62381
18223 -50257
36121 84416
35140 77837
-51450 38173
47504 -97628
-95612 28898
-24405 -9655
21515 -11661
11461 6268
-46672 -37099
5261 12976
20476 -1145
17978 3817
-93118 -73815
47652 -44671
94445 -33302
-70025 -46958
-42191 -31427
85224 -20409
-59790 -43210
66340 -66460
-91660 21219
12386 -20570
82712 -67795
17326 206
-36616 -84031
50055 -28532
-46364 -9993
-69981 39630
79379 25792
24922 1528
46924 -73992
-27263 -62194
-30602 -44146
12020 -88545
22963 -95233
52455 12455
-41656 -77197
96006 -35714
-96156 -89050
88961 31828
-37688 -18658
25211 -87153
32878 15460
747 -61669
11360 -64955
55004 -46163
-66768 -19977
-62612 -67328
-17821 -72313
-41625 -86490
94974 -10373
85834 36498
43670 -51295
45725 -82829
31959 4130
97328 -12800
68209 28110
63260 97585
-52851 -81268
54125 -65298
59490 -93220
44297 31779
97969 -33132
21028 17393
-99520 18215
45771 -64706
73273 1469
43069 82683
-91570 -84915
-54253 -82278
38409 -74395
37734 -41372
97147 41921
33290 98369
49703 32801
-67996 55072
74056 19304
77903 41151
42520 78043
-76040 -58816
86693 59005
42165 -52558
21936 31892
72735 -1538
-90054 67998
-33307 -84663
-97453 -45217
-33106 -37255
50510 -26013
44586 -47116
-71613 -35415
-25641 -34696
-10039 -53013
43193 40680
-37263 -58314
84839 -31636
-24090 -57811
65648 42568
-83754 40966
74860 -22802
29699 40173
-48502 -17332
-89957 -12832
39307 8544
66625 72983
-98852 83298
-44711 -34719
-35885 -92585
62791 -48271
-38183 -58175
73647 67670
-89727 -33223
-86027 -15717
28213 46083
69485 -9439
5399 -93264
74273 85648
-95903 80924
14973 -56179
89501 -72412
17490 29665
40645 -59985
92204 -6820
-82240 -43868
38876 -42808
56039 -24556
79930 30858
-73685 27525
-89193 36245
-25120 -33406
66163 50345
-81024 -96929
-39430 -4392
65416 35799
-91400 23995
66730 36162
-95049 19651
-92889 -42671
-26692 -91957
27147 -68589
-63175 -15573
-89804 -84587
83345 -24412
-52392 -94396
38672 -96553
10728 -50455
-74912 46808
61426 -8937
20025 -52073
-57163 29679
41079 -59466
-22071 -63593
70729 94373
-89589 -29521
-48112 30012
-92156 81781
-86258 22080
-66815 46082
-74906 48341
20451 57718
1120 -90551
6997 -41122
-95375 -7714
73331 -67826
-60525 -13261
97237 -28944
34902 -83529
-20385 -38965
-60556 46379
-79933 -19047
9603 19690
49368 -37512
88778 -99605
9229 25475
15383 53896
-79225 32043
71521 -51876
-99215 -64958
-76547 -71179
15729 84024
-30053 -59950
52079 -32762
-7805 -44013
-93308 -33604
-38370 -77351
76861 33606
-81461 -81352
95002 -21074
-96618 13152
-24752 -63717
-79302 -34445
-60168 -97669
77768 44411
90047 29949
-37177 17272
15959 -31829
75920 45955
65940 32574
41914 -75938
-60196 14869
-94619 -55439
25152 -49884
14722 -78509
-51868 2281
-47527 22116
77241 74249
-61559 -5173
-98719 53470
-99569 -18055
85684 54197
88662 71297
72085 -3125
-55198 -52983
-63967 -72370
-90052 -4662
-42657 -13348
66032 -41107
-87610 -51977
10815 7067
59694 -73108
81484 18304
36190 16559
-95518 53744
-67667 46223
-65480 -43536
56500 -89051
34785 96626
-79825 -4119
52993 -2494
15048 -48504
34887 -28294
35140 -17775
72352 -8458
79894 -73979
-29161 -45636
66823 96916
-94327 -19377
85916 55860
-42414 -81210
19703 46708
-37856 -36524
69580 -48105
68311 -97847
-64890 2398
-99564 95615
-83181 -95388
-96577 81007
-34150 -78921
14397 -35858
-34166 -53566
45048 64167
70779 28621
98937 -8161
43252 -14823
26829 -85407
-75869 16269
24157 -75596
-4290 -68653
-6928 -24451
-4429 -60300
31429 -25828
-9572 -50465
65800 25602
-96178 -94321
98433 -8526
92757 31847
-92754 42555
-69935 -40494
54018 -9203
70475 59056
-68316 -42904
62860 64382
-71969 29675
22957 -92099
45561 32668
-12095 -34940
83488 -81712
-88491 -71517
-56579 -14226
30721 43659
-86163 64914
64604 47987
-67797 -97624
93225 29851
52264 -39387
-25420 -33794
-94613 -9289
36858 -88676
98709 -63821
67229 -44604
-18238 -25856
-21625 -52251
65604 -25183
-93422 -86468
8056 -93526
57139 -77245
41084 40150
-81007 -76109
63457 11573
-89824 -58055
-83498 -38573
32204 15725
17335 47087
55813 -10442
-75448 72172
-81237 10819
-85277 -51760
-58358 -91119
69631 -21093
22525 -32531
-28484 -37198
-62818 -73386
-78198 -58477
28559 68685
17883 -2904
16899 -72084
-74268 44114
-85006 -15324
79935 89712
-30321 -63167
66900 -75492
54900 -65130
72805 -43665
-86828 -89591
75771 -14489
69011 93880
6563 -86418
76980 99780
6623 -1763
35253 69662
-6511 -99260
25461 38422
36666 -17072
-29954 -19732
39995 -80125
25891 -1096
43683 96807
-72101 -12655
46513 76855
-95038 -23073
-94729 -88288
-96616 50485
-24469 -57459
39773 50565
-65463 -81444
39887 74381
11486 56416
68269 -3638
-44719 15074
-85170 -70067
33562 -83130
38260 -92863
-67293 43907
-88238 21813
33133 -98910
93668 64566
63748 -71428
33343 35990
99238 -56317
4518 -89885
96765 -72101
71041 43021
-7597 -38950
-53346 -45665
-98193 80840
89597 -60913
15737 -42146
49162 -44413
-66133 -35021
44423 -32581
78287 76265
-2619 -89871
-23676 -62842
24311 32262
1487 -55506
-97936 8700
-2845 -53114
-88796 85870
22422 -5524
41488 66512
-76080 -63859
99523 -67794
-84700 352
23774 -24104
31888 82253
71253 49500
-91324 83626
49717 18236
16284 3676
16639 45722
18689 -34924
-50374 -26711
44938 56766
44017 12397
86978 -19453
-95260 -63759
-57970 36939
38675 -58317
66827 42009
59483 -56404
-78013 65425
-64415 -32546
32409 -26937
-25099 -30565
-66796 -49120
40884 -84314
-96537 21746
16213 -72153
-44203 -44812
31793 -49557
-90284 55867
42267 75988
83248 -39895
69513 -76553
-96140 75252
65654 -62834
91037 -72986
12122 54574
34767 -76858
80235 -63528
21907 -85444
28357 33554
-20347 -58028
26059 -45005
-80580 -43119
-44716 15277
59807 -92104
24255 67661
-51027 -78845
69720 5434
9868 4852
-88814 -17974
-79610 -67091
71946 62155
85461 82628
-83950 -51454
84520 20472
67007 31426
27320 -18466
-70895 -72210
99207 -89108
17771 -64169
17721 -35239
-50135 -854
73713 42038
29547 -91666
54499 -33060
14628 -42985
55780 -14147
71046 -1194
17053 14715
-71536 48738
72488 -41501
86984 46290
26768 55595
84990 -52044
96164 -66703
7986 -7163
65145 -28505
-62979 -8441
-61320 -3824
40568 16549
-92101 16283
-28735 -91144
49183 -54107
66366 -58243
-53855 -47307
2141 -81913
36732 -67821
74482 30694
92165 -49427
32616 -84322
26198 -53998
98425 86584
49073 68677
7609 -42768
-35929 10424
62851 76622
56905 -17828
26885 -63148
65114 29332
83765 89549
81658 -24746
54820 -59993
-49048 15217
48803 60856
-78784 44332
-53254 -20634
46822 -79159
78277 71739
40464 -95454
75882 70891
92599 -76480
57180 17188
87282 26811
-63554 31935
55932 -2284
25821 41164
67534 76777
46050 43761
2435 -49725
-22595 -64863
