6000 5710
-30053 96624
-13977 -17890
-67302 67269
53347 -31476
25484 -81637
87924 -32372
47371 -96715
-38315 -95157
-78030 35641
-15595 78899
-83786 50106
-45852 -81377
7960 -22692
-17338 15033
36185 28552
-93127 1437
-395 40588
75193 -51178
55133 -34635
-65034 -41194
-49670 -83993
60806 -47635
-26097 -7901
-72557 -70117
-12372 47663
-33903 92664
63912 99959
36925 30453
-78656 7996
-78488 -31234
76402 19818
-53447 -66288
73188 96697
-78706 14448
-15571 -3948
-63487 -30520
-23590 26397
17477 29428
48772 -76011
-58396 66964
60273 -96243
-45742 -9488
-50885 -89952
-86006 82544
4851 -16441
57978 -46242
22360 -73326
97908 32837
6683 47924
80693 -95342
-43399 -83589
1329 -90507
-95838 -73274
-67600 -56413
64996 65934
28704 35061
-89528 -7077
-11193 -90043
-9097 -4089
48231 23557
39484 70961
11333 -41253
96907 18655
86539 -60763
75982 -30162
-83291 -50310
725 -32900
50018 -4249
-34568 84087
38683 -57719
-69664 -92852
-67380 60926
24753 -71120
56553 -82405
86664 -95580
-47376 -55521
-34693 -33005
-59700 -81072
12524 81247
-81785 -53613
-79865 -66884
15057 -53800
-83708 88491
14297 -8289
-19026 -22475
-83893 -6276
38295 -79235
-52985 72153
-28885 6954
65263 25139
-68290 15545
-49908 -83822
-19656 98187
5744 -4649
-27165 -12555
58707 -96577
48722 94833
-37690 85317
81963 -28179
-88657 -75920
-21957 71013
29417 -67474
31395 -56270
-912 -97523
-26926 11052
61716 -41042
-58462 -41618
-96301 79709
-55011 -88101
-50476 490
-89891 -12926
44808 -9901
12479 -78686
-39131 31148
-36924 33941
25001 -59994
-26320 -99255
-26490 9143
54857 99555
54604 -35304
-59491 3351
82054 -28676
18025 -90028
-15745 62282
91634 -79338
-15375 -11146
-37740 57816
-42049 -74878
-70135 11549
-59654 61099
74424 42953
6229 62609
17105 -7621
-53055 76414
-70270 -96404
22748 -11836
32346 -95871
36544 63884
89767 10682
-82028 51955
-60983 -75376
45741 12869
-87765 6168
21282 -5313
-52091 -88113
31861 -18680
-86603 2479
-16969 -64719
72 -99820
-25021 12530
-32292 -40027
-62009 -20954
20338 -79916
5285 -98130
37958 -20051
35089 79278
-48468 39760
-38145 52950
21131 73350
-99712 -66625
-81085 33348
76852 13740
86678 -5782
-59975 -21779
97315 1813
96405 25740
77682 -45049
-14220 59018
-35841 85797
-25153 -5965
-51153 74746
-5591 23461
-69171 -88292
15243 -253
80796 -48904
-20344 -23078
95573 -77803
-69229 46797
57067 -63308
74339 62672
-99699 21219
86942 -4933
-91491 85877
70784 -87239
24650 89774
-74785 -56435
40828 56516
-85364 17601
-179 -90666
61073 -14845
1788 -77295
-42731 35319
28701 -35944
-15432 47441
-9359 -1417
28430 -53121
23974 34661
-16808 74326
66680 27837
-62532 -31000
-23404 29675
53479 95452
-84903 46540
11834 -62180
-8181 -88818
14723 -336
83254 -72266
28073 26096
20765 72421
-20860 -521
82463 58966
-29229 75668
62415 -64700
-88938 84386
91661 -42105
85194 36009
-12934 70332
81288 -89264
27789 50734
-98810 -24820
-3477 -20715
-65992 -98165
59420 28120
38188 84020
-86159 -71169
6243 30210
69746 -32214
51928 -34182
46172 40538
-28915 -87826
-44379 19763
78912 -40289
86266 44505
-93532 -14406
74160 66993
87233 72369
76812 -20807
37407 97015
-13554 -88793
-54814 -60467
48130 41455
15285 90569
22332 -55628
97493 55663
5920 15246
59556 76074
-68997 -61184
-7786 -29549
15704 14843
-23796 60014
24516 -32127
-60782 -31507
13711 15840
-30501 9563
72393 54476
-34197 -37588
-68405 -53803
55333 -51276
-78248 -91129
-79807 -90748
87564 -13709
-22157 -85819
-41462 51547
5053 -84431
45992 -11192
38495 -8108
-63369 -41406
-18355 93210
54146 -90185
-22473 71475
88660 -13553
-3693 56184
-93637 50506
-63778 -25342
-53730 -23020
-48074 47206
90063 -51138
-14663 -78415
85261 -3493
12874 -86613
-7345 255
51522 -82200
-72769 -83969
14402 80156
-22725 -48177
44769 -16229
31757 263
74416 3949
-74131 -44596
57472 -45942
25341 -79857
13204 55443
-6159 45508
-64697 46263
24759 -86830
-78009 -28344
-90690 -51906
54075 -81637
64236 67117
-37866 -68419
-39750 70943
-30203 -6049
-66223 -42093
39303 -43655
92357 73617
2237 -90089
33604 -93839
-42218 -91869
36908 12878
19132 -96878
-61194 -88692
-36934 66425
-73907 35555
94270 -94925
-26408 62683
-65417 -4430
-15630 91753
-21995 28798
-45492 26127
26192 -52728
44558 -91313
-30606 -98005
48544 27953
41292 28726
-61188 -85398
10171 49089
18939 15067
-3596 -4324
-18999 2000
22032 34464
33752 76098
5313 41024
-33324 37558
33014 30715
-84504 -747
-99972 15509
22720 32958
43296 31530
90774 32563
-46224 91467
64239 -84818
98066 48689
-84490 -69234
82773 88680
-20853 65349
8246 25062
54289 -19848
-93919 -13109
21923 75953
-32299 42303
-9125 46982
-62880 51512
-29865 -26036
40809 -24302
-97945 -25275
-25839 -30608
-18610 -1968
33021 -26763
21142 435
-52020 -69102
95104 55126
-19199 37775
-79892 34885
-63114 -8531
79462 -40345
-7445 43682
68262 -39831
65597 -44218
-4556 73075
-63171 -4164
93712 -91011
40381 -51774
-93660 -72374
-1199 20912
-45283 61606
55674 65691
56569 42644
-94694 4366
-25220 16361
-4667 -95707
-64211 32273
-60310 -76794
1577 52588
-33324 34651
-94817 -98332
22205 -74764
-41985 -97010
528 45177
-30219 -97354
-90517 44962
30989 -37429
14922 33805
-59318 -29303
-80538 -12422
50774 -12220
43355 -96081
-35791 72373
-58900 3419
-33982 59503
-98698 35441
-34176 5981
72132 -36460
-70289 12826
-87826 -4431
-85789 49240
-3733 -41614
35543 -55197
-80078 27092
-46864 -65589
11653 90461
2056 -4715
-76864 -65599
-2640 27098
91574 -74920
-48822 -6405
-80783 -35015
-33809 84307
69722 -50193
39623 -34174
-61354 -73056
46727 -53577
-62874 -38751
-62946 44117
-10570 -82762
-19443 35765
65918 22115
56802 89127
-15276 84580
87415 -56692
-74537 -10153
97849 -18969
50850 -28166
78860 -10630
37881 98218
12496 -33046
-36323 591
-7761 -19272
11096 -94182
99715 74463
-94079 -74082
49003 51331
-30999 -80993
-43175 70572
-10061 18112
-38467 71677
82390 16935
-26640 -12516
-71316 -45819
-67082 42186
-21746 -47993
-65448 47195
31306 41252
-26490 -41377
-73723 47151
43761 -75806
14993 -29629
20937 -16757
51838 33093
-84362 31163
-88308 -25130
-4560 -23148
81787 9898
-83775 10174
-95316 17531
26984 49777
75252 -32364
-69042 996
56668 22148
-44783 4251
53314 -66519
40998 16461
69883 -12816
-98819 -58081
-95171 85838
-6553 -19504
-27277 7831
89667 76256
29034 -88675
-48627 91677
38737 23918
-24232 64864
-32865 -47241
-70741 -57132
79185 26852
94754 -89020
73363 -68994
82688 58834
-78199 -75325
58734 -60112
-10378 -49566
-19444 32776
-51861 -45764
-44373 64200
26317 -61542
-51671 -67912
-29036 36229
-45766 -25818
-39456 7392
44662 95358
97241 21405
624 26961
34222 -37407
77694 -49891
-51418 -7783
-18995 -61971
57323 67924
-93580 75565
41942 42278
98443 -52239
9470 27957
-95256 26030
-66356 -40405
76605 -40169
-95048 -81369
44517 37753
-76170 39511
71111 -41406
95772 -17539
56001 -86161
87048 84482
33890 60812
38985 -7245
92064 -38264
63676 -18475
-9813 -74599
-59462 57643
31459 -45632
4213 -20596
7412 -44955
-49100 68103
-94560 -29379
65595 52146
84547 -33462
70179 -94655
61872 22661
-48654 76880
54255 1852
36505 31886
20387 2653
-78243 -44797
70364 17779
50418 -54492
24027 -65853
93426 -58880
92308 -20715
-21538 -72473
-16418 -80113
24172 -34375
7511 -74545
46874 -76197
248 -13430
-10823 30346
20350 51743
-83908 53206
95374 -20444
-79344 -75006
88024 41646
71003 58800
-94850 40974
-91854 28359
6894 15304
43991 -21037
63197 -77391
90140 -30307
-11322 84408
-94206 -20418
9010 65678
-18879 13930
-22589 -99815
-97535 -30627
40894 -50935
5359 -96125
-51635 2976
-54800 -17579
37541 48863
91499 7458
71595 -97107
-39878 -86550
50667 -79945
8389 12111
-61641 -90927
-724 -9054
-92288 -67005
-72708 89356
87372 73999
40476 -91885
-49338 46819
-38460 -97144
81272 70301
54352 61408
-17049 -91224
6790 -30972
-53984 21748
-76219 35436
-63108 -87921
35501 71761
-17102 -40423
-58834 -18144
89323 77724
33695 5852
30826 47525
-37765 -35759
70981 -42346
45512 47890
-33097 -48346
19214 -90605
-86374 -12336
-6994 34718
-61244 -43851
32005 39106
-81021 -8149
65414 48016
54313 -17512
-99589 13498
-96682 -86196
-19996 -42623
31214 -25346
-57753 -40530
-84248 -36606
-26948 -39409
50291 -47874
18213 -11209
19749 -73875
88675 97859
85150 93638
76088 45254
37505 49689
-8289 51521
-63198 -86966
29092 -37471
-44199 42288
-15648 30997
84761 89621
-70877 -63902
-50341 35331
-42828 -50559
94044 49182
-17559 -75442
63776 -95798
-13984 -6300
6699 57126
49056 14609
-33337 71823
-81711 20016
29485 -7670
-29919 -51414
28034 91594
29090 -31052
50002 -92283
20729 -31495
34402 72335
-59043 -16455
-2292 -4651
-46599 -58299
-46606 -12931
-12185 -98461
-99815 23342
-46489 -7962
-35642 78795
5908 91648
45434 94163
23050 -55482
-14417 12071
74007 -26162
-60916 52667
8099 -66878
-89198 -98403
-80785 14803
-24582 37617
55328 35329
76929 -67785
-32311 82975
14563 58201
-29479 -30936
23246 13772
47774 -99841
-43937 84607
33204 1658
10981 -45906
52013 27412
89955 -93037
-49963 -75976
-5473 -89756
3886 97246
84182 -53070
85183 -13790
35212 27130
52225 12465
-24558 -31095
6197 -6696
54126 -60435
-56329 51614
7623 -50952
-80199 90986
-5144 -15814
1921 94074
47848 -24509
-75475 -60036
-74717 8214
-63644 31699
-2262 -51119
-76860 -68499
-81905 26741
95651 10713
-60927 -10711
-38049 31661
88870 -49868
9669 86954
-56911 -10042
79224 -22
81978 81818
73170 29790
-54332 13978
91742 96318
-80381 25036
-22151 -81979
37541 150
59016 -73389
54244 -500
-43637 48402
-26153 -25332
-30686 2114
10595 90442
93336 -22926
32023 -82825
-79845 -69839
36418 -97113
-99235 39938
59798 33060
32965 80198
57262 78908
-93753 47118
-85534 53855
-19165 88188
-39656 625
-56465 24165
-82412 -32848
-36513 -41071
-31067 -61606
-87882 41311
-13786 47520
-59885 -99883
-74574 -52421
-62439 -64321
96845 -61372
-91271 -78207
-60154 12613
-43874 -45838
84224 51035
-6896 -97659
92134 -77665
-45108 7695
83739 -78544
-76559 -7475
90838 8143
67710 -49679
-15423 -55933
31897 61813
18283 -69048
9382 36573
87 43390
37005 6523
-36663 95670
16629 89670
61894 58124
66596 93138
-50960 -48610
14333 29094
-16628 75842
-74918 86392
3095 -29701
-13070 36291
6523 96094
81873 53380
-45594 -9445
33516 88881
-42325 43606
-63511 39544
-2092 92933
90928 1844
49065 -99799
22719 -8701
-37906 48906
-33980 -42146
5350 -88052
-31668 -8237
-30048 -90470
-58811 -94456
10575 51319
32304 -23745
96203 3134
-12865 57226
-86634 -43864
80249 -85859
-13469 79866
-72769 15289
8949 90414
-50752 29916
-93792 79547
-19730 11392
84231 17359
28791 -5785
45491 -83032
-70781 -99149
-34156 -5248
-61110 57246
-18972 13044
-56005 8570
45187 56885
3544 47115
-86229 25023
-36695 21776
-42474 -25911
38988 -77251
-73806 60289
12171 -91434
93514 -10024
40454 23207
-90922 -61853
833 74964
88076 -50165
-15909 84660
78560 -73055
-57717 60319
-86630 -4417
-25533 3553
12724 21961
-94039 10736
-74856 12029
86483 98420
-10932 -75146
-42655 -73089
-14447 -88075
-74536 84769
-75744 51436
-97412 -44811
39075 48959
41443 -48906
96197 55747
85674 -81152
3722 32207
-11951 -96714
57210 -21995
-75032 87959
7925 83298
56248 85635
56901 55006
-49094 -32563
-67770 -94891
-19942 -52717
60470 79262
33170 44031
17581 48246
-87720 -72833
-25906 -84210
39716 -82330
-1216 98843
51268 15310
-97238 -30102
46455 -44775
-25101 30655
43516 13671
50216 -80530
-71860 5120
50233 -82935
-34514 -29109
-7185 -6801
-50713 -19355
-55353 -28766
44602 -89369
46519 3065
87945 31252
16915 3212
84326 -20949
13947 -84169
14523 2425
73349 68776
88752 -23398
-49765 56035
74746 12998
-74547 -27700
16971 98527
-1408 60916
-87156 -75333
76389 -76341
-65808 -34099
59287 52216
42913 -72516
-22619 380
-29364 51583
-92341 -77653
95375 -88209
89443 64057
-68274 63381
-97878 5585
29265 95583
10283 -57384
33805 -77573
-69553 5429
-93639 6015
97266 10088
-65573 -26503
16926 -17904
-46658 37154
12176 -96888
2714 -17798
51794 48299
76499 -69381
79517 97337
1855 82280
-37620 -85772
-41965 29467
15029 32372
-7653 -45020
26203 69240
-69950 -92584
-90797 78776
45400 -15629
-75016 -62921
16419 28173
-55055 -71992
8620 78453
24569 -32292
36632 -5427
23283 -88436
-18038 68248
-31025 -80203
80093 -62411
-76593 18348
11075 -86552
34998 46192
35827 93779
27658 -91626
16122 -70138
979 82463
84853 81494
34245 -33983
4281 -21743
31976 -47859
-44326 -45718
66197 -49123
19820 50343
-77091 -2560
23822 -32988
30647 57363
62045 92123
-59806 39521
30521 -12987
85412 -48291
-39853 -14132
-51050 -12609
2587 -9707
78200 -85619
-74103 -76239
-44674 45148
39427 33907
41885 -12048
-4349 46135
25229 95796
-4590 -43137
-48014 -35512
18416 99628
33324 -16988
-1762 6997
-23223 -39909
32561 -81131
20946 84709
-15433 -39050
-76325 46075
55009 -68907
-2477 -47417
78235 42600
65790 43259
6451 56984
-8085 -56233
71131 77026
45195 24213
-86655 -9407
-43052 68711
-34622 -35075
-93918 -46832
18136 -6346
-22861 5093
73039 46290
93147 -20642
-69465 -68122
-28345 81070
-51370 -87347
-46636 -53829
32716 4630
-30395 -85226
7010 79816
-17647 -80800
30770 85979
6583 48074
-59897 -4761
-13541 97777
-64636 -26523
-56767 10047
27554 65225
67297 16661
79606 34957
19364 46872
-86372 48785
82477 662
67411 -22501
-74149 -35595
20276 -77918
22504 -11380
-48308 23449
-87838 53230
50707 -80478
72504 63935
74326 -91542
-80983 -31264
20154 -12942
-59531 -3048
76757 56664
-93705 -53449
79668 -17588
73187 -26008
28087 -20533
-46948 -13656
13259 45894
-80206 -69958
-65050 -62829
97136 -42316
83986 -83654
12346 66628
-22022 4612
-28391 -86893
64702 24485
-12807 -50088
-6548 95539
95801 24179
97957 17279
-84603 51560
86296 46268
86613 88902
35969 33341
-74040 12411
33233 97753
-32310 77279
-9195 -1524
48065 -92851
51459 34656
-93440 -29951
-35138 71491
-91433 -24170
-13489 -15636
-51317 30413
31137 86079
-15525 -33356
2658 -65470
50604 78318
97667 64162
-45044 26794
-66708 -99742
70482 59677
-47028 -11096
56534 5090
-82666 -43717
71450 73411
51415 -47474
53376 -82124
-94583 6045
51281 80407
21896 -87
7000 -89395
-92221 6295
74667 12853
-57896 43302
63279 -99807
40254 26511
61557 -91315
52227 51037
95392 -8007
87956 -28463
44523 -27205
-64459 -94508
33370 -25101
36446 -37911
-91099 -48986
-3722 9219
99122 71615
72046 -10635
92753 92680
-4453 6023
23169 -42259
-3366 -73908
-4561 27618
35807 647
55708 -51778
-65263 -5887
20432 71370
56990 -16127
70375 -47396
-68674 35836
37534 5434
17559 -69380
84465 2517
62081 81863
29281 95487
47626 53986
-68743 -14411
21728 93329
95085 65066
26634 47797
-45048 -90043
92388 -23892
82308 -55772
76082 -54284
-20267 51385
5661 -22633
72677 -78374
-13457 73273
-22468 -11512
54591 -38770
78729 -64278
59565 6880
17722 95418
-85962 -17811
97945 42232
65829 -83830
20762 40944
62839 17005
7914 -15798
33146 -45755
-47199 -43582
-83676 -269
58559 -86490
-73447 -86311
99511 -81894
92315 -30328
-92797 15419
33509 -93763
-2232 -21912
51395 -69459
25198 -42836
52407 -97231
72779 39349
71279 -35120
-96295 -62191
58717 -49544
39423 62695
-64746 -74499
-50469 16867
11968 77421
9789 -47290
-59013 6570
-51304 66957
76913 81520
-5303 -3465
-96905 -6843
1023 -95066
59270 1996
82957 37898
-67976 88243
90006 -86390
-86006 -84620
89050 -3489
-2979 -50392
20217 -79652
61474 -13868
-64835 15718
-83202 54865
-88314 -72005
28 1787
75252 -21667
-5211 53382
-1959 95102
-22410 -59191
-42200 -64209
-26832 -88239
61914 -56678
83801 -16800
41125 75335
-29330 -34191
19136 30567
40386 6717
-93090 -49518
22282 -73340
-81938 53503
49104 13099
-12852 -19498
-49118 94486
-22972 87907
-25082 -69626
28828 2040
-8848 34145
55633 -44854
45605 -81119
24665 4972
-12348 85939
-13784 -69639
-28831 5965
68989 12771
-63870 39142
41949 -35248
41906 87444
9307 -80089
17780 -87706
58813 -80875
-17361 31566
-15551 -89885
-58941 38057
83306 47114
-31853 -88327
-500 3701
-99332 75949
-49939 -1427
-18356 -21384
-49185 64584
-72030 -52612
98104 83555
81551 70188
55566 8958
-71415 25063
35383 92037
53101 45637
-46523 -6389
56570 -20806
903 29796
8832 -7605
46973 -81841
-37315 84170
-47749 -57957
-20623 -98773
-15388 -29045
34617 -63735
-71812 -47513
17882 10077
73537 -4911
-49831 54043
11873 32823
98748 -21605
-74220 -50692
84949 29387
-58067 17313
-37865 -79748
-45181 -9982
-41472 -41854
-21652 38724
68144 49694
67236 53079
-91481 -40557
-24113 93559
-47746 -80416
-55756 -85369
22738 13308
96199 50414
81504 -26865
22464 28971
49398 -83377
90946 -57610
86107 75087
-97652 -26483
-10412 49782
73587 17923
44074 -89793
-73807 4375
-24460 -38858
83964 -76109
-74655 15104
1516 73101
-23453 -19789
12073 66112
-36352 29275
-97497 6203
66189 -69242
3606 -90083
4720 -63838
81361 -43626
61142 34213
11215 12771
66049 -60444
45479 25614
99373 25749
-17096 -34723
-24414 -55387
33998 -95568
48097 -33602
-97662 -82730
57058 -71179
23666 -94008
28904 72174
54312 -2531
56368 -42394
-48542 -92582
-6557 82901
10822 -17296
20966 -45114
-60823 -23707
76938 -20361
-22373 -91085
73223 -93234
29786 -49661
33892 -15693
-74668 40828
15007 70004
53398 -59903
28027 48688
95466 70770
90609 58921
-17174 45371
-40491 49832
-65736 -48384
-84102 -61712
74899 24502
-245 64012
40011 -57405
-73997 49477
36267 89131
11290 89539
46790 -18162
-78607 -77145
81091 16923
28440 88507
58012 71150
-15659 -85442
44120 59252
-68677 38284
51585 -33086
-55278 -45352
81643 83703
-79257 -72401
-40382 -40519
71444 61997
-19492 67188
-88229 -70520
53545 -53774
88115 35851
-16690 18267
-3613 20916
-35752 22803
-68833 45141
255 -84234
65143 89845
-17043 15864
-88353 -16137
93209 -3137
-98120 84356
83741 -28346
17035 -58356
97831 -41908
14869 89184
-44445 -20529
41876 32225
25486 66835
-61366 60143
74639 96409
42510 -34584
20569 72120
46063 -62308
33643 -64944
35883 64620
50647 -41208
-45434 -62103
71309 48528
-94147 44038
62471 44387
-3505 -35871
95712 -37441
81177 66648
-66032 26982
-83549 7324
-62373 13032
-91646 79731
-20973 20777
47346 -50120
26384 69762
28267 -59718
-15038 -9589
37949 59355
-19960 46398
-28148 59264
31870 85972
-36557 -11389
26466 -51102
29376 74746
81280 82672
-93689 23570
-84349 -602
-71109 -55707
88107 86143
-3306 80186
-13662 93020
-96772 -42525
31999 -90969
28056 -28288
-93143 45494
-40686 -10517
-99540 -62118
38417 83536
-47600 69032
23186 27622
47663 -70521
13742 39718
74477 -10322
20339 35158
57347 -4912
53338 -38648
-27834 19153
-58303 -5598
53992 -26475
84282 -5104
76076 -40474
-86731 -33523
-66919 66025
-46973 -6407
-88869 14523
-77149 -32146
42001 60067
47768 -59521
-65513 -92890
57045 62978
99831 -46532
-27631 -57152
92069 3007
-72008 3986
82589 -31659
-49352 69259
-39128 -69327
-14283 -41069
-19084 71695
76011 -53695
-97830 -21716
52970 -42118
20499 8004
-5367 20164
99114 -55879
-84049 -94568
60384 11820
-31900 -57309
-99190 -78288
78306 -64528
48182 60517
-4142 -57098
-62100 86884
97364 38296
-34592 91809
-21351 66054
-14686 43905
-23233 -2382
44700 -27737
70328 -88748
19514 -19009
5110 -66704
-13057 -84529
-95783 -16932
60881 -363
84849 -86610
-41825 47839
31783 57765
14940 67822
-1888 -92086
-37686 82374
24374 58148
-83875 45290
12403 75533
-9639 95235
79632 -78199
20725 78502
288 58222
29824 -54044
86495 78656
-31947 51318
90384 -54451
68865 5583
-99413 35294
-89411 -36255
60845 -62189
75984 59118
-73815 -29640
28733 -97592
21642 96239
22300 48250
-85360 -57995
86204 -73277
48663 -30614
-91777 82371
34799 82102
9442 -80506
65641 63862
56828 2673
24985 98721
38680 -26010
-58241 70118
-68354 43640
90383 -52528
-57201 89829
71310 512
43192 -3107
-41005 -56556
40817 -80226
-23306 27587
-912 -96891
-39653 24531
-35819 -9123
-98204 -69488
63944 -11252
-97020 -79820
54750 93926
-57362 6712
-15596 15633
72402 -31074
90401 44292
-49080 -41454
-13739 47708
-62158 27509
-32203 -21672
1177 17760
77791 -32369
32152 92120
69112 55953
95594 31362
-93732 50531
-76918 -81032
67582 60884
-70864 -32202
-28569 28051
26545 -23262
26497 -84390
-12153 -65051
58178 95382
-29613 2870
-59528 -1231
-59648 -87553
35356 -92256
27869 -73764
20585 53229
-83606 -97967
56303 -96484
-38565 -54823
-10125 -57851
28787 35619
84017 -22183
-10125 61875
67258 44142
-58451 20522
-43405 92854
-44839 -10279
-62768 -23538
-32071 15692
39604 40618
40023 55544
74126 76871
8454 59882
36682 -44417
-95986 21318
24723 -7343
29248 -91859
49866 -23954
57693 -84119
73950 -61930
66105 37328
-4827 847
-36777 -36765
27447 18480
52066 97084
-27031 -39886
-71132 24133
59932 -22075
22721 38556
81596 42855
57712 -53477
-11162 -13892
-38388 -89308
62826 -81943
81194 -33179
-2905 98759
-18400 -38042
39613 -7532
86415 68749
-91016 -83873
-51884 -21913
76143 -87732
71389 98601
-11640 -61248
-24032 -5862
-40494 38043
-22741 57934
-69925 -80367
65827 -11949
-66756 2890
46347 11585
68281 -1303
64092 83192
24954 -4617
-22096 -42986
-3555 -72900
76326 67216
-2498 74429
-87589 415
-57831 47372
-66116 -77517
-83501 -18296
-77734 -86658
-30987 63034
44942 -62557
-89664 -7658
2856 -24413
-10085 -17856
-46584 84583
-16847 12869
-71479 -18701
41790 -26590
-69190 -30594
-18372 36164
28233 -33271
66864 56838
93407 67199
13908 -20824
96708 -87371
-54672 47597
-30124 29248
50960 26087
14775 -14415
-90189 -61702
-48998 -40543
-76607 56321
-38840 60228
68870 14568
-72095 20838
-95410 -86828
-87553 10627
-77540 44889
56539 -68042
-78151 29797
-24747 -194
-37106 -9403
34255 83285
-25561 57114
-66359 51426
78050 84416
-53031 -26755
55947 -26867
-77879 50
16199 -75877
82236 -69284
-56683 -84508
-43574 8662
-72050 43602
80937 93914
35865 55384
89344 -63030
-78712 -97202
80105 23072
41075 -88708
-56410 28349
-87299 -47764
-25601 -79270
-86488 37012
-70647 -95753
84829 58833
-79870 -7815
64571 65794
63069 8230
99279 -62208
-37560 48085
-98928 24107
99231 -51225
-67191 -8469
99384 54123
-34576 -53817
-97598 -49919
-68354 25648
-45885 -33528
91592 -3595
94292 -4894
-54711 -19724
26582 67965
-73407 -56735
98967 -45301
-62031 67051
14712 -17798
89383 14739
-73292 84267
31319 -55613
-93339 -93959
81463 -76291
-6683 -56001
-8971 80706
-31567 -58271
62792 -11276
-62916 -97308
46799 -3216
-28718 97144
-72269 36967
89502 24024
-8146 -87238
-85623 90443
-40059 63372
14173 -93713
-5052 22242
-21200 51746
4471 81547
98934 -87025
-11470 -87622
-60249 -45702
22690 -81438
-1048 18735
58780 81795
78562 -96231
-1252 42009
-83391 18519
-80783 -35026
20972 80668
69712 -85040
20681 32382
45700 -13599
-50487 77992
-9447 -69754
28509 46678
-78938 -25428
33900 -17772
-87399 43808
25238 31893
56343 674
13207 -50568
46071 11007
-3589 67889
66428 85967
-24108 59762
-2079 24227
29929 28516
24935 6643
-13149 80647
-41535 -70682
-32127 -87058
34243 -20792
-7214 99163
67215 -10398
-90725 81947
-4044 -16658
87265 -43206
-32979 -154
-37392 29441
36624 15672
-6908 99183
19280 38417
95699 -23489
-72391 22798
-46136 -17439
54864 69071
37396 -18400
-4769 90023
-35790 36522
-56427 -92931
-14890 -83009
-11328 74385
90496 33643
55694 5253
47023 27385
-65086 -78984
-74937 11129
44030 -14969
77321 -10924
51863 -78560
-40047 9313
-22891 55298
99327 42315
-53974 58705
-57447 -97494
-46845 -74429
-76044 -24264
-15326 79956
-6092 73379
78383 -842
21228 77974
85488 34733
-72246 -21186
58658 -55949
-12774 52821
-37479 -62865
85871 11290
-14110 -78177
-38886 -34426
-66550 -65135
30605 40980
-33935 43722
-18802 -26870
-65283 11346
-78462 8206
89230 -22415
-85934 39929
-99433 -31937
33878 -67604
-57734 36048
9590 -25040
26594 10954
-96514 -15905
-80096 -39829
-88315 83660
68873 -75951
72848 -7026
-23185 77755
-4737 20657
-12376 -35070
50908 -32325
65133 91695
-30251 96574
38487 -48576
-77097 55840
41911 -22087
82260 -90565
-35559 81116
-16903 41131
48147 -50665
-24402 -70460
-29311 79612
-76423 -26033
59962 95918
83473 -12472
-17540 -77184
-56219 317
97145 -85071
-97773 20049
26238 35493
73320 -50569
2380 85356
652 86363
-57392 -13819
2044 -2776
-37779 -51855
9439 54944
27161 -27812
-79892 -77116
59967 -37403
98651 -80853
-68224 -3587
69675 23769
42782 -65751
38946 -79494
-20877 -63466
-27980 -33075
-75961 -97261
-46445 26634
7385 -27156
46215 -41704
-3119 -35584
-26162 -30981
90627 69482
-78645 -70344
70855 -80539
62971 29921
70046 -11615
49532 -41458
7508 42111
47893 69857
-84235 -16715
-25504 42034
50487 81871
-14618 47078
-15520 78457
42119 -33927
-93 -2693
-2062 74115
-58642 -28419
57059 51470
47695 89863
33493 28628
24637 -58118
45082 73929
52480 21225
43878 18259
-11839 90657
90741 28444
22773 12155
40439 -3989
-23479 -28324
-45509 -59126
19509 75899
25708 93539
-33615 50082
-80455 -3834
-14288 46833
-90060 5058
-40166 79991
-16630 -11094
22923 10689
24384 54210
-7283 85806
-43135 -22667
-48849 -47020
12413 85386
24591 82876
65517 -35215
28908 8904
-47301 -58795
15332 -54247
23070 36792
71454 -54157
92830 -60
3306 82081
13980 8526
-40236 80127
-6524 83400
63954 76052
-59286 38943
15930 -33103
-10970 -81671
10067 -32239
77516 27908
98180 -93396
-28395 92337
50747 -60793
-8185 22104
24091 -79831
36423 70492
66985 16824
25384 22531
1669 -54041
11079 62792
90501 32919
-50520 24138
26234 24782
-13361 -58360
31240 -81561
97144 -32781
75751 34706
69119 -64417
-98561 -3142
33955 -77660
62822 81951
-65598 51078
89425 58629
52078 -48833
-19696 -4995
-39542 -60403
60835 16850
-25226 37566
18088 -60537
-67504 7363
-48841 59383
92775 -83167
92066 39480
-91326 27425
-58665 -33281
70950 24134
-23458 -11309
-85630 -83713
-25475 -31173
-53893 76302
46965 -32862
-17770 -34149
60297 -95991
-9126 23769
-92688 22437
15084 32249
18701 -32648
-15451 11067
-11320 50960
16616 -20959
-46677 55614
-19541 -48802
74147 86302
93284 1834
81127 56636
-39311 -97803
98749 78670
7931 -52467
30889 19279
47648 8479
-80312 49289
-30093 -78148
41084 69129
33374 93126
83701 35808
78699 52371
-24922 -55374
-578 5752
-29954 96649
86758 5533
71863 -42989
5722 -30882
47121 26640
78764 13780
49361 83369
93286 -14941
83702 -24505
-21862 38155
27411 -27736
-82770 -81411
-29522 40820
-75115 14606
81652 -75969
-1397 24175
-57972 91547
67157 -36348
-72441 56212
-70717 -49973
-4864 74707
43111 -92051
36699 75925
-84680 24628
72706 -73267
-23398 35846
58976 -89132
21494 -91612
27339 23877
-29677 -8527
41135 66264
95535 13786
-50529 55291
86689 25111
-64073 63967
43955 -24742
70551 37961
80044 43996
6575 23943
-11292 -34530
-71512 -18235
-61704 48063
80412 53767
76507 36444
-14337 57994
11920 -41625
-29175 41573
82740 -13437
-43090 69529
-57343 -36726
80593 6740
-70312 -97247
45427 73843
-22836 12883
-5588 87006
-35315 -33139
-38149 -28788
-31032 -15369
-40657 -6186
56859 65302
89046 53897
-62910 -29346
-19250 -40198
-13986 54652
-34716 38334
59654 46072
-21681 -77528
76048 -28017
18561 -93068
82158 73961
6089 34385
2506 -82592
25611 2868
50130 62148
-66523 47672
80571 -81388
1729 84857
-4503 -35600
74114 63648
-1618 -56358
-61974 -76284
-684 28880
67390 96901
44164 -51978
93685 -42834
30784 -75294
11931 -22617
85615 -57289
76377 -72256
41689 -15742
24877 -13412
-1145 98861
79211 43464
-72837 85108
65255 90041
71059 41877
-90628 37214
89015 -71821
-27487 62065
35361 51243
-24770 19001
91342 37570
-79495 -17173
40959 -10628
38143 -45684
-20060 -17461
84076 -56166
-61137 -85226
22780 3519
58569 26529
-69055 46354
-59597 18854
72147 -82345
24358 60244
25164 -75507
87242 93207
-10533 88492
-6624 52366
78312 -13065
7578 28441
96820 5986
17988 -7523
81760 91865
-21798 3459
90894 91726
-92929 40701
-56798 7495
-71200 61825
15357 -46000
31491 27886
-88064 -70026
72828 -33511
-81562 -55058
43185 -49848
-66959 -72606
18769 68728
53487 65282
-52456 56055
39964 50554
-95419 11036
-66049 -60183
1709 31605
73221 -3846
-66399 -58534
53450 -5067
-26103 -60555
75804 45229
-38060 46147
-25189 97370
29671 18701
-96052 24273
-66388 62240
-78477 81396
-64570 -4629
70217 -21933
-43678 29747
81756 -80894
84739 62738
59705 -74729
-5556 29706
-67279 45708
-34206 60417
79187 -51494
-90553 -66135
-78801 42623
-54015 1857
-34235 65806
-13875 -36312
-39415 93550
83821 -75868
-21282 49995
67647 25997
38974 -60402
11030 47813
58387 -85132
21653 60495
-5516 -10197
99366 -90445
99692 39506
-31385 74912
-70117 -71512
-63782 28862
-9047 31827
30357 -4194
89460 -73382
-35634 -44767
70090 -42996
-13994 -34050
89969 45969
18714 85303
37040 -46560
71479 51095
-18493 43721
77103 -47036
-6086 22269
76006 -75992
20864 64276
35556 51385
52174 -24767
-35368 -30151
81609 -91733
-65558 -36906
74344 -26839
9476 92819
82482 -95916
-18108 -8761
32908 90559
48174 74827
94169 79581
-15445 10277
-4961 67286
10350 55002
16782 56509
54654 97255
-14215 28409
89278 17040
65334 33577
-38542 21053
65053 61289
-15623 48493
51453 -38778
22423 7943
78800 69688
-25663 -73470
-52578 -6304
86522 -68228
23759 75042
-73774 47268
36595 -95138
52710 74112
75419 -6613
18470 64960
-63936 -66668
43409 22240
-91596 89132
35389 71800
-82450 35565
96490 28306
-99698 -22759
8800 -58066
-98208 -99832
-46093 68062
-68114 6643
-39849 -67388
53501 -35678
-30569 -15757
12258 -3546
-17070 65870
-64676 -69252
71262 35696
47847 90638
6958 93296
37030 -27779
7714 -10263
4647 44639
-20853 58416
58576 12616
-49727 -91896
99227 -33185
-83872 11771
92730 40287
-27399 25627
77457 -19252
-35918 77912
-38237 -61489
86885 14702
12212 -50377
-48238 -95080
-90002 -72574
54980 -82875
85070 -99590
-44193 -37443
9449 49509
12957 40393
26561 -7238
-5632 -58141
16940 -44701
-57593 64775
-95671 -71827
-20297 67113
72421 -77491
16850 54592
41066 95043
89230 45411
73377 98675
-68013 -91598
4643 46311
84036 -97107
-26666 16968
-78680 -45889
50244 -52072
-94622 15492
-6768 -53483
28572 -30310
80954 85653
-16380 -23509
36934 71032
-10520 26136
60929 -74736
77175 -66112
-70893 28292
34333 -1568
-97094 -81240
-4340 18787
48043 14017
-18165 7370
-91617 -36403
-15637 -99853
-16480 1695
7248 94483
65357 87287
-58529 71048
92538 -83197
-5864 4800
-90719 -93631
-22606 -31538
96532 -14831
71141 -14471
49608 -95524
-34386 33872
69767 16107
-46915 11574
84207 54682
63797 40242
48545 -28024
-25011 67956
-18362 43010
58277 -18821
11433 -12963
-20878 -66540
-3674 -32995
20074 97329
-27994 33410
51189 -45143
47070 -86155
94114 -4050
23251 60190
-21565 -37767
-14456 -72649
-61531 -51425
-64076 54020
12507 96279
-46681 44923
-61560 -43464
91978 84079
49119 73542
22047 -23789
16058 -50199
-73070 -10156
7822 1667
86906 -18134
-60553 3496
48636 44550
42969 45506
66587 -15005
34737 50109
54645 71851
-42257 -34906
-41240 -86132
60373 -74646
5125 -22046
4412 -41691
8858 -28624
-95037 -55784
31397 99036
-40538 -38075
-44048 51281
71389 -76181
-55464 -97307
1808 -40673
82447 21939
56820 -64151
-88967 32543
43330 -96423
-45159 -53044
-62429 46784
-57228 -60936
-81663 -82705
82980 -40914
92939 42505
-66044 65143
88239 -73575
69047 95226
-64438 54960
-94963 -85066
-98207 -9073
20689 -32805
-218 15277
-84871 -55778
-8763 -80970
13690 -3712
82364 98343
74757 -89711
79400 -20238
44129 25289
-8920 9124
53065 -47111
-60095 -9853
-41898 45116
53005 975
-82502 -29661
-48979 78692
85069 -62456
-91749 89693
-41000 -15716
69507 3965
95799 70497
34768 -64871
-99799 -65088
27640 58984
69117 -56211
-76544 -70352
-41773 34604
-48274 13219
17855 -75672
-46661 -29138
-13484 -51716
36583 -25077
-96602 3397
-28129 -7914
-55389 -65887
99542 20629
42467 76395
-30985 50265
-61967 -55229
64384 36625
-12809 -53363
38983 76341
95200 -72174
-5538 -20699
29042 -64445
-52158 -71690
-34426 82939
-24755 32004
60468 55193
-82819 -40083
3937 28322
52117 67988
28409 603
32308 -32912
-79582 -38467
-39505 -17644
-32181 -35443
77420 -20812
45165 -90235
63637 39874
98475 -68423
-35409 -34327
-60535 -10412
98499 -73924
99490 -59492
19057 91929
-62341 52638
-29369 43092
-69147 36244
28231 60416
-4022 90929
24995 -49939
13312 5244
-33132 -52601
-40011 -60334
55077 -24893
18245 -36732
-6453 80915
11136 -28785
-97649 -51836
27920 13778
82973 97463
19203 -89205
-27491 2270
33054 30503
78585 88116
40450 -79904
85002 12258
-98535 -90334
19126 21344
-22646 43541
69688 -96180
42728 67850
-74537 -69660
66651 39710
35191 -1327
-72967 -61830
-36078 -8938
86221 -86478
76049 99086
37361 -16185
49129 27311
-58471 -27956
98232 -79041
70169 -92119
-82997 -66728
-67221 -95882
-41814 -61911
-74044 42064
15390 61025
64625 -32618
-34606 -13443
-26836 54168
-59947 -37224
54492 36054
66229 49494
-581 -22355
52768 93980
82267 -33760
-36821 9178
44467 -31709
1955 75232
25307 -50531
8054 -20338
20485 39789
16121 13897
-32227 -60184
69368 59371
-69260 -38796
63633 23134
62115 25415
-41309 -75095
33020 77076
-17211 -53497
-81073 25399
57849 57491
-37732 -13520
-34121 53709
-93091 -48896
14386 -41876
-50960 -36859
39681 -34240
79024 -27093
-12273 -19695
83958 -58272
80501 571
49038 6676
55291 -37251
-53566 3705
50647 98261
9498 25892
97694 -54729
-39025 -65087
-20992 -41977
-62285 -40806
72609 30123
-48192 -963
-42795 -52854
58253 -21008
36070 53744
81865 -77910
-83437 78451
-45251 -82570
25088 -21020
58415 -19742
77813 -7129
-39979 -71043
-23209 -65152
21853 15939
-79887 -88831
90814 -35094
-27296 -28492
-35190 -8579
-5361 -25384
49661 -32350
-16212 -37324
8823 60327
55551 21336
76468 8692
-36947 41373
-24611 81672
-77150 83518
-7835 -3632
59203 17805
86724 -87573
-96186 -66951
56948 78841
1126 5385
-39387 -86014
17192 28988
-94706 -53345
58542 -34667
12304 78404
-93237 37990
-22804 32199
95343 95240
-54360 -63851
49229 -46459
-16464 -78855
-13179 -15988
16346 -34323
-55179 39274
-14850 -98072
-73800 45444
-86854 49915
96227 -55106
-60963 49161
-84507 19389
36057 8664
-88424 30132
45681 -80212
34411 -80447
-45656 58027
-3285 -27232
15037 -23628
-76809 -28697
99954 17377
-33108 78997
22295 -47981
38605 44433
47345 -88975
80849 55377
54483 -15163
20082 63071
74660 31503
-28278 37648
82283 24261
-67731 46558
29899 -1599
99111 -64886
-39910 14902
47525 21790
-42619 76146
-36988 2739
92647 77874
46788 -63734
-2739 -50403
54616 21720
-84290 -53238
-79851 256
30611 5569
51870 89686
12136 57671
-72618 -28612
32433 -31851
34171 98490
79651 -18499
-57013 52896
-11735 21861
-78151 49889
-32190 78520
-62495 -26603
67687 54206
55920 -2859
-1829 43862
21499 30927
25841 -87194
-40693 -69069
-94813 -84166
-17807 42865
-18442 -10208
96123 -58579
7994 93371
-34244 -40992
-98859 -15705
74951 -25294
-49689 8960
-30170 -37499
-58145 -72171
67452 60668
-41405 45160
-40295 18476
63977 -29438
33011 -19455
39836 -72742
-369 55165
54305 -8824
-38971 -96871
-3573 -11566
23973 4535
98947 -29392
-61799 69819
-21179 77109
31517 33157
14362 -27422
12484 -30760
-85899 27680
-3302 -84980
-29100 12532
-21346 84570
15975 15047
93137 35781
-15255 71387
-71077 -67343
-43218 50578
32022 -35920
-74565 -64245
-69285 84308
-69681 67620
23915 42138
62251 -19502
-4184 -68960
-41188 10224
-34506 -48343
-5345 -2106
-54031 53619
49498 -92770
8851 68142
70609 -67504
78637 -97332
77370 -15083
97549 60282
-74490 61110
-62509 31526
37888 -43381
-8293 -4808
-11824 27607
10823 -7452
-96623 86477
38729 36279
89712 35964
38281 80376
-52201 5273
3418 70954
60987 -16871
54165 -23839
-59776 48132
56409 75058
-64059 -67055
82615 42232
24088 39935
-14278 -631
93248 -73419
-44891 83660
79324 46129
17553 -12441
-63218 -3281
-87967 37842
-2524 68414
-11821 -42145
54405 -24471
89550 725
51941 -77874
75382 96988
56201 3181
-20126 -56566
51501 -67859
87986 -46101
-88041 38437
64543 -5891
-8432 -62865
-11027 23700
13805 -67794
32770 -56127
-34200 14724
-64175 -85001
53030 77098
41339 -57817
-42163 -52290
-37769 -45206
1688 -88902
-24085 27027
-88287 -3602
78898 -81647
-58817 -67665
93380 43524
46550 63410
87137 -45424
88156 8279
-67438 -131
-45850 -72880
75658 -71766
-90742 -91582
-99816 -45976
-22628 -39455
-65453 92041
-94116 40222
48527 70328
-31367 11213
39838 36491
-40457 53039
37900 -96564
-12395 85697
-78411 -97863
-5260 76353
-20652 61762
634 14682
-43261 -32230
-20209 -57076
19516 9732
8211 98508
30853 -91123
48325 -98085
-27803 9235
-82409 44795
29178 37902
16411 -58504
-48922 46605
65995 69859
-23816 65262
-80342 -57321
-25000 87207
58037 -87216
-2109 60237
44837 -2494
-9479 92256
-13820 8018
67249 49701
27944 30670
-35728 88061
-48646 12279
-88443 -47141
42819 -98323
90886 84328
-4136 59081
67112 -79944
66225 70139
56880 82122
43905 52273
-74279 -31214
49658 29643
-38621 -66433
53606 -95406
96081 71524
-21380 -99955
41605 -86479
65367 -6484
-16924 -17370
76278 26705
-25782 38923
-59589 -74446
-29412 -40524
-16461 -49885
-94029 24267
-97623 6270
-27193 -49359
33371 83351
-82637 -55743
-99128 -47792
23732 -37384
63085 -98968
-40010 -12568
86018 1414
-56842 -23856
12314 -97287
-99114 -38877
-51276 -24771
27132 71001
81470 86836
54078 -22173
8693 67497
-20199 62891
-35096 72643
-72648 52848
64188 -20025
-49598 -16627
43465 -5855
90502 -59994
9361 -72881
17223 25559
87577 89045
-79923 -20838
87659 -33684
-51128 -34828
25900 71223
26933 -81874
-49726 -21651
63999 -85178
-10654 -97239
-13377 -15801
18721 -68044
-64660 95200
-56853 52957
-35404 -23057
-41799 50213
-85028 -25843
344 96471
-97245 -19543
33375 57644
53586 95919
70158 -74258
17262 11846
-87226 19260
86273 -53822
70370 17858
4185 -52188
-79749 86671
-56504 24262
90558 -76423
-51128 -4118
-55820 45459
-33875 -99719
72390 99832
-38665 -54387
-12536 -83445
27538 -77013
33405 -19083
-9040 -9966
54595 9480
-9679 56283
-77293 14940
83702 -82355
-45855 -28945
81612 39730
41803 -76215
-50332 -55273
-7788 -53008
-38286 -77633
-22319 27271
33942 -52757
47880 -62570
-21842 6560
-77073 -94418
80517 -53788
255 63436
92486 -55368
96853 11190
-1651 -84270
-38872 12812
10291 -81176
20181 -67867
61308 -36322
-1652 4168
91881 50256
-70639 -76811
-94482 29751
-68936 -50771
39027 41397
28684 -38846
-59772 -7704
-19133 61940
65046 51145
-56599 -7441
-40053 57194
23570 -20225
12229 -40571
-64612 -12751
-18640 -85689
-17945 78156
26370 -40740
59919 44036
34308 -54906
-80596 -96977
4608 -9032
-50932 43480
93527 -94657
98918 66615
-73305 42991
80227 73339
-28322 51486
-33647 -94332
59802 77599
-24598 -71999
25726 54925
39240 -52179
61346 56418
44970 -69420
87512 86230
-9041 -861
-49650 1715
91807 90651
-85189 86565
69857 50711
-9571 46303
72795 -35951
-67840 -21570
41663 83298
-1987 -52090
25713 -71093
-20470 -63172
6539 61491
-54243 93289
-35878 64762
-42546 23184
68103 -41828
58961 27436
-11399 -72850
60213 -45309
19931 -82028
53618 1561
-2652 38477
-36700 -27809
-5008 24576
29887 -96705
26736 32777
-29215 -83613
-56422 50276
52528 58307
-18039 -72445
-24109 25179
-51327 -68393
-11012 21121
-43324 -64667
-97221 16181
32991 -706
53445 -80090
-36488 -71284
23721 -56728
-3401 32112
65741 85823
47014 88036
-49285 -90488
-88165 -40248
29418 -47412
28932 15966
45610 -91366
-7246 -1562
92743 -16323
-98680 -36062
-92829 -23053
-18435 34470
-53058 5678
-34935 -74830
-39768 -53034
12146 33750
2883 -22947
-72001 -10551
-98443 38229
-39174 48803
-6290 -14060
18947 5833
95390 -47138
-91028 81629
-3970 93168
-89627 -45793
19189 96021
-57700 61838
-47362 69778
19056 33638
-40467 -57648
-88702 -30223
95695 -93174
-95476 9233
-77832 62078
-7388 -37001
-24405 -55301
-2856 56697
-92773 80283
19633 -44313
38236 -50971
7577 -49218
67294 -83003
10114 46079
-70520 -99128
-67050 52431
88832 10658
37494 57256
19511 -92937
-72099 -90589
78289 75470
-83099 14066
-19667 67361
80047 -2930
44180 69011
-97152 -50177
-23345 -76374
6205 -1170
-58627 -14312
-10260 35927
-79091 -91308
-85738 -65971
84158 -66182
-3600 67907
-52747 55951
-11150 -60917
84106 -10331
-78712 -86229
-78225 -20382
-26007 48771
70613 -59364
-79530 -46537
51271 -685
-54804 -96238
-17279 33506
78421 -11823
-38061 79086
44986 22562
-30050 53106
50839 30555
29775 72556
-13684 26730
33618 13303
-87904 -86454
7709 51920
90614 55171
-30221 32373
-94958 -28805
-44834 -56940
64414 -13206
88120 -74205
423 19765
68971 -96848
51663 23154
-22443 -37798
74107 21685
55990 -9020
66775 -19952
81683 38238
-67436 21923
-13524 42902
-48792 52740
-11170 -18480
22089 23615
-31040 -74484
70921 57885
-49378 18873
-44168 -36507
-98381 -51156
97515 41853
-37695 -17047
2448 -87100
76721 -63334
-10934 -74646
90097 71822
57095 -77235
77269 93372
-50037 -32218
82348 72298
3523 87354
16430 -42402
-51814 33577
-18645 -54953
-81320 -78367
-47782 44901
-8522 -36604
67053 -46963
27596 98692
37768 83364
-87298 13243
52219 71120
-47750 -9837
-42387 92444
28203 8187
-99545 -98111
-54312 -77479
56266 -74622
-21770 40735
-28724 -11618
-61262 17666
-60307 -56415
-46672 -96705
3518 91195
30539 -94992
-93051 33721
19609 -8935
-45321 -47986
48060 -98389
94542 -42099
71652 -38730
-33461 -91302
-24506 -92091
52129 43796
19929 73443
42389 4498
-80361 81141
-89421 49219
38890 -4948
74812 79606
47636 -17032
-86618 40440
-58588 -5233
50213 51881
-51348 30326
70399 89036
35293 -99163
805 -96562
-75998 -72420
-23134 -84801
93474 -29447
25150 -82441
325 -47598
30583 -40721
-3437 -843
39898 -58526
-73883 -81851
45509 35895
-18871 -39825
-71881 48518
88980 37825
-37890 -52044
-15117 62810
-8791 -30023
4398 72473
-41388 -25349
-63561 -97332
-86341 -2613
70591 17519
40934 -49612
-85287 -65811
47700 -71693
-10156 63239
-92875 13638
-59010 -97467
71285 80175
-10268 -5720
-5257 -37963
-16489 88172
-39309 -35618
37790 -98611
-50717 -94807
-80720 -69671
57326 79044
77632 -77137
6554 83689
-69654 -45715
91734 -31357
-64130 63898
-30028 -20127
-79173 -70703
45706 -12848
42793 68935
70700 60589
-58622 1572
-65471 4051
-37344 -16371
11206 35481
82511 -39987
-7781 -25224
70126 -2665
-76243 53447
76501 -29544
56040 61925
-38011 83585
-28576 -33488
1392 -93360
84705 7235
5819 34847
-98221 -25280
-34650 74598
-33431 -28917
-4785 -40772
80541 26511
-72760 -75931
-81015 58171
-2710 70253
73883 -36226
80392 -98127
89861 99606
33149 9628
63997 -61802
42921 -6395
56791 -33212
-76630 14810
-96871 11899
66351 365
56562 33313
-33097 -39408
46081 -72953
19944 -34406
-61450 67280
21571 16242
-58933 66520
70630 -22419
-87150 -11411
-31763 -6113
44065 -93339
99210 -39397
-12508 -35532
70985 77974
61864 93632
-49893 8012
22537 54920
-27198 32386
-16896 774
-31580 -28717
59762 64441
46285 -52299
13956 32046
-66211 -78336
79582 86729
-32864 -42156
-12946 -32582
40486 -40041
88114 98418
34313 -1122
-64108 -42851
-87964 4248
-67312 66725
-79888 29763
7794 98119
64704 44280
-66389 16497
-58201 89873
86486 92393
71287 64307
-25850 -37418
-95164 88089
-72711 1321
12052 80780
67225 -91668
79617 44894
-92679 15521
9671 -28457
73393 -68295
68241 -57614
-80587 -17286
45993 20105
16804 59577
91604 -33650
56055 89699
64710 59410
53080 -66859
-15726 43556
-14115 -13057
14546 -8945
-16612 -19604
89972 395
95995 -80526
21437 51325
-37722 17975
-35189 -26796
63826 -43025
-37155 -46740
45033 67157
11295 -21904
20794 32955
-31770 14469
64043 -95333
-40280 41935
-77994 -36376
-349 -96777
21219 83555
-77804 32696
14537 11808
-66173 62224
-81177 49185
-10018 76025
-96677 -11410
95590 -84056
-78867 -43322
-78260 27412
32258 87196
26826 -38839
-18272 -82421
37883 -52972
64561 -14374
-52498 58279
17997 -90861
41999 -21548
12544 24444
-11174 55174
4992 97295
8232 55062
-95550 -4084
37600 -28723
-91075 -82993
-28357 50527
63652 -59762
69173 66430
73631 -23228
-46503 41532
84563 79202
-33529 1023
41714 97513
-56567 -37537
14999 -97245
58143 -78595
-34581 86959
-5150 -52313
-89553 -52644
17294 -48056
10411 -61186
71271 -81165
74813 -88465
58803 12136
-14366 -71640
75017 -80646
5339 6065
-75115 -92782
-18055 14405
56089 -75450
88660 33330
71126 57385
-49114 14242
-37218 7807
86922 -50029
-26596 -3744
62279 -99901
-27989 35657
-1298 59541
71586 -99057
-84219 -91248
88808 50381
96509 -8599
-36794 -22875
-15761 72322
-12534 60651
-54508 11923
38769 50858
39622 85999
6209 -96987
-14674 -31512
52921 74871
43708 75287
-32015 45584
35018 -4470
8803 -36048
-27503 45238
-19808 -33113
-55812 17895
-35073 -38114
28491 10669
-71862 -66415
-90599 45972
32972 38958
-74359 11301
-39989 -17860
-13822 42470
88034 23044
91837 28819
-145 -99422
23530 -34771
3599 -71479
20081 85882
-69961 -69117
72310 84972
-83181 -3182
-23765 -65714
-34596 51181
-47682 -79279
-33980 -97775
3758 -61225
95546 -51281
98333 -16629
28011 72241
-30054 -32704
48904 49804
57504 33409
-91782 -68146
-41121 84467
70443 -3570
22795 -62593
34181 -13467
-39811 -86546
-28826 30301
-71848 -41653
44848 -48670
71038 60547
63502 -2616
-46755 -32690
36614 88739
-38969 13189
49554 -42920
-23929 -27444
78150 89332
-41339 19885
-47523 -94195
-37527 -49083
66722 76214
-27056 -77219
25055 -33041
-36626 -11233
57199 -20041
12232 90509
-80491 -5692
-31098 -90944
-44194 33094
-19395 -33223
4601 -37874
15996 54960
-53311 -95936
31706 85990
-21912 -94207
-41362 63230
53080 76742
51517 -86642
9176 -17331
12131 38600
22064 -38259
43422 95357
-32301 -96419
-54109 1181
-32493 -96439
-92460 -2442
-32497 29510
-31746 75635
-82531 -49960
-21093 93357
85546 79619
82307 -88700
-73498 33597
10599 48849
-53707 9322
-69009 3932
-56738 9103
-98318 39267
36279 -28777
-58307 -66452
3701 90253
51375 -71242
-37044 -64231
46024 35154
9356 -1021
51298 -66877
-25477 63775
-55512 75917
95297 -79675
-16151 -88767
-75712 -33957
-98353 -78376
-94134 -70343
13051 55502
90434 55182
-60047 62933
-34135 -84030
-76096 -32493
-23519 28234
-20032 -46812
-65905 55087
55471 -51207
69482 -82709
1626 76398
65782 48059
44924 60907
67060 -93062
55036 -18821
93686 -77449
81016 24234
78148 -2834
-93107 -10305
-8003 97314
-66800 -24932
83223 -93683
-75000 -43742
-36453 -57531
-27641 -31307
-67960 -57679
18936 -14717
51529 71388
-56100 -87163
31426 19727
-63919 -87972
18958 -49663
18074 -80967
3050 -65582
65560 70328
21194 -29691
83932 -15579
50321 -41806
-2054 46732
-78722 -43013
-1660 53741
44859 -26643
83038 -30169
60921 -883
-6832 77975
-4634 -14399
-88319 -10316
-74470 -71955
34773 44941
1526 -76886
5005 -85795
-26289 -1101
-84469 37214
48581 41713
10883 -32113
85913 10428
-67497 -14077
-96519 -67266
83786 -43038
-37068 -8020
72229 73882
-63390 -89796
44403 95509
-62425 36051
-22609 -5103
56536 34262
-25569 18848
-40013 -99
76400 13664
924 -80868
28651 59426
70904 -98643
80253 -41149
-52572 -48791
60279 60406
75048 60321
45964 10528
19516 70277
31544 57268
77641 87576
77078 52702
53072 -49617
-91710 2251
-23321 -66553
-4497 55308
71801 -54317
-55224 -5119
8525 61032
41650 -87467
-21002 19797
-30007 -43901
-28337 -20518
-42114 63685
34420 97977
19725 -11918
14176 17457
60217 1657
42253 -10258
31911 -30004
79558 20895
-60734 -29853
73633 -53054
13880 -4950
22332 -76976
39655 38263
-29040 85776
91752 24270
36097 -58692
81249 44110
47408 67377
-85935 18929
-72562 -85864
44907 -71036
64832 -93741
-82235 32813
-93170 80314
-96435 34157
-47616 -76214
22352 -71820
63413 -16822
-52587 47386
69752 53101
-21845 -82710
80764 17363
54425 -55568
-9605 -70887
-67132 -72623
-10402 158
-73227 19524
75475 -52681
-63557 -22600
-19979 -64219
90189 59536
59832 -89334
-8808 44275
30177 23514
-15184 -79245
-85584 81396
-49149 -56960
-62114 52751
44370 5231
-69637 -59860
94848 -44228
-23434 75921
18714 75784
-17870 77674
-88449 7997
76976 -51142
23734 21261
54811 -90158
-3087 73666
-32230 -47023
-27729 93661
-54524 23442
49700 95413
28878 -43429
83000 21275
10784 88739
-50159 73215
-28421 -72158
-33594 12827
44380 -89341
35100 -63103
77398 51222
91479 -69703
75492 85774
275 86269
-16291 4589
-45834 -31108
39160 63836
-51117 -91261
42226 38607
-51610 12210
72650 89238
-26218 47330
-81954 -20481
60302 -22502
85912 92528
-14017 93644
53691 -33119
-65266 27763
-85239 -18975
34782 20713
-13661 -83173
51322 -11526
13855 -68654
-61866 -93062
-78118 48435
-14630 83080
76253 -87809
-44816 -48143
72589 49341
-53073 27020
37609 18409
-7184 -16157
-93911 28056
26792 -41029
2050 -87243
-14749 64030
87352 -20227
54783 -52631
-78776 -41944
-46470 -48493
-4649 -88419
21430 -99702
35345 30185
-14644 96052
-93831 -89855
77659 98434
88043 42995
-61212 -88283
-37902 44868
22269 35036
-34159 -23286
-39362 25820
-88830 25765
-46330 -84692
31327 -53609
-11423 -39540
-63197 41604
60243 51092
91080 79617
-28719 26679
2408 92663
78835 -52394
-18235 -12122
-62859 -79780
-30541 27280
-29883 96700
-61905 -97467
86586 22821
2807 -74534
-90498 26061
19509 -29102
27610 47705
48671 -49542
-6968 -98441
-95833 -17052
-30480 2870
23416 88564
99506 -7951
-34915 16168
81347 -41864
63889 -60565
79475 65105
75814 -4821
-84362 -65842
58824 71718
51208 26964
-14572 -84916
9341 -40490
-48730 -8125
40865 -59078
63971 52912
56824 76021
-44415 -13738
68010 39872
-42092 -86907
-10488 -66267
35965 24666
-83384 45125
92065 -77626
30242 -26317
16138 -35721
17011 32268
80982 33745
16463 82444
61153 -95337
41826 91877
17347 49248
-32962 80404
-7132 92462
-18000 -13865
-33463 75319
52781 -48132
80320 63519
55342 -65858
26165 81412
-34989 61459
4597 -40089
50734 -92597
18844 29612
-83314 -55392
54515 -89913
69869 -44219
41867 25293
47856 57975
-57497 -13038
42518 -99639
-99850 -62492
-96986 -17180
-77850 42145
-81327 41248
74656 -53349
46338 79829
-91874 6180
-41845 63642
65355 -11124
75656 77072
-94655 -34865
51245 2912
32357 -66884
-58042 -67606
-87162 -56522
9216 17464
-84296 10273
-40920 15587
81694 40357
-33268 72946
51997 -65268
-23616 -28956
-69551 -85221
-51243 29252
-73418 -1629
-46489 -46631
-94960 -24666
35621 19608
60121 -11083
26431 -39388
33984 98375
97533 -15822
89614 91236
-36754 -48494
60110 -73831
82948 -40413
-4789 -90251
-69999 51078
-43084 -96148
6320 63544
-73592 -28468
40940 38624
54459 -83263
89472 44773
68628 3663
-34675 -39627
70658 -40332
13377 89550
-27232 32904
94086 70459
-25312 -84870
44220 -81483
-9136 -50178
-60183 -92493
-43603 -31771
-45604 -98258
-74266 16222
-75446 17982
30645 -22302
31997 5322
84535 -14643
-30511 3684
-69849 37692
-5020 17823
-60723 -52859
-10718 49693
-19753 60320
-58677 -2747
-35538 11587
19085 91632
29174 -97001
22526 -90805
-36169 -92789
69667 -63774
-32894 -1467
-62887 853
-36986 -71439
-40661 -64190
45556 25207
4445 97653
15715 61564
-87409 86868
-27311 28065
70128 84855
-8648 36457
-4307 -84377
-12601 38818
-14549 -43595
45222 -1421
-43259 75680
2964 -46449
25337 -60659
31563 22317
15597 65909
-48640 -52681
11165 95624
67695 77103
-50976 -48215
81307 11990
-52397 9589
52221 96339
36377 92812
-32250 47810
-99011 -45477
68900 81082
12607 39584
74308 -59819
61594 25462
-84011 1600
21649 416
95340 -42277
-54773 21222
11052 71650
-86737 -5318
-91084 -87277
85101 -58252
63447 -3901
-84827 87873
85121 -95535
-13623 60456
71830 60228
-26871 77084
-67522 22368
-14298 79324
52136 3828
-9659 -84452
-12740 -7017
-35488 -7500
-14704 -32706
87780 -2505
-3706 30878
-79409 -55167
77119 21194
83833 30650
-24586 -21553
-27761 -54370
83306 99496
90596 37744
78419 -88328
-51837 23528
-72383 -32978
-64527 -7839
79124 -79785
-35069 -30386
-78710 -99367
-94123 38700
67784 22760
8432 -98364
69138 -44039
-93744 33639
-1823 29474
33972 -3808
31929 78498
8734 27391
26122 -47318
-24837 -95945
-30760 -29487
34951 67998
-58613 75821
-23662 -53572
16985 14121
-41136 -33723
-58000 16932
-63660 -65387
-82038 -61210
51482 -89780
-45024 10349
-33724 -38630
-73545 22490
56231 -25762
-37772 -46758
-82987 -83812
84961 35556
18950 -9457
-13850 -10275
27754 22542
-60199 -69421
97551 -35762
81687 45633
-84580 -76053
12948 -75521
90138 -7190
78496 -40555
-95511 -7292
-79981 -95189
58342 -73089
-91201 -44927
81793 -57298
-80700 -87840
7423 14333
-46937 -43280
-12372 50589
62191 96019
37140 8222
-26296 -40159
-9498 -67953
93979 48331
-5993 28890
-34224 92648
78925 -89377
-81045 -71202
66783 -50691
-950 -94780
58637 34775
-76233 -78317
-20268 45519
29354 59906
1599 -85584
-39363 25459
-90051 -18054
-1447 -35599
-66728 45206
41917 -18480
-88891 85820
28600 59961
-41981 -54197
28638 39530
52623 86533
49700 27041
-62083 -12361
-29659 -37003
39111 31693
-81847 -61818
22637 -31642
-10114 83579
82051 21946
75081 -13272
-51737 33968
60005 -18134
-214 -19143
-82156 -36201
36665 46118
-47130 68081
-38422 -63570
-90071 -57769
16673 -77508
-59792 71846
41353 48506
-65762 42974
-58770 -42532
62802 -16740
58257 44756
43431 13311
12665 -39659
-52608 -14043
22801 -13947
-36952 71827
519 60235
-56158 41970
50088 -25721
96745 -40724
9432 -77348
-89583 14117
-28290 54781
51388 62417
48022 85751
-24878 -85821
-50215 49677
36507 92778
-22197 -79
27902 81401
-87384 79060
-12266 -69729
-38310 -61071
1338 -1335
53352 92648
-78842 -64153
-35625 -2419
94463 -37614
-42910 57059
-96279 -45879
98220 53014
85763 -88767
47554 -33031
-67449 -29901
-78390 -23107
96235 -46322
44310 -53942
41967 93714
69686 -56417
12009 -39352
22358 -88708
-48191 76733
78685 -77637
-87369 -17648
-12060 -37938
89982 87150
-21997 -5520
-66442 -27791
81490 -52992
32752 -15014
41465 9146
-31330 -80816
42252 -16128
42788 7403
96586 20748
-55829 -95902
54349 86974
-43911 52881
-44842 80328
77739 67552
-83234 -44036
63026 34266
43941 -950
38006 11869
-58611 -99687
44370 -19512
-96369 40611
36388 -85474
74386 -24853
66180 33812
67113 73058
-34043 10772
40637 -61581
10606 69001
-59108 -33673
-1444 -38322
59941 25760
-96972 -52725
-12171 -47072
44621 55230
-9036 -68462
53817 73180
-37373 75446
58444 -13704
63536 -34465
-77392 27784
50358 -86699
68050 -22033
-1581 -10818
75704 56280
-53939 26499
-30136 41118
6079 -52421
-65723 36177
-39389 -1197
67526 17343
-70820 11772
-31884 75082
22088 75026
-11909 -56403
-49851 54731
86579 -84794
-18752 2341
-46124 5128
79674 -50234
-54798 -45680
21324 42963
-30440 -7087
-53204 -61160
79168 -89903
-51570 52210
-39536 -25449
-32590 50372
74229 72256
-16134 -11569
-29467 14016
-73861 9158
-98868 -36218
-85353 -70868
21289 -30536
-54699 -10059
-9930 6850
29056 78849
-77026 -73699
85809 -69183
-81053 8935
47736 -43330
13633 76448
74293 97299
-91901 -80358
-82516 -35185
-2481 -32629
38912 11448
-70851 36368
42791 45229
-75949 13275
30548 -84912
80480 -54212
-65832 -21295
55961 -15598
13379 -62748
22515 4974
65289 -10213
31658 87568
-74913 -44686
98776 18452
33855 -87969
77909 -17437
-97080 -50701
8076 -311
75474 -74838
-45015 93126
-21017 -19951
-95744 6668
68252 -53845
44792 29220
-62443 -53025
98377 26650
-63041 -53305
20159 98781
29514 45832
-17740 -2899
-35119 66291
-4445 -50681
-86305 53648
93460 -83832
70833 -14986
-44420 -88527
-12320 73774
-79612 -99366
-17759 -96531
85940 -64890
-96612 76186
-20709 -5308
-7998 21133
41014 -74256
74454 -13846
-37791 -16375
40039 82413
-21863 -22282
68315 89152
-68296 -22048
-38254 29118
86828 81092
-98756 84262
20260 38790
-6598 72939
-95985 -92720
-67256 27638
-24526 -96320
41931 91379
46587 1225
-33884 -68239
-23769 17955
78778 62067
91572 3736
-48973 79443
-39791 42560
1847 -73120
-9380 -22866
-95315 -43117
81332 89914
-25662 18578
-72456 62638
-84800 -21239
-38627 -90084
96532 33366
38333 83178
-36548 32294
-39165 84048
14161 6946
-78848 -87783
71331 -1010
70759 96047
-31766 -34186
-83104 -88234
-76200 62729
71934 64362
-94779 -83361
-76958 -85689
28303 -61984
57824 -41998
82490 61592
92370 -80513
-64292 1444
83178 12238
-66833 -62579
-79131 53090
-52911 48624
-92924 -14156
20758 75019
18225 -6205
34095 28493
14387 57748
28369 53125
-5345 29199
-46756 76737
-5493 72129
-46482 14477
-60119 25817
75410 53621
-44110 -94798
-2905 -15085
53387 -15659
-12295 -84273
89100 -40910
-55825 91657
58651 48654
-66913 8721
-98494 -5299
-48542 54430
-67615 -38320
52175 -53938
-5321 -18169
47538 51784
-21036 37647
1103 2869
84286 -39367
-7701 80629
45219 -18759
55469 1872
-31450 3040
-29737 -77895
2059 54139
81946 -40237
64244 6080
87136 -71473
37755 17052
53885 79793
-22981 49718
70661 -57614
-15855 -33676
-53958 67833
46059 -74659
45469 29663
86103 18115
-96590 -4747
5414 2293
-68442 -5679
72286 -44845
33408 91342
-99883 29465
16136 45530
86073 39534
81198 -57377
2156 82386
86251 -12698
88473 -54659
59248 21583
32067 -86060
-72378 62663
-36762 -50281
27147 17483
-1466 -97464
17197 32934
-22111 35202
-47056 -92300
-1766 -92182
-27398 -40703
-39442 -6533
-78993 82914
32790 -37602
-91544 88262
97716 72448
-23131 70324
-26011 -42521
68962 80526
5236 52955
-73983 6832
70291 35628
85077 -61721
-1355 23054
51006 -68008
-31223 -41602
93937 -79665
38069 32229
88284 -24529
-68614 -17784
20965 -17515
-52311 65112
-66995 -75053
48483 -89191
44605 -83111
35434 -4986
-23146 78690
-93976 37450
34870 -58909
-70375 -85871
63639 76131
52696 -42896
55769 -45528
-66625 -75945
-80677 37963
22104 4885
-16014 7857
-20304 -70692
-29164 31529
-45776 31360
-6193 -49955
21600 81155
-71384 59386
35387 25969
28738 83959
-98818 -60867
25402 57433
84377 -18867
-21891 -29517
-87295 -52835
-48211 36357
69300 28744
25494 -42725
3319 -59581
-40288 55136
11086 -62419
55506 63427
37442 59884
50042 -65252
-31357 48299
31349 -95398
75253 -24290
19700 43194
-39834 36783
-25996 -74579
-10579 -2465
72736 99784
67065 -58742
-24769 1140
48244 47030
75123 66908
-21524 -45596
-57701 68494
28191 4051
-64015 47020
-95494 -44644
-68647 -74655
75602 18720
-17682 -67655
28070 -91761
11159 88816
94688 -56553
32633 -20111
-91021 -11954
-582 57728
-62126 -10817
80917 78729
68343 -74549
20860 35708
-23613 -31551
-11919 -39257
-87728 -76885
-46314 -53921
-39507 63563
-35308 51751
-79988 86735
40656 37488
16820 31561
-49717 -59318
55297 29670
-61466 51913
-3095 94255
34647 33857
-41608 -37993
-46020 93385
59132 -2010
-84027 -44811
74245 -121
-66547 -58154
-9602 -91458
13559 -80391
14132 93393
-2854 23184
-50970 20697
-13931 -43251
66820 79565
66471 7669
-44089 74680
28739 61774
-88310 -11792
-93941 -67656
-26594 -61549
81977 46498
-26209 -56221
-514 -24874
49545 90411
93909 49296
6398 34212
28767 182
-42881 -54185
49837 -85969
74754 -35877
-77882 -3290
64509 -96489
-88173 -77588
-49015 21963
20240 -73957
21990 23704
44269 -49414
1158 73007
42276 6314
37751 8973
61639 -2632
36472 -11611
56108 -17665
-37024 -8122
37230 -42694
22824 -6446
-32710 -73342
11197 -42390
-67938 -35162
53124 -22466
-76355 -95248
59721 79346
-41615 -84726
14731 67153
-24603 -73360
-5376 18877
-13638 -97652
-5137 19470
-37066 -69507
-28815 -27267
-82946 89825
63025 55345
13738 -75343
-39847 -79741
58310 -16665
38057 -42634
3401 -99506
-44978 -81835
-10458 95360
-22379 -60159
30678 26798
-94194 37312
-68760 -81474
-17492 -22524
-3364 -3285
-46734 -33147
-58424 -98974
-57074 3073
-45230 -27450
52370 76493
-84783 6337
46736 -2177
4933 -8831
-42886 38266
15390 96125
-14830 -12682
26681 4338
-17690 -88904
93897 -20833
96056 -4641
34391 -37560
-95438 -49587
-48234 18796
-85843 54611
48937 -7473
95778 88724
-93264 88482
82349 75336
-85920 1333
-1776 42246
56329 -23337
21899 49453
40907 -89664
-34777 -48368
-96683 74664
65321 16073
-87590 -98553
-71341 -34017
-96548 -88966
65806 -3295
-7135 14878
72949 80705
-68233 49611
96924 40841
-95037 25637
-13456 48798
91788 78597
-77131 59881
-37242 40038
16534 76499
94670 -1529
25753 18289
-35814 64438
11618 97627
82251 79802
20908 -41595
-44720 55825
-79457 -60114
-45436 14492
75435 20911
13393 -85445
72647 17274
42802 12529
68075 92070
-79968 -73463
29015 75880
64838 -40124
-46706 38390
40825 6356
67277 6893
-83727 43420
-71881 -88653
5454 74145
-84832 20034
32360 24164
-56760 73578
51059 -92246
52996 16258
-37648 -74663
-27960 68211
63328 74037
-43940 -88343
87373 74782
-51993 34332
59200 -93181
-87175 -60462
1100 -41918
-93780 -64289
-21511 61018
-25318 -89969
45717 -27450
-23724 -94462
-37135 79820
-75720 -22560
57102 44230
2598 51966
-67560 45044
7829 37364
65067 30236
75686 73696
-87711 -56495
1320 49418
-91731 76801
-97447 -62663
88670 -2504
36838 94675
27493 57821
-22408 -66079
60732 -9840
93402 -50820
43714 -56767
25897 -10620
-91148 4078
81227 21290
-11793 -52980
21568 -27752
93186 -81045
44603 -91259
-80527 -74134
30682 -39392
60742 -17331
-46078 -65330
-52349 47856
45434 -97132
37948 8583
-40258 -78927
-94897 -51539
10061 -41507
76493 32299
-90428 31412
69392 -94248
53877 -33370
-88145 -63038
-74592 53444
-18132 36506
-29552 85465
-86922 4716
-47143 -7949
-67161 -16689
-42349 1536
-60205 -85161
39310 -10043
43488 -52590
92084 58023
-24038 82985
7771 58385
-52996 79735
-48926 78270
-66813 60588
38909 61909
60822 48047
-96711 37950
92407 29043
7988 -91045
73930 95580
-107 62961
64142 62302
40854 -959
72619 97810
-12920 88168
15277 12830
14696 31088
-80476 -32785
32240 -7613
7462 98654
-28470 87526
88816 75029
2807 -8113
71197 9732
11379 -45793
-88968 7951
-52578 -78195
-93351 44284
59099 88819
-66841 90517
35509 88804
97227 60457
33271 -3060
-37884 -15301
15089 -72834
-9232 -86244
89684 -97322
5485 -9427
-88399 7185
-96433 -4662
66033 -86925
36386 67630
28904 33900
53769 10727
21017 60058
78326 -60344
-27402 -30941
-49953 79537
85552 3321
13228 -14827
-4969 -97924
-74588 -74962
-1033 42312
-13064 47093
9284 17674
-27322 77162
-59149 38653
59773 -79685
25342 70264
73752 -91622
30157 90278
-41954 -24232
14444 -36873
17065 27676
-66842 -36178
-86354 31588
-32386 23727
63442 20905
49530 -32566
-10675 -73041
-88874 -99739
-40996 -72108
-35319 -19902
96018 83156
-63687 -35369
23084 5800
98345 90634
-49259 -54507
31777 43508
24617 22535
-1696 -51752
-82164 -6408
20301 -90540
48934 86737
84894 33434
63010 -72168
37073 57672
18115 -42887
-31460 92296
59769 -19693
45318 -85533
-30080 -44566
-81420 84542
39201 47333
68090 50037
-8408 97516
18062 -75422
16870 -19357
-18800 -56177
86015 74272
-20674 -62779
-41055 -78700
91820 -31334
-13568 66446
6140 -49174
64165 -96132
-14607 -60818
-54372 68293
74107 -96618
33078 -87126
-12716 -61800
-86021 -9687
-87654 17524
63631 -92406
10189 47280
-6767 25413
-6525 -20972
-68527 36288
-11201 34590
-1985 99628
-27682 -55587
26243 16556
7723 8726
-39968 -35521
54302 -21675
-69464 43830
30981 -85526
-18753 -39605
40586 -41528
-52396 -23145
9165 -45351
-88656 24397
23396 40785
4045 43220
-14958 69885
57688 43088
37969 55777
-59690 810
59851 -13278
-65938 11921
-77439 27373
96849 -93914
-20580 2169
-2252 67076
90879 11292
-13912 -15934
43090 -2944
32847 -34302
56729 9907
14882 12695
-40221 -65094
-35570 90597
62749 59411
-80869 54892
-40345 33868
-13007 32178
-16544 63675
3279 -58195
-17182 48941
79788 89864
-61270 -8080
-70699 11401
62601 -42372
-95615 -605
-15243 -49469
-20957 77766
-5963 -3296
-99440 32443
-68156 -26354
-90590 -13894
-83803 16584
-66138 -14017
-69616 -67453
61221 -18172
-12501 42793
-18218 -96200
-80360 -59467
11554 -94313
-56199 39107
-61929 -87054
67276 35116
-71323 -19524
53317 12644
19720 79973
58135 54341
-29111 -43838
24963 -85046
-84471 19726
64123 18661
68666 -85488
41969 -96524
-47847 -63053
-6590 68993
28132 50784
90550 -94154
15255 99789
31687 95483
91902 57206
69296 50249
80483 -3173
41892 -19793
48727 78889
68608 49877
78900 54178
51131 91255
-55696 -18748
-41488 62465
-34355 56786
44066 -86178
-95637 -57711
-8306 -7930
-14273 -20190
14247 82647
36694 -42159
11551 56703
-10906 -87599
-89374 51794
-75687 82070
85512 44950
-84699 -45744
-62509 -79679
14617 15757
-26689 -78098
75972 -58633
-33580 20223
-26912 -94422
85379 -66712
79860 -62337
-8831 156
-25232 90629
-96529 79576
-5636 7216
-26408 41396
-88660 -9395
-38017 -53212
-5889 -83237
80731 62143
2565 7471
63121 -20596
-45041 -23816
53049 40584
89117 3877
-61032 -27067
-80027 25941
16143 -63659
77236 -88045
-50142 -22782
-56935 88398
26070 56406
-91782 -65129
-97209 20617
-9260 63497
-43709 -91684
71499 -82183
-68568 -6424
-35501 50188
28120 -47862
-27901 681
-50369 43311
33970 -62833
-76619 51442
70027 -94317
-32057 88612
-93728 -91403
-71334 -94489
71812 89065
42038 -80545
7090 -86988
77723 53456
19708 -12201
-17608 84429
-69282 -96849
-85063 2911
-20779 -77975
63267 55289
-74630 -42023
8674 -47720
-5504 52871
-63555 -18926
16696 -61220
-24303 -2649
-75791 -5736
94387 -54851
14972 35747
65554 67794
88 94125
-78712 -47192
38778 12462
-60886 -24963
48669 -72205
-68419 -11599
-41628 72880
19827 24413
-15241 94895
88505 -1967
24541 -38216
-48534 -47987
-71521 -80565
21710 29858
38961 59904
72131 36472
5380 63914
-27849 -26849
58480 2358
61868 20301
-41590 5621
28496 25115
66881 -54952
19179 17792
-40095 -22357
56399 94487
83987 -26553
27052 -23048
-47358 5046
-9362 -99246
92993 -39358
-44069 55401
30412 -83616
-22444 29618
97147 -19600
91762 96529
-4572 1252
30486 -46411
-96764 -59629
-50606 2390
3097 81171
68558 -94754
-18025 59137
25775 -46538
-68432 -68563
-152 11232
57584 -57616
67809 39460
33214 25613
3145 72364
-47013 79326
40178 10505
-16584 -13961
15836 55262
58909 54401
98976 -85425
40617 65721
-57550 21684
80502 -24584
-59928 -80014
67913 -71439
-73363 -93469
-85842 -26124
-25879 -90449
93504 37345
2592 -34626
64055 -42670
56591 53070
8173 -89399
23862 -50222
82446 57420
29214 -99810
-28106 -85229
63142 -49964
37861 27215
99039 -55786
-22483 -50581
-45592 82588
-24669 96231
61148 -67238
-26422 29213
-44864 10847
20704 -13519
-27925 -8389
286 47976
-98344 13746
24710 -35159
36657 77383
-58785 -36597
-58561 -86973
11641 -9480
52583 21077
43723 28314
78639 82953
4027 84929
82449 5543
55449 1975
-53957 -97713
35999 -28780
789 -82999
68457 -74989
54076 39011
-63323 86931
23515 51681
-15533 13962
30731 -450
-11246 -43041
17241 21290
-13048 29435
30248 -44006
-39080 -75699
-10927 79409
56849 -64860
86766 -3644
-99613 -49733
-55194 -15599
-63890 13908
-22430 63436
11982 57436
52511 -35366
26103 76368
44472 98400
-84751 -81450
89630 88134
94651 -58220
-15294 60185
-53893 53552
83186 37438
-91940 -93342
-13923 -2657
-9513 79597
38625 -41653
-17063 61661
-19352 -41213
-19133 -37574
-58350 -58123
25703 -45056
-28534 -72476
5375 39615
-80840 -25381
-72699 64132
-83613 -95091
45091 -35374
51035 50100
52026 -97332
77207 -35559
-27524 -42216
-53523 -31759
-88472 39492
-65808 -5964
95451 -28917
-24788 38943
-49059 -24369
-12383 -91597
59953 -64174
78246 49183
-57810 -60921
25635 70978
55540 51040
41832 -55629
12224 18913
44347 49354
51684 -24426
74868 -73732
2230 -27518
52029 -48451
-13934 -33109
69752 -22091
67195 -83379
-64215 21038
94280 90256
1977 14825
31630 47595
69588 -55031
94957 55738
-39531 -12006
-57363 40442
16821 31617
-15800 78938
97885 61489
58349 -1845
69061 1613
-80659 -25382
-44922 -4064
-66546 -50844
-67854 -93913
-179 -58951
-35034 95283
-36010 -38160
60083 21691
75981 62119
-33644 31414
-22430 -8690
-67238 -38068
-51401 -55709
67469 -59763
-49442 -388
64614 14619
90849 -4311
75071 -36763
97533 38186
-30209 872
-1522 93818
-67508 48137
-1638 -17068
-88431 17008
76231 -95951
38136 -65372
-77398 -7430
60347 11087
-11805 52162
-9040 -77689
-31396 -60311
14338 -41512
44675 54659
-24100 -18272
-60673 -78730
-75386 85284
38732 -98858
44208 -51093
72698 33043
33116 -14339
44691 -23752
-60407 -87600
78796 40088
-62482 25301
-46035 -64032
97756 47396
70480 94592
97221 -35254
28466 49143
-63470 21382
89389 -13807
-55930 -57364
77368 -28686
41451 71541
-24614 -40515
-41312 31822
71880 -7495
54521 3932
-8967 -20464
-72104 -4648
13862 24554
82597 -70649
-76936 26838
49681 53328
-62430 -43356
-93696 25364
-17699 -56995
-53844 -9065
-43072 -80295
59239 9461
-76771 16293
9308 -16890
-25955 -33723
20656 64579
21932 -12406
-24967 47215
-82388 -70555
-37798 56272
66325 -38002
74406 41712
86868 -10033
-7475 -38650
30980 -37853
1701 -13256
-38848 89657
-20402 -62209
-90840 28703
72064 -91150
-58884 38503
-88489 -39097
10692 45851
1911 47003
70736 83052
-66187 11508
-30092 46126
57952 -85544
-37446 -62516
13202 -2449
20318 -78031
96454 47276
5140 89848
-63763 -93050
380 -80516
3352 -73149
83971 -49940
-53322 -87347
89299 77794
-39937 80213
-25529 72127
67710 -40255
49591 -61022
-20838 25266
-94550 29229
58363 22484
94264 3725
30448 90695
85179 9233
-2420 66862
-46299 76518
20462 80412
-79805 22759
-69020 91395
24836 -59418
-69790 54007
-36561 -18785
55525 49892
50798 -38798
30551 4124
58642 11094
23722 -6717
-29070 9717
-72653 33748
82450 23082
-75747 26967
-41737 -81315
19682 45912
-73026 -96388
-39269 -82925
-82067 -72099
-83378 -66747
67846 70624
37182 -28591
93279 -66529
-66957 -51200
-58019 -50856
-84624 44659
41934 -1565
-1927 -146
-89467 27751
52058 12015
-39673 57670
99306 -85625
-95478 -17923
39486 -8487
71149 -91522
27330 -82889
95719 -27591
-45962 33616
9035 69273
-16677 31310
10035 -27249
26672 86609
-28497 97458
42137 87353
53563 69229
-63465 70307
17092 26757
-30542 64508
19570 -57601
64557 75851
68624 83041
-11075 46487
82195 -14970
-64927 11070
-84877 5048
-57908 -80924
-41549 9286
20213 -85657
-36978 -69790
55505 54924
-38293 83913
44889 81688
-90074 89671
-62981 67236
41261 -39740
-92086 -29080
-41676 26083
-94642 25440
75398 -43005
60235 -45734
-90223 30234
44158 -37266
63105 -31292
-37505 -44674
-30399 -93648
77499 76702
-31339 34071
-74048 41477
52838 -55264
-99525 -96641
25575 -22947
46968 -38234
-9402 33854
57192 -93667
-72033 -82268
86679 -82804
70956 -25221
14430 94283
85053 -68170
87633 -79519
59839 5263
41239 31503
-18738 32787
50332 -92761
-89970 -34182
-95505 -61109
-19448 26860
-12966 -97203
-66849 -51799
-44709 41762
-83397 46591
-6675 54050
52227 99411
-22071 -77022
-30095 84949
64179 27739
75445 -48822
-21088 -94974
51197 15899
1216 -16459
62943 -73250
68368 -29945
61127 -89950
-48557 43705
-10090 63493
4648 -22606
77116 43362
40695 -61337
-54596 -50338
-43465 -38921
-39144 19403
-9609 -58660
-64650 66271
-33052 -39907
-73264 -24298
85997 83875
7286 -64640
27900 76697
35571 -54150
-92663 -67587
71114 -38486
17174 8595
50187 -47920
39908 49924
-96119 -51518
-17883 9100
-97249 -5653
-24126 -61241
-9638 23244
-96185 -39398
-91885 18547
-18971 -56303
-1989 -67599
13890 12787
3737 51733
83720 -77506
-61343 -21735
-98040 -41927
6078 41906
68269 -46414
-41547 -37995
-34408 -18622
2309 -44290
-5614 8593
-83959 -83446
-22025 7795
8638 86141
99050 -12021
-9396 48698
29543 -28017
40872 -660
46859 38107
-87389 26777
-38631 46986
-21831 -68386
-68138 -13790
87293 -53903
-27926 67993
-1954 -38081
33899 3256
-24766 -337
-75022 -91363
-20171 46646
-28084 -13482
-57660 44143
-60712 -66078
91442 53571
60867 75997
25750 -28633
-11102 -67684
43338 52367
-74824 -50544
10545 -73461
-61849 47245
99803 85970
32318 33038
37108 -26443
-37880 -19234
-94698 44760
19396 -47612
55866 -87842
-61280 66688
-67321 -66044
-47601 -19603
-23394 -84268
76528 6871
51974 -25802
-27733 -86488
98269 82334
-46858 -85054
-41570 88019
34505 15194
67526 -96210
36760 22366
70946 68504
44955 28206
48495 -46452
41108 -72063
82865 1205
-68583 -84719
-9678 67677
35702 -36874
75314 -46921
18242 -84121
83531 -3779
59492 72267
-51925 -37743
-17656 -78124
82451 -8722
-15965 50872
-95015 -15198
46413 -99304
-57774 19043
-46971 -58792
59746 -14578
60650 42726
-63909 -651
53880 96586
63765 12866
-8852 34239
76589 -72057
-58673 -75351
60042 -39893
-20098 -61120
-77172 -21205
30153 5050
-85675 -20337
-72829 43232
13351 3123
92063 -1907
-37617 13454
-62296 37095
88662 -69077
-61451 33790
-94984 23534
-7411 -33773
48050 -77848
3398 -54186
-5859 93631
-60629 20732
60629 94656
-55791 -62461
83417 -48171
83285 55448
71154 26869
-60738 -83684
60305 21320
-90218 -26167
-56484 -79019
-13093 12848
51433 -15448
73133 -97218
65281 -38091
-21790 -47857
-971 -21431
-60062 -95531
-14937 -44757
-79263 14037
-75227 -24845
-91728 15825
-71233 -46099
60245 -32880
41589 -26165
71106 67412
8369 -37288
-41237 11465
33470 93231
-64478 11861
-45176 48372
-31020 -41528
52385 -95558
-48553 -75416
63483 -4216
-15352 -71398
59435 -61586
-63867 87400
-28158 -49582
-24212 64686
-1918 55011
-64039 -9726
-48423 31989
-72684 60015
82009 -47429
-16380 -8316
95846 -37375
-61842 -27432
63054 16484
-79477 -59769
989 78905
57961 8623
-1782 4390
9242 52140
72556 -61046
60126 -84848
60318 -69802
67947 -91054
-46584 26014
-42842 -76790
23730 703
-11260 87671
-87174 -30961
40012 -28919
-97875 17650
-8115 88604
85915 -71255
41555 87056
-15006 -77216
14156 -66144
33055 -84545
30520 92578
17078 39865
-73248 -63892
-22514 54259
-94489 38782
-42303 57739
-10164 53720
-90749 -55449
94800 -19300
46098 -24647
-77405 -23876
34407 13183
2816 -62854
-23458 -19325
49790 -96347
21928 -5196
87442 3215
12774 94948
-28746 -86983
-74854 11519
-39782 6032
-12749 36706
65642 -12032
18664 14645
-78866 81464
69600 -64551
-83663 -79829
40417 -20082
51153 -31370
76659 -37
59811 50101
-56411 -19460
-54803 44606
13630 77978
48515 73902
-54657 -62910
-46409 -56294
20406 -90543
80259 70857
48021 -15531
-86476 -46777
-27345 14276
93788 34016
-50302 -92121
23165 -35871
42633 -88727
69149 -12614
43625 -16457
62060 -47076
-53255 10984
3330 55482
3394 -82273
66052 13338
-88044 22653
46685 -82403
8716 10399
31245 -36179
42012 53874
-29711 -14958
5137 10001
-6016 34454
51238 -32260
88420 85204
-47308 -32511
15578 1124
-36500 -41319
85628 93849
78355 -52113
-92728 -3498
-32365 -52963
-14189 -31651
-69817 29719
-16005 28634
-12948 71842
-586 -899
-59173 20548
-31958 56282
25842 -1755
-18412 -40708
87972 -70152
-12196 10567
-66532 -50938
98443 -51722
13648 -90856
93521 7128
-17066 -62824
-59280 -26114
-47333 -51812
-20688 96559
42163 -83540
78924 26679
-29626 -93436
-98191 18167
-81450 -50060
-3430 -77243
-33615 -88929
52594 -39591
-44285 -76135
-48515 29096
10736 -55675
82457 11619
10405 60167
49266 -93071
-82410 -39739
83490 20104
78754 -35472
-3709 29847
90578 -95275
63577 54661
7374 -7599
-74115 -86616
-37286 -21188
-26080 29011
-75979 -85498
-6751 -17270
-43106 -75293
-74534 44939
-80607 -50837
-33428 -80158
58333 -4008
45943 -99207
-91254 12423
84499 23408
-15073 -31612
-84374 27849
-85841 -75824
90283 92370
54848 -71157
74722 54294
45180 -37948
-32423 -66018
6997 -56949
-11473 -93226
41072 16027
-7568 -69820
66813 56446
-73778 44218
25774 -45354
35828 82286
-91579 -43342
-52579 -50951
-42452 -54806
-910 11471
13731 -25173
54421 -66978
21475 66765
-81954 9643
-30679 -83205
74384 -93786
3983 69182
73130 59631
32096 34642
89888 42533
84075 47597
44165 -3404
72991 -60588
33826 76477
89085 -90265
22825 54167
24446 -58576
61676 61305
-36871 -47769
-85405 36570
19587 16158
-46306 80638
30912 -15511
36 70515
-94195 39781
73421 -47012
67288 -92083
62381 54976
75159 -34752
3239 -86223
75514 -23563
-22333 14486
-15069 -63602
-88344 -6365
74249 -14060
-4326 -46898
27139 -89307
-71767 -3086
41977 33887
-86485 51155
17095 28746
-27110 -39565
87557 77380
-22895 14021
-65230 -27102
-60105 59477
10606 -85034
69109 27896
71814 -65449
18888 -1248
-99757 -62845
86356 95508
45234 -77411
-21630 -62234
-53256 18039
-22084 86486
76215 -71465
-30138 96586
80396 -72018
-82728 -27522
-24547 69958
-950 -14140
-56677 -42069
1266 -2334
-2317 59105
-69635 24122
54171 -97605
98020 37077
60775 58625
66901 -90810
-87958 51075
-59267 41149
-38735 -38861
95191 95759
-15183 -66053
13580 17413
-55449 45289
96636 -66819
-51990 -80348
-98863 -57229
-96801 -61008
-63135 5004
-87845 8613
7032 -31128
-57118 26993
-19402 -66018
-60487 31797
73814 35240
57367 17897
65303 -35955
99008 28219
89892 49132
-74929 -43388
16509 -72840
95512 33610
-19422 27882
-81880 -91520
9706 14590
64964 49364
42932 25039
-91935 39240
-87466 -35027
73530 -48792
-41182 -77719
-45073 11260
72745 98064
15048 -8977
51784 -1289
-73096 37786
99402 -38942
30710 96350
90525 96138
22579 -24845
-20035 76661
-17750 1539
27250 -72481
-62188 -28636
-78563 -11203
-12736 24258
44006 3327
-22486 -80330
84200 53820
-40394 -88495
15905 -80723
-12566 13706
-86327 20621
63549 39448
-44731 -38485
95560 -96712
68757 -46933
-9167 -48341
47845 12187
-52613 -97825
59030 91791
-64680 -65306
86641 -57220
-87126 16459
58456 -75931
77224 -46254
83322 -1418
-26160 -72790
23069 98136
14493 14432
37397 -63176
13053 60922
-44796 5118
9634 -15967
-13069 69864
2076 -14360
46983 -60867
22205 19968
-58082 -12035
9648 -28688
70257 -4831
55321 -4012
-79487 40262
-82106 -14968
-75209 -4958
11647 -48704
1320 -54002
34488 88934
-65331 -4196
-49429 53087
2062 26392
9067 66589
34291 61368
-2092 -99369
-34927 -94270
-75193 -44827
-83613 20228
75348 -10909
-59820 39839
15557 -708
-98079 31764
15823 -71733
-2907 -81699
53083 -75676
-35311 -48014
-41806 -88466
59633 9755
-30343 35590
89205 78049
13029 48524
81004 58528
-21993 83973
-60636 -21000
21662 -4957
7684 57641
-44349 -47129
65261 6490
77188 -29283
-75819 12885
32420 -55216
-88274 24230
-2015 7579
-83025 -75790
-23502 74819
-69067 -73627
-44362 -87813
46280 -98840
-71580 -21820
23383 64648
26777 16683
-8463 -72267
-71095 -22108
41247 -44072
-9570 2084
-82018 55246
-15547 -83274
-64556 37453
-67446 5784
98991 65592
42867 -97773
70243 -19519
-12304 -15182
66632 -21303
-71285 86205
-76993 85150
28550 -92677
-41312 86875
21329 -54933
21014 -49331
-24438 -44247
95576 81137
-64654 -34554
78990 8130
64712 73817
29744 -14831
19277 -67048
-8554 -32624
6686 23149
8894 33876
6950 31192
19763 67224
94622 79473
791 20306
-58566 -63371
-60159 -14664
69731 -58391
-6628 -92608
60642 38840
49983 -10477
19811 9636
53746 31058
1965 11501
24263 68819
-42835 -79644
-80010 81982
70795 19424
-2804 -80604
-46105 80389
66313 27424
-93772 -84550
-47996 -84606
-12392 86079
1341 61749
-17473 -61204
33402 -10672
-53032 -28121
-1232 86167
66824 46029
80302 -54557
-87301 -4044
64976 -46171
-18905 -27973
33846 -19521
54504 53602
97826 -2802
-39165 -70004
-52739 18039
-32369 -68706
56386 -84946
-64643 39734
18612 59566
80665 -73205
25933 99363
80163 -20788
-28210 -7043
-64637 -39292
-51855 -95813
-33034 36212
-49094 74838
-61120 -20690
-37002 -68045
89397 74811
68583 23488
-28520 39299
21575 70077
-53111 -59607
-10815 90208
48093 -65724
22114 42361
51865 99905
-52526 -62826
85872 53365
-50120 40009
43515 -16653
-25747 3889
30967 96226
61879 17179
-88907 43416
76620 16757
-48429 -87161
57005 -24960
36769 93491
3398 83986
48979 -74945
53632 -95259
76952 -54011
-1734 52232
-44712 -15422
-92079 -46294
-81960 -79629
-85489 86803
-81074 -98628
-47216 64306
4597 -2686
85501 -47037
36774 -24813
-32033 10176
-13152 -58147
-33761 24345
57003 18266
-40845 14495
-74340 -42011
-43893 -85483
75047 -99633
-37076 54135
-40086 -86766
80776 63054
-76778 -17564
69389 -23713
-61709 87638
22326 -23436
21200 -30752
-98166 -74920
-10465 36365
-90676 28635
68809 24494
-64529 -93488
83911 10947
71302 -47975
-45766 32093
-10869 -74861
64494 9756
-33380 -1632
-78774 -66313
52801 99974
