5000 121
-2884 2909
-1728 1144
592 -1784
9088 -9142
-3583 -7005
-9812 -2272
6063 -9432
-8005 7815
-9063 4380
2473 8773
-3825 -9312
-7787 6306
6145 -4345
6122 9148
1750 -8434
-1772 2148
8226 4479
6536 4214
-7012 -2310
-38 4013
-4568 5096
161 5045
1404 1991
5048 -8104
7486 -8252
4926 3463
6434 7697
9090 9933
4365 -7846
959 -5784
-7138 607
6897 -1752
6833 5199
5297 5704
-3210 3189
402 -7383
-1989 -913
6269 -8407
7159 -7497
2551 -3246
-2706 -954
4712 2277
5917 -8178
5305 -3744
4540 -7735
1592 1072
8912 -1673
6428 133
6687 4330
-2404 4140
9407 -1670
5337 7834
-5124 2498
2197 3142
6649 8207
-3548 -5287
-6338 1540
2811 -494
7733 -8187
8714 6145
-8277 8715
9111 -2547
3958 -2988
2534 -94
5944 -7323
2669 -478
6806 3619
-6926 6633
2258 -1358
-5501 1627
8161 -4315
-4353 6311
8878 -2307
6764 -9919
-3604 -5647
-4500 -2787
7059 -717
-1561 5726
9545 3864
-9648 4664
-9639 8359
5917 4068
521 3044
3037 -3344
1868 3956
-4470 6157
4809 5300
-1868 2849
316 5056
5256 4071
-6938 7377
3514 -7959
8566 7743
159 7492
-8415 6229
169 2219
-8539 1203
-4619 841
-649 -7120
977 6691
3606 3291
5508 6901
1700 1841
-9824 7049
6813 -1631
-8795 4080
6442 2890
906 -6704
1043 6216
-6855 5198
-4451 -3004
3688 -6036
-8918 -1154
5428 -4997
2273 9682
-5617 2734
-5671 2920
1028 682
844 -2924
8526 8462
-3541 -8146
-2914 2835
-1620 -9780
8819 1843
-6880 2770
9885 8475
7554 -2371
-8767 -5103
1448 9668
170 -3006
6775 4255
-3370 -3125
7309 -8539
-7624 -832
5859 5018
-6418 8158
4189 -8850
2751 -4578
426 -3593
-5022 3281
-9805 -5945
-4231 1016
7880 8900
-5274 -5226
464 -853
2671 2523
6780 -2649
3254 -5518
623 3155
6760 3911
-3529 -2868
-6081 6354
-7072 3361
-1325 6719
9257 -2687
3555 2360
1684 -5176
2684 4053
-7157 118
2818 -7793
3249 -6458
1294 -3487
3246 4415
8127 -6692
-4688 -5033
-9129 8497
7064 6094
6341 4602
897 6251
-3883 -745
-1420 -9040
-2818 2344
8394 7964
6656 4667
-4550 -3823
4801 -3707
4269 -1390
6711 5213
6135 4372
-8145 4859
5086 1389
7778 -2564
4349 -6779
-516 -4906
3578 -6602
7627 3165
-825 -1211
3660 813
-9717 7485
-563 -8514
-8409 5230
7364 8718
-397 8329
4685 -8204
5641 -2926
5239 -195
802 -554
-195 1738
1339 -163
-1604 -9349
7346 -4592
6091 -9965
-7924 5454
-2228 1831
2230 2321
-1624 -3908
-9222 9319
-9999 6620
1618 -6719
500 5652
9547 -6118
5704 -6140
-4313 2792
597 -9599
1339 -5409
-9655 -4985
-6904 -1401
-3493 3189
-1734 -8327
-8046 9283
-5053 7333
-950 7920
936 -53
9945 423
3569 9255
580 4673
-6918 -2969
7290 2027
8637 8537
-3018 2871
-9804 -6191
9277 7273
-1633 -226
-4540 -8318
1435 -354
-7583 1319
7899 -804
9439 -1023
-2013 679
8096 -7043
-1204 -6334
-9507 -4509
-5809 -8453
6123 -3251
-9662 2079
-4486 -3007
1892 -3627
-7536 -1601
-4828 6633
8093 1536
2155 5826
5552 -7291
4688 -9167
6737 5065
-2663 -9985
-7351 1306
-6198 -8362
-7078 -3724
8570 -3911
-6230 -9306
1581 -1896
7870 9422
-2918 -1468
-3265 -8011
-4591 1419
4452 -9931
3088 -2508
5852 -8117
5462 -5234
6520 -730
-5275 -7174
7710 2969
-1716 -4685
5070 -1040
-5289 3222
4629 8740
-7530 -3870
3835 -5717
-7687 8403
3305 1525
6859 -7758
-7632 -3114
-6740 7793
8147 9782
6249 -7881
5139 -5201
2952 2781
-18 9528
4055 -4278
767 7082
8985 3063
8375 -6123
-2930 -5414
7654 1228
-941 7442
-226 -2574
-1934 -4116
2736 -6287
7267 -7942
3085 9229
3327 7381
-8313 8066
5375 9440
1071 3782
8716 -1041
-9958 -3718
-1931 974
907 -9395
-7796 -2839
657 -5087
-8375 585
160 -2868
7192 -8971
-9579 -3695
3078 -8857
2004 -8163
5504 -6964
1521 -8890
345 -174
-4058 -5394
-429 2069
-4678 -4928
-6143 2711
-5788 -9935
1331 -300
2711 7602
-9835 -1056
6558 -929
-909 5742
-9774 3400
2169 7413
-6590 2819
3649 7546
1121 -558
2967 -7573
2449 5887
-1285 3167
5111 -6638
-9467 7743
8656 8144
-881 7743
2814 -291
3247 -590
-4008 -7927
5963 1782
-3700 -4555
684 -6470
-9880 9102
-5394 -1075
9505 -6240
6287 -6977
-1521 -8666
2382 -5394
-4037 -7309
-5796 548
9363 -6734
8481 696
-5582 635
-8675 8967
-243 -7478
-9839 -440
-6156 3545
9485 -637
8569 -7905
-2993 -7843
-3562 -4812
-944 2849
4577 4690
2251 -5245
5449 3276
2578 -4873
3254 -4795
278 -2766
-6401 4665
-8008 -3858
-1515 -476
113 4884
-2108 -3821
-4101 5289
-2540 -5038
-1770 -8651
-9986 3122
7364 -2553
2517 2717
-3480 -7156
6039 4700
-2798 -1617
9038 9229
5365 6833
-1207 -4798
5095 -4976
1106 -9423
-9219 -1431
6577 4009
-1409 -7676
4526 -4489
2080 7184
-3101 1147
6366 -23
9002 156
-9241 4431
5924 -4964
3377 5899
8490 1568
-241 -8632
7790 5733
9902 -8426
-8405 4674
-4384 -6195
6606 -7927
-3255 2384
5102 9100
-8425 -4097
6190 -7036
8587 -5377
7055 -8684
-6174 -9291
8163 -8505
-2676 -9616
-8399 7473
7629 9702
-1293 -1613
619 1864
4325 5022
-5406 6689
-4323 5251
-2123 2430
5007 -2112
2320 4907
-3718 -9543
7929 -4232
4847 2974
7020 -1408
-4071 -6184
9741 4365
3708 7130
-3626 -7577
-889 2257
4652 -910
-7737 5324
4173 1500
-798 3049
4304 9528
4886 -4997
71 -8171
-4953 5782
3590 -5661
-3164 1757
-3500 -3951
4742 4335
4502 -6503
-3258 -843
-3424 -6125
-9978 -9052
-5690 6928
-5159 6546
-2980 -2459
8571 4019
-4544 -4561
9778 -8555
1155 7989
2816 7924
-971 -7442
4249 -8312
-5905 3451
453 8731
2084 1017
-1023 -9353
9838 6864
-8255 -2738
1361 -9960
4768 2227
5778 -4421
6351 7353
-1403 -1754
1157 4867
-8180 2923
-8933 4390
9004 1040
8725 -4564
7246 -8590
7764 7462
-7200 -1296
-5791 8634
4834 6939
-8692 1011
9950 8484
-4172 -4545
-9589 5982
5895 -8482
5313 -6757
8188 2758
-1677 -2137
2882 435
-6667 2680
-2678 -7449
9753 -902
2801 -168
8618 -1266
-1481 5836
8099 -8074
3021 -2206
-4115 -7461
4171 946
5735 6373
3456 -3289
-1410 -5184
-2284 -650
2186 -7617
5123 4113
1900 -5008
7030 7347
-1547 -6544
5412 1093
2772 3000
3422 -8276
124 4076
1211 6691
2016 4044
-3802 4332
-5760 8665
9165 2730
1674 4071
-9829 -8502
-4862 648
6257 -909
-6656 3336
-4376 -9520
-4637 -8191
1711 -2202
8192 -2757
-2694 834
-5918 4915
8219 -6734
-8539 5740
-6760 7665
-9875 -7488
9676 -5385
-2026 2825
1769 -2501
-8181 1863
509 -1238
-9791 6702
-8666 -7244
-6314 7333
3269 3901
-5093 -714
-4643 -7156
-2981 1054
-5253 5521
-6412 -3257
-1083 -4250
9604 1703
8024 -6719
9124 3904
789 3203
8212 -5573
2573 -3598
3487 4982
2763 -7226
4955 7599
2740 -7524
-1794 -510
3575 -1900
-1116 1749
-602 4135
-4186 1700
6851 9877
5533 3163
-8472 8265
8322 8254
1614 -2146
1458 3335
7107 9497
3355 -8793
-4367 3351
8559 -9621
-1659 6086
-4206 5188
5060 -1970
7201 2314
9778 -6374
714 -3579
7703 -9503
-8684 4894
-4795 6854
-702 -1967
-4586 -4248
-5465 3611
-4060 4635
5138 -4744
-9867 -8869
168 5964
1932 -4498
5746 -5630
2405 7148
-1084 1661
7384 1233
-6013 9696
4026 -8741
6352 -4190
3873 5156
5657 -86
1156 -7444
390 -6257
-6130 -8116
6063 -4227
9391 8170
2543 9674
5006 -9036
7936 -5820
-1460 -9374
7314 -1045
-5252 722
-9961 2575
-5585 -9606
5763 7557
-2926 -2398
4099 280
3648 -7371
7691 -1072
4371 533
-1933 -4592
-1562 5085
4639 -5575
8858 -4285
267 8206
-4354 -9289
5442 -3998
-6876 8650
6607 6784
262 5842
4638 4793
-3329 -1268
1895 5779
49 1923
-7837 -3627
-6267 -1025
2897 -2697
-2251 1134
-7910 8391
3793 -2241
3794 -2797
-3246 324
-4406 1592
8090 8208
6564 -9766
2331 -925
4248 4367
3084 3552
6987 -7974
4195 -6132
-5624 1559
2593 6863
-7986 7304
-3917 -4968
9603 5096
-3620 -10
2923 3265
5352 -2764
9037 -538
-5826 6007
-1102 4739
-5161 7950
6891 9954
-4495 -5496
9080 1962
1425 6991
1472 -6541
4804 2601
8543 -2841
652 -8686
-7005 2583
4196 9000
-9245 -5613
-1121 1913
-3989 -4934
850 -749
-6529 5824
6821 -795
-891 123
8196 -1547
-1139 2060
617 -5394
5679 6945
-8076 -1686
-8954 7192
-1257 7885
1945 2966
-239 1973
-6973 420
6216 8980
2216 -6878
-9601 -3393
8319 7768
-5626 9332
-1891 5233
-8381 -5750
4787 -4837
5170 3912
8590 -5511
263 -3469
-6348 -2563
3253 -8584
894 -7016
6822 -3274
63 -1478
4977 -5220
-6154 7986
1343 -2555
-3425 3195
8826 2523
4918 1150
-6348 7465
5848 -7278
-9012 2695
-6174 4360
-6497 4512
3702 6928
-5304 4629
3916 7860
7350 -4929
9439 6470
-9948 -4870
-1118 -8924
264 1540
3301 -9941
-3943 5152
-32 8645
6962 -1110
9571 -4787
3935 3644
-5231 2040
-8370 2522
-7386 -2975
6820 -8028
-2741 -7271
7750 -8612
5015 1601
-8039 -4697
-1317 -3611
-4193 6056
4966 3919
7228 -4080
-4435 -4105
6486 5061
6629 7032
2424 1155
-4792 -5988
3806 7316
-6502 5906
-7493 2333
4571 -6111
-234 -9050
-9549 2302
-3329 -869
-8225 1758
8058 8961
776 8349
-3079 221
2844 -6624
-8208 -5500
-7673 -3689
9424 9805
-925 -629
2183 4666
5719 5136
9949 -8647
2712 -5065
-6581 364
4131 3915
-5363 7508
4039 -1870
1208 -4484
-166 -8805
7532 4470
810 -6067
4592 5531
-2641 -8184
7845 5685
9383 31
-1024 -5184
4771 9311
-7029 6306
-3723 -9722
-4404 4692
2994 7762
-3732 4452
-9737 5941
-8729 -3381
6434 3143
9575 9499
3073 1145
-4191 -8151
-99 2265
-9228 -847
2683 -6089
-1929 -2430
921 6288
476 3251
7443 9196
4051 6686
-9783 -9070
8221 912
8548 8126
-6029 -788
-7861 -1911
-6301 7938
-893 -3324
3570 -5199
-1082 -7606
-9432 4894
-6912 4208
3128 7685
-6993 2469
-9655 -6050
-9374 3900
5409 1703
6791 6579
-5924 7742
3 -1455
-5314 5058
1299 -6831
9439 -5222
-4177 -4052
-908 -3619
6111 -5690
3803 4391
-753 -9654
7308 -702
3453 8362
-5509 -7498
-1561 -2402
4764 -4004
6384 6427
5749 -2993
9221 -7509
1464 -1940
-3818 -9461
8961 4387
-3620 3583
5607 -6203
590 -8825
-6490 1219
1884 -3149
7043 5855
4775 6692
7233 -2987
241 7563
-2163 -5553
-9659 -7498
-66 6032
-4565 -2910
-7110 -2941
-7017 5936
8137 4778
-4692 6861
-3366 -3372
8046 -7882
-4470 -3065
1960 -5378
-1971 5896
9459 -1706
-9610 4364
2269 -2085
-4438 -6367
3556 -4177
-1816 -1646
3922 2568
-7180 240
9459 6468
-991 -7362
413 -6462
5974 -7834
-9895 5396
-9873 5720
1561 -9635
-3499 -8457
946 1865
6119 -5997
-7110 5396
9922 1712
5737 -4797
4002 -1843
1602 6168
5372 -4226
-5747 393
-50 -1362
-5561 1747
-6929 4070
7085 9989
-5790 -9348
-6078 -9859
4138 928
1392 559
8957 3048
855 -2128
4921 6305
-1003 5704
1927 -2516
41 -7920
2581 -9016
4653 -6524
-5750 5544
-8864 -372
-249 5529
-2026 3641
-3969 -9010
754 -5959
-1662 -7470
3347 2865
3625 -8151
-2158 -4161
8047 9956
-5648 -779
5809 9199
-1074 6158
8695 3719
-3363 -8031
-5857 1260
-774 8144
-601 -9580
6082 6882
880 -3408
-5299 -8067
7885 7203
1881 1930
7672 -2107
-8911 -7434
9126 -6088
6537 9241
3395 4339
-843 -7905
100 -372
-9776 -1119
1991 -4969
6882 -7418
4828 -3548
-5218 -1231
5269 6266
6200 -4165
8242 2596
6024 5208
-1668 -4680
-4843 -6381
-190 2972
-7094 2515
-6538 2155
-7433 1220
5516 -9961
5286 6096
6083 -7568
5724 -6913
-4368 -7629
8064 6022
-448 -1274
-8954 3429
3690 -6563
1512 3181
1447 1465
9328 -3986
2447 4540
-6092 3335
-707 -5443
-7822 -3330
-2940 2582
9563 2998
1438 3263
-390 -6094
-5609 1983
9837 4531
402 -6547
5153 -1299
-5438 -6477
-3681 -4044
-9463 8989
-8841 7220
-6169 -2669
2858 3885
8883 9507
4955 3449
3841 7999
-4294 1265
3706 2935
4415 -9050
-1924 -6869
9704 6171
-8472 5161
4176 -3229
3990 1034
2848 1173
5253 -7872
7305 -448
-2284 -2844
-2618 -9399
583 4832
8237 2690
548 6646
3256 -3618
6050 -5787
6597 -167
2357 4202
-2935 2883
-771 4947
4496 -518
8536 -4680
2177 9301
8541 8069
-817 -5780
1227 448
-6970 6320
3931 -8800
-2303 2557
-9757 -8961
6997 -6586
7396 -7756
871 9596
106 -7082
723 889
-442 -9538
9594 8047
-6628 5782
-8504 8600
-8820 2493
7064 -8119
1443 7125
5908 8804
-599 -4494
-371 6534
-9842 4345
3533 -5189
-2548 -4312
1672 2445
3879 8741
5073 -4574
-753 -2226
4528 -6401
-2996 -8132
7210 6804
-3222 -3406
726 -1421
-8926 5525
1174 -6081
-9775 5799
-3415 725
-1430 -201
7491 7822
-2342 2547
3858 -4444
-8527 1944
7974 3451
-7018 -2255
-759 -3162
2223 6448
-9257 -1328
625 4349
2303 6546
-6728 -2211
-6596 -2080
-8078 2459
-959 2111
4219 9472
6251 2934
8656 9600
-1394 -7169
-1452 -4340
5873 4179
-9451 -3091
9816 -5422
-3211 -9604
3540 -7403
-3018 -5002
-5627 2710
-2215 -2202
-9561 9815
9595 -5009
7093 5484
-3472 2930
-3149 -9258
7580 1499
-1457 -5194
-4889 875
3516 -5514
6760 6335
-4316 2599
9530 -7836
2467 -3777
2855 -9903
7144 1908
909 926
-1637 6357
-7877 -2487
-9956 673
4284 8271
6790 1260
6687 4666
8897 -4394
-4912 5041
3488 -3321
-9710 -3199
-8120 -6397
1298 3555
-288 -6497
5220 924
6384 471
1798 -7641
9422 3614
2331 -2132
59 4564
-8723 -2682
9033 6761
1753 9885
6455 -5839
3833 3874
-6289 1154
-9639 -1848
-6337 4375
9479 -5044
-2967 -4861
5202 -8707
4180 3406
6002 4144
1949 -5346
-1580 1662
-5115 933
1677 -5271
-3694 -1834
-9903 -1557
9953 9869
4712 440
-1139 -1016
2506 3519
-3458 -2044
199 -1281
3168 -347
3841 5533
4871 -7048
4040 -1829
9437 4945
-6361 7270
1912 7109
-1370 5178
-2102 -1295
-1711 -1686
4593 6931
2630 6390
3994 -988
4270 8723
4560 4834
-183 6426
9312 -6942
7363 -435
3061 439
-9834 9711
-3599 -2083
2210 -8086
-9928 1486
7726 2359
6171 6633
-313 -9637
-4761 4968
3350 1193
4794 6619
7259 9889
2721 -5924
6330 -5307
2078 1369
-5455 -9901
-6173 3741
899 -4308
-5028 -9801
-8546 -6002
6295 -832
978 5660
165 -7440
-6804 3482
-3819 1471
-67 1700
6988 1892
1301 1767
9334 3785
-1560 -9717
4944 6316
874 2318
-5350 -1033
-9551 -3414
2610 -4872
-3846 -5742
1707 2333
-2214 2595
-1627 -9394
-8375 -3633
-1065 1366
2330 -4268
-5895 8809
-401 -1459
-443 -4689
-2589 2146
3408 -2276
594 275
2666 637
-7892 -4976
6864 -7567
6741 8431
-2543 -134
-8868 -3215
-2421 2972
-391 -2817
2357 9722
4844 -705
-9576 1798
3036 3486
-8710 9065
7113 -4988
8707 8819
-6652 9143
-2901 -1051
-1491 -8900
-2827 -1334
7746 2293
3848 8501
5170 -9546
-5754 4426
-1705 -956
5831 4989
74 -9676
8451 -1721
1010 -289
992 3670
-9331 -7589
2967 2880
-1797 -8496
1960 -9582
9066 8734
-3701 -9553
-4460 4886
-40 5394
1185 5282
9050 -304
-5020 -8801
6627 7080
7448 -4867
6237 3333
-2928 -975
-3404 -3851
-9462 9029
-3927 -9450
8102 3108
3490 -7542
3621 -852
2853 8147
3094 -4885
4453 -9994
6698 4783
5192 9748
2867 -7720
314 8462
-4797 3278
-9068 -4751
-2208 -3131
7330 -4365
5220 -851
5077 7389
-8072 8319
9736 8487
-9973 -9701
5402 -5149
5947 6226
-2707 -1771
-7432 2545
4916 -6268
-3451 -7375
-5597 2785
5563 5377
4612 -6888
7122 -7734
-904 3887
-8955 4662
7696 -9995
9869 2483
-4620 6454
3917 2837
3347 7003
33 4253
-105 4868
6533 -1284
-8339 5234
9729 8400
2121 2895
-4597 -8699
-1499 -2327
3028 -2510
-1181 3388
-116 2430
1213 1105
8504 -2466
9618 458
1551 -4137
1539 9877
-554 4971
9425 -3085
840 -3957
4194 -5336
7406 -6691
-7128 1129
4614 -3353
6946 23
8802 -4491
-8471 -4214
4477 -7340
8724 -1355
2861 5744
-8799 -1931
300 -4524
8531 -4260
-4931 -9495
-8244 3977
7289 -9840
-1327 7484
-2493 1432
9618 -3800
7334 2113
-4429 6184
-8662 9835
8053 -4667
-2928 2869
4920 -525
6664 7143
4695 6873
8527 1375
-8086 9665
3783 -7923
-626 -1184
-902 3544
-2775 -8143
4780 -2992
-7638 2685
3983 -9182
-5251 3929
-8178 6239
-1911 -3499
6995 4997
2046 -5340
-9009 -7206
-8636 -5581
-1159 -9649
6645 -8065
8559 4778
-3240 -3764
2446 5883
-5371 5930
-7315 4745
8833 9873
-9301 8454
7954 -9706
8984 9322
3055 -8839
307 -3906
7841 3297
8070 -6703
-4957 -4914
-571 5373
520 -9446
1884 3291
9446 -7673
1854 -154
2782 -5513
8890 -8841
-9419 9222
800 -2950
-4467 3118
-9178 1463
-6043 -1551
3205 -5812
8778 7288
6290 2623
7127 -2338
-7956 103
-8340 9808
3045 -6096
25 7550
7719 -8187
1634 2197
-6339 1065
-7808 5198
-5864 7262
1776 -9536
8339 2223
4140 4617
6572 -4185
-8798 4662
7965 -5722
1196 -6934
-7009 6185
-241 4104
-8197 -287
1460 6860
5115 9977
3996 5163
5102 80
-7601 8637
-2220 2443
-1938 -3122
-2359 -9703
-1090 -5741
3545 5314
5301 5597
-9102 -757
651 -8034
745 6753
-4887 -5392
-9855 -4899
-6978 9201
-979 2745
6885 -2733
-8244 5406
-602 4110
3118 -6565
8942 -1896
-7898 5756
5983 -7971
-6672 2035
9893 7272
2410 5803
5165 -8936
9620 -7834
8297 -1301
-1573 -795
-4188 -7339
901 -457
7470 -6984
7663 8562
-5555 -933
-3881 -1214
-6415 1518
-9092 -7888
-8322 -464
-2779 -3352
-3454 -2204
-370 -6776
3621 -932
4681 -4812
8446 6658
6960 -1239
9443 8513
-1314 5332
3166 1163
-363 -5959
7060 -9758
-8534 3714
3016 7557
6277 -9560
-9184 664
3188 -8235
-104 -6450
8942 1779
-6649 -1236
-3356 -9978
8677 4848
-347 4045
2762 -9908
1282 -2063
-5480 816
-8137 4261
-4832 6092
7767 -1041
-9466 -7688
1550 5901
1924 7925
2429 -1478
6224 -7862
2995 -4114
-5071 606
4558 -6712
2267 5098
-3571 -761
-5602 3370
4726 1305
-9677 -7510
-9424 4362
5988 -4448
1693 -8199
8418 -3677
-3106 -9625
6132 8324
-99 7494
-3100 920
-5945 780
1662 -6944
9580 -8594
2814 3085
-9663 6079
-5486 991
1556 -7774
3349 -7004
-654 1308
-727 -1831
288 6522
3164 -8038
-582 6117
846 9804
-8217 5206
1365 -4655
-4250 656
1071 90
8103 7833
-1249 3517
-9444 -7428
1454 1920
-5722 -1481
-4112 -6424
-1131 -209
8808 9615
5297 -3233
5154 -2487
8463 3641
-6698 1021
5232 1918
3110 -8570
-1159 -7803
7400 -5404
1537 6597
-5387 2584
5663 -6642
8898 1265
-769 6453
-786 5023
3902 1152
-1298 -7272
-2957 1631
3555 9291
-4507 3476
8183 6167
-5570 -8025
9854 -5019
-7040 8823
3526 3342
-3872 -8122
180 937
-3951 -2610
5901 -5665
-6641 9896
4826 -4512
-7207 3058
-6678 6191
-9168 -3364
986 215
3768 2187
-4543 -4103
-3298 -9611
-8241 2555
1587 8008
1667 -2086
-2926 1681
4470 9089
-3434 -5811
-5500 -624
6714 -9974
-618 5800
-280 -3900
-6373 6475
-9746 -3089
-5277 3057
4728 -5332
8226 -4407
3494 -1611
-2180 -1892
4863 1683
-9466 -5085
-9162 3206
4595 -4608
-4737 6969
6711 -1830
-2452 -3284
9289 -7333
-4114 -2134
-6394 8857
-8459 -271
-9729 2234
2723 -2047
5529 7592
6136 1001
5578 2392
-2544 -6824
8929 -3885
-3604 3347
-5539 6029
9526 1000
-6024 -2394
-610 -9133
1625 78
-8824 -7390
-9579 -6307
7548 995
61 807
4514 7709
-8658 5562
3417 -2078
9953 6119
-3068 -2408
3615 -9607
2425 -8999
-1805 2454
9793 -8285
-8464 1718
586 6464
-252 -2761
-735 -1139
-5023 -5794
8057 -6676
1540 -4946
7721 6629
-5209 4153
1549 2835
8491 -5035
5588 9507
2985 6272
-2292 -2759
-2453 -3754
7547 -6581
4215 6786
-7837 2902
-3803 -2885
2235 9890
7016 9261
-5344 -9669
7264 -617
6482 -1592
-7263 9600
-8008 5389
5523 6004
-9013 -2286
804 6700
991 -7863
672 6042
-939 -9210
-5863 9180
-8802 6601
-9155 9315
50 -9855
-3963 -1520
7385 -1163
-8442 8172
8691 7972
2412 -8900
9575 -3288
-2335 -3156
8182 6881
-8021 -1516
8532 -3828
-2788 -5852
6274 4725
6218 1287
8970 -7109
668 2319
-3009 -5122
5167 -9076
-704 5928
-9111 8314
995 8950
5182 -457
-66 -1994
-7748 871
-6020 6648
-3876 -5899
7171 1910
4090 -158
9123 -5917
-8926 7035
-6036 783
5437 -2345
-4458 3609
377 -1008
4219 7052
-2869 -2104
-7706 1110
-1673 -5167
3211 -2764
9511 1868
9794 7874
-9244 -797
-3135 -8564
-5844 780
256 2612
3565 7099
-7355 408
8666 4017
9060 7996
-9350 6776
1326 -4792
-5933 3711
5145 9413
913 5410
-3635 -5599
-9400 -7223
-2153 3263
-9952 689
1706 7075
4920 4011
6972 7972
1090 -6659
-9623 -5203
2565 4096
-9036 3191
3376 8089
3738 3083
3877 257
8474 7805
-1 2809
1800 756
-3925 -5741
3483 2322
-3980 -8551
1301 -5289
692 5917
-7488 1576
2965 4186
9608 8480
-5238 -888
-6547 9705
-9492 -7429
8559 6441
4398 -7799
9676 -2773
-502 778
8773 -2934
3142 7381
4785 5281
7653 2531
-1961 -470
-2824 3057
9009 -8964
1728 971
5865 6373
7768 -8004
-1856 5076
4799 8373
-9832 -5007
-1772 266
-1337 -8034
-9373 7583
-8739 3413
4423 130
2428 -1557
-4716 679
1987 4547
5776 8280
-9591 5429
4792 753
-9377 -4372
7649 4655
3198 -4623
8339 -6193
-9391 -371
3915 5428
1722 1060
-727 -3049
-618 -3019
-4279 -7238
-5702 8845
3296 -696
-1734 -5624
7008 1176
1085 -4994
-6909 -3017
8188 8036
3767 -1229
9112 -1354
7780 -6215
3091 1380
9228 -7502
1403 3401
-8931 -103
-6565 -2751
-9037 -961
8552 2032
-4271 1762
-5007 -4607
-4952 7101
3155 -5525
2765 -2682
-4341 5786
3026 -5624
9866 -5878
6303 7544
-2019 -8512
-2630 -5775
9952 2495
5565 3672
-1550 2152
-6076 -8622
5681 2502
9002 5021
7773 -5858
1674 1101
-6879 3212
-7075 7840
7749 9652
-159 -7189
-1201 -2398
8240 -7798
392 6551
1669 -7331
-9269 -2175
6834 2623
-4214 -6286
3792 -7729
9689 -5832
3757 3811
1447 -7288
1999 -439
-4905 7037
1538 -3457
-828 8665
-4392 -2989
5555 -2874
6242 4135
8891 -5425
2071 1743
1170 -3842
379 -1734
-8116 8749
-3714 -2378
-746 -372
8598 2792
-9449 -2431
1364 9414
-848 -5821
-7279 288
-7770 -3270
-6645 2340
5121 -9610
1896 1382
-8514 8961
4926 -2966
6644 -8489
4179 1480
2146 5510
2401 -2176
8964 432
4644 7663
-9250 2213
-6147 -435
-9299 -6149
2234 6566
7877 18
-2902 -6140
-511 -8274
-2096 -6940
-2493 919
9992 -1346
7493 -623
-6981 6805
8574 -6086
6988 5524
2381 -1508
5923 609
2841 9995
4056 8164
4026 -5064
-7980 6565
5729 2200
2437 -2612
-7520 1987
-9490 2444
-290 -5031
-5363 -6658
-9937 -8681
5211 2576
1820 -3272
-1050 7600
-680 -3298
9695 -2737
9636 -7705
9468 4981
448 -2555
4317 -6597
283 -3217
-5438 4541
5742 -2131
2566 -7728
9717 -5755
3711 245
8342 -1545
973 -4386
-236 -1003
9711 -7561
-9647 8672
5771 512
8367 -1915
1524 5038
3299 -773
7528 -2007
8702 -4530
-3295 3548
7212 -8884
-2010 -4797
-9877 -1093
9313 1792
-289 -2590
6346 6287
-3198 -8085
-8114 7090
-3355 -8783
2589 -9173
-6424 4135
6650 8860
-2897 -1320
-9678 6592
-5842 8012
7673 5496
630 -4636
598 6232
-5744 4689
8383 2729
2513 8001
4399 3453
2517 -3263
7618 -5845
-5954 -8187
-2151 -4093
-624 -586
8563 6032
8202 -700
6334 -6611
3009 1524
-1051 4855
5787 -6724
-7000 4113
3802 -2759
-5256 4200
-9291 -3195
-669 4515
-5554 1537
-8551 3700
-4975 3354
-9459 -4744
8948 -4541
5854 -3960
5295 2177
-5645 3109
9610 -3727
7692 4871
-6172 6990
-2730 -732
6513 -3209
5992 5458
951 3186
6849 -870
-9323 7008
7359 5581
4909 5227
4534 -3089
923 2776
-9861 -204
7853 1142
2010 -3043
-5838 -820
-4565 -9582
-518 -5066
-113 -2706
3758 102
-2533 -2820
-1779 4378
8915 -9649
-1779 -386
-5566 7966
-7231 -2178
6780 -5342
8388 -8804
2185 8278
667 2973
-7088 -1832
-6894 6054
2060 460
-5098 -983
-739 -2830
5288 -1674
8912 9361
8530 4202
-5441 2611
7432 -5982
-3631 4451
-9232 -5012
-6849 2916
5500 -980
5249 -3708
-4291 -8154
7246 -5095
2027 937
69 -8279
-2493 -5022
-9026 -3763
-9878 -5029
-4063 1312
-7200 -884
6650 -9009
-5016 -6686
9583 9630
-9210 8938
-9091 1973
2499 -9423
131 -250
2273 8349
7198 -4523
5505 6738
8157 -9043
9654 3174
9420 -6866
9479 -5021
6100 8281
-6920 -2385
2369 -4340
9327 5905
-4480 -4463
-9668 6738
2085 -1763
3318 1134
-4864 -311
-5017 3907
9280 -8566
7057 7040
-3445 850
-2139 -5063
-797 -240
-7206 1963
9625 -3868
-3523 -4919
-8086 102
6697 9876
2466 5583
9440 7295
9292 9927
1251 -2323
1426 3250
-7881 9664
-560 5446
7178 8443
4650 -1294
7772 1143
-327 -294
-8624 7814
-2672 -9446
6975 -3550
-455 -4922
-6962 3451
-1618 -9474
7960 -8173
5233 -6245
-6367 2350
-8529 201
-1671 5674
8340 2574
-2184 -4650
-8900 -5212
9883 4286
6285 5459
4106 -1121
-9500 -8434
-9491 -2124
-706 -4295
1518 1952
-3322 -5624
5681 7621
4290 -1242
3222 -5453
-6241 9636
9243 -7433
9398 -6618
-9255 6152
699 -9649
6723 8634
7821 -3448
-6790 1570
-2883 -459
-4154 -9825
5462 -5016
-282 9165
6807 8037
2848 8716
-4565 -6622
2508 2086
-4184 -5821
1692 -1498
-3227 -7716
4474 -1658
-1007 -4333
2911 4412
5608 -2425
6133 6930
7170 -1000
7850 -6934
9108 -96
3234 -2562
6817 -5407
-5131 -6554
-4147 -5207
-5323 6840
4473 266
-8392 8226
-1977 -4544
-7424 -2059
-1497 5795
5215 -3270
-4438 5764
-1447 -7095
3030 -3974
6589 -6056
4062 7604
9786 8458
-3309 -5304
261 -4565
6991 49
2971 2266
7138 3125
610 4742
-2993 2349
7191 8107
5607 -6440
-5737 -8249
-1633 -2143
308 -5140
-5110 8153
2421 7765
5916 3277
5267 -2021
434 -4109
-6379 3530
6607 9155
8606 5144
8692 -5014
6525 450
3243 5501
4191 -7097
5138 5288
-5931 6643
6273 2647
-3289 -1068
1464 3655
3767 5009
5934 -2365
-4037 -3483
5492 8223
454 -5822
2703 -932
8666 8684
7707 -1916
2221 -2781
2833 -5657
-4324 4291
8889 -4451
-5245 -6857
7424 2621
7629 4944
4000 -2723
7308 -784
-5096 4988
7842 3342
7899 4763
9134 1240
-7733 -5350
153 5825
6928 9314
-7819 5420
-5373 3327
-8197 5170
-1027 -7528
508 -5750
542 -3476
7504 -6764
3610 -4998
-3137 1824
1965 5638
-1376 -1633
3084 -7721
8312 8630
8492 -8169
8685 9074
6050 -8984
-3248 220
5289 -8170
-9850 -325
-4912 -7716
-9700 -6935
-8860 196
-5237 -8826
8061 6129
-5581 -345
9702 -8394
7700 -4083
-1468 -3502
-2601 -5561
256 1275
-749 1985
9316 1495
1810 8661
-7369 -4713
3943 7392
-9925 5222
-9314 8723
1110 -2059
9945 6536
281 -7372
-4679 -7479
3379 -6049
-7927 8479
6705 -9140
-8366 -2374
6290 9413
1772 -2757
-9244 2694
2924 7687
2262 -3968
6262 -3246
-4528 -8773
-9769 2456
-5353 85
-4900 -6679
3254 -9827
-5265 -414
-2921 -3868
3363 7735
4134 -7584
4677 -5402
1585 -3657
2939 3446
1448 -8257
5970 5791
1514 -7663
6770 -5476
5810 -7931
8712 -938
-3472 -3470
-1238 2878
2254 5286
2783 -3341
-9396 9285
-4248 -5920
8003 4655
9307 6200
5817 -5273
4559 -239
6612 1367
-4218 -2353
-831 -7347
-963 -6520
-2214 -4743
-5850 7760
9797 46
-9557 -6081
2702 6649
3159 8948
-3498 3979
-1033 -4398
5543 7937
8155 5140
-6846 98
7270 1437
-5475 4676
7722 -4458
-6184 6028
6268 -7424
2683 6462
2840 8538
-5818 9264
-7087 450
1203 5094
-171 -4551
6285 5208
2154 -9766
-1062 -2779
9828 -3949
1356 5876
7638 -9083
-7583 5884
-4661 2848
5685 6413
-8138 795
6760 -8721
-4957 3017
-4400 -7506
-7811 1109
6366 649
3722 -1751
5532 -6231
2009 -1547
9657 6030
-9952 374
4709 1964
3513 8467
3117 1472
-1461 -3681
-7378 -2107
8983 -3535
-6877 -823
-6411 4413
8495 -1412
4425 -8338
-7531 292
1585 -6712
391 4118
2071 -7037
-3942 -6447
-3332 -6492
-9860 -2104
4044 -6107
-8415 5164
3229 -7447
1173 925
7995 9469
2058 -4395
7507 -7012
1422 -7435
3207 1768
1322 -8553
-4921 2114
-2254 4896
-885 -5264
-2388 -758
8644 8957
-5750 -2086
2737 -5424
-6494 506
-1210 -4526
2375 3339
7676 -8378
-4400 -2701
-5691 1343
-3274 -6341
4948 -4462
-4107 4106
-9569 8708
2305 -5367
-8472 -5134
-724 -3894
4851 995
1078 3470
-6226 611
5022 5547
-158 5734
-1102 -6305
1156 -6134
-1588 1969
-236 6494
6551 -6859
-5621 3968
1108 6400
2590 7439
188 2148
-6874 6460
-6619 -3240
-2688 -8263
4947 -9400
5168 1295
-963 1825
6596 -577
8713 5964
3254 -6251
4712 -8072
4 -9859
964 -5270
-1883 -637
1359 -4376
-9300 8809
2612 6055
-79 -4500
-5961 -683
5831 6426
5720 5515
95 6180
3394 223
3973 -6399
6658 -7082
5654 -3641
898 1496
-1276 2363
7681 -1463
-3579 3232
-7162 4329
-5871 8455
6928 3059
9962 9938
-234 3654
2662 -7185
6504 -9122
5072 -8660
4099 7786
2212 -3413
1581 -4409
3157 -9207
8285 -5670
9978 7791
6870 8356
1746 -5828
9678 4471
9021 -2869
-7303 -3121
9075 -5382
-7804 1216
3154 2829
3526 9563
-6343 2518
-5521 3238
2706 1158
1667 -8535
9635 -7573
-259 8174
3634 -1023
7664 -4865
4215 6789
3533 7095
7857 4245
8687 776
-9954 3762
9106 5330
7146 1009
-8998 -4236
-9858 -7571
5541 9190
-6321 5233
-9592 -554
-5159 -5769
-1042 -6541
1955 -9410
-3378 -6250
-3723 -4730
6859 -2062
1622 -3646
4481 -4246
-9523 -5172
570 9724
6917 -2225
-7710 1833
-1124 -6487
-7607 8040
-6227 5590
-930 8973
4186 2078
6135 5606
5420 -7912
4957 9071
-2970 -7148
4102 -1217
7632 -9581
-8013 -5426
-6188 1680
6860 -6547
-9408 5284
5185 -594
3438 -7967
267 6161
4439 9820
7125 7513
-3451 -4112
9936 673
-8932 7015
787 4290
3456 8688
3458 440
-9266 -4069
-6056 104
1383 -5045
1136 7334
2110 -6778
9655 9165
-2888 -6289
-8679 8716
6544 4831
7804 -2503
-1650 -5316
6981 -1682
-1982 4885
4191 -7213
1586 533
7572 -6535
4893 1726
8444 7148
-3256 2612
7861 -2659
-1994 -7398
-2921 -1182
-2193 3746
-6145 5898
1909 -50
-7109 6101
-4909 -8083
-547 -8664
-5078 696
651 -5346
7162 -6716
6456 9123
7404 -6118
3346 -330
-8273 -4274
-556 714
-2862 2929
4547 -2126
5859 9185
8815 9587
-1024 -4154
4643 943
-1383 -1418
-5890 6600
-1243 -6160
9589 1732
8310 9041
5663 9288
9180 2769
-5434 -989
-6975 -2568
-2879 -8763
5411 9520
983 -2105
-3492 2528
3046 4635
-2176 5075
-6261 -1454
6950 -2623
-3358 2158
-4862 -3817
-6933 -3942
3271 -7958
1217 2282
3458 -4459
494 8089
4316 -9668
505 8080
-2397 -9843
8243 3803
8975 -7739
-3016 -4703
-1012 1160
2965 3540
4832 -844
-886 4591
1941 4395
-6769 9621
-6604 1962
2759 7462
883 -493
8453 4201
2816 9665
-8945 -4621
-242 7777
-7841 8659
9266 4899
-6715 4306
-9647 5476
5585 -8908
1699 678
6819 -8349
3023 -406
-1022 -9773
-4556 2718
-4492 -4167
-738 -8466
-2762 -9366
8679 -5918
8340 -9053
-4850 5146
2227 -3240
6700 4786
47 4809
-1062 -6762
-6488 9564
-8400 -5212
7484 -2031
-5890 -9919
2230 5121
5698 5101
-8336 -5574
9480 6458
-8471 6772
-1871 -1469
7227 9506
-4221 5890
-3051 -140
-1727 324
953 2058
6820 -8300
3251 -8014
4378 -2959
-8987 -5519
-9494 -4086
-6264 -2202
5416 -9085
1780 -5927
2718 6161
-2903 -345
9965 8839
-3392 -7984
-9172 8416
3768 5385
6938 3294
-5608 434
3682 9288
164 -9158
-7644 3367
-6567 -709
1839 3930
9353 5477
-7514 3257
9216 4605
-4357 2582
9398 -6753
4490 7608
-7149 -4579
1641 -6803
-9300 -3418
8437 7195
5379 448
694 2189
-2361 -3889
-3829 -8491
-4449 3256
4014 9242
4017 4078
-5565 -8606
5561 3512
5265 -7971
7818 1159
9263 2366
-4949 -8229
-622 -7445
268 -298
-106 -8884
5682 9404
8040 3015
-2305 -5335
6056 2191
-6885 9129
-1994 -6630
-6687 5332
2957 7905
8140 7706
4838 5070
9766 6154
1251 -1290
-6233 5052
8018 -3840
-9283 -5377
8626 4676
-2470 -3568
9021 7923
1722 -2753
9713 -6378
-1717 -2013
7322 7248
-9292 -5001
2539 -1219
-8256 2917
5976 9269
-2379 3467
-2829 -9833
-1351 4354
8699 9769
-3163 -6750
-5403 -5949
5025 -8783
-1523 -3662
8135 3162
9302 1914
-740 7799
4855 -7336
-2760 -5380
-9614 4455
5706 -7370
5489 -3853
-9204 -3955
8362 -2172
377 -5715
-2515 -5981
1001 1711
-7637 -5549
-1000 4666
-3201 3131
6480 831
-2582 -2765
-3910 -2732
4032 9293
7727 -950
-484 -3625
3788 6812
-9037 -6217
4310 5357
3267 -7325
-1818 -3159
-9178 2985
8884 -9493
2169 -1147
-7259 -3782
5250 3489
9235 3788
-6306 8138
-2299 200
1685 -1421
-1721 2984
7047 -1161
3611 4761
4806 -887
7637 8398
-9924 -4271
2819 -7373
-9712 452
-8715 5879
3856 2694
4694 858
-6969 8685
-8569 844
5988 -4170
-8845 -4709
4157 2820
-4265 3060
-9397 7973
-6629 -351
6563 403
-8290 974
-6743 366
7575 8087
-8301 -3110
-7156 -3480
8420 -2092
3852 -7438
6353 6751
3455 4376
-3321 -3768
808 -6992
3973 -2130
348 4939
9364 6602
9784 -6338
3167 -1502
-2066 -4202
3998 -2899
-4666 -9484
-6048 9181
8827 -5327
7479 1781
9854 -1633
-9922 276
-9399 -6307
6955 9560
2927 542
239 5909
3741 317
-5417 -7543
-7322 -3383
-3958 -4636
-549 4586
7768 -8572
-676 1115
4377 -4998
6950 -6637
4201 5590
-9792 -473
-462 1150
-2610 -3407
7534 -656
3728 1844
5565 7889
-1092 616
3562 9655
-4779 3450
-7241 9106
8299 -6130
-4539 5868
-2669 -6025
1604 9712
-9878 9378
6888 9051
1252 -6666
-9182 -1148
1422 2436
6776 2159
5460 4485
-4173 4273
5413 3607
9891 2715
2427 379
6093 3845
-4413 -8037
5100 -6369
-8502 6072
-404 2131
9353 1728
6656 792
-1924 1260
8871 -9797
2225 -451
-2221 -9385
-1658 -8496
-8367 8076
-6242 -9079
9215 2326
-7060 -4535
-8865 3798
2476 3802
4052 5679
-6745 322
224 7343
6396 -1719
-8507 2903
2700 9067
-7877 -1831
9193 3837
3450 2063
5356 3804
9462 5212
-588 -160
6732 -9654
-8 1853
3378 4058
6335 -706
7807 -8214
-7014 -1859
-9828 -1774
-4208 -2237
-6451 6397
8959 1525
-1328 -8384
-1532 -661
7026 -1647
4978 6118
-8199 3244
1106 -2991
-6390 -2857
-8546 804
6340 553
-9725 5913
4168 -9525
3907 5551
6109 6505
835 3773
3502 5256
-4572 6425
-6908 -2501
-670 2063
-1177 -3494
9571 7727
5863 -3280
9483 1609
-760 -7720
3319 -9723
-9894 980
-1081 1860
7640 9052
-8490 4289
-1958 4281
6899 308
5320 672
-6937 7998
9676 5539
-1898 -176
2057 -9524
-2136 -5339
-836 -8313
-3539 4289
3762 3673
6655 986
852 -4879
-6183 -1391
9788 5839
3636 -9371
7612 -5707
9414 9096
-3299 -19
1681 -6468
606 5094
5442 -3246
-6519 -1379
-2954 -3023
1012 -8074
-1508 4014
922 -697
4 -7442
7917 -2805
-6462 5656
9576 -3520
-9368 2523
3347 320
1578 6381
817 -2862
6371 -4063
680 -8979
-9604 -5699
-2074 -777
-8351 4210
-2591 -8159
1110 -1199
-6811 -842
-9101 2507
1746 100
6439 4929
2396 -4869
-5659 2694
4808 -708
1252 1282
-4588 -9916
9523 3333
7255 -1337
-7457 -1482
4859 122
5856 -288
6755 -9412
8833 7554
-9963 1156
9069 -4686
-3183 -3604
813 8331
3727 -7201
-1921 -6329
-7981 -2688
5843 -2387
-5503 2672
467 4721
1580 -7076
8972 -5155
5318 -8123
-1963 -7447
9354 -139
9044 8574
491 2290
9577 -9941
-4155 -6143
2903 5696
4763 6715
-8267 -1185
5289 -5217
-7363 2155
-7266 5031
9316 -8991
5162 -750
2378 -3094
5120 2527
9062 -6508
-9808 7047
-3509 -7870
-2068 4150
1564 -6319
4400 -194
5926 -6299
216 -7688
-9845 -9629
-8107 4432
5021 -5679
-5858 -8194
5303 7827
-8682 -1117
-290 -2542
4926 8127
5800 519
-5649 7490
-1641 1244
-5973 7361
1301 -8974
5990 -746
1230 5781
2657 -2345
-7221 7060
108 -1916
6545 299
-1398 -8005
8238 -8998
2176 1500
6504 8952
-938 -6773
-6922 5197
-4616 4771
9323 -8187
6923 -2857
4103 -3943
1846 6137
7111 3085
7977 637
-4807 -5192
7567 -5433
-4154 -4789
9456 -611
4645 -4654
-7580 -1256
-2886 1596
6845 6133
9234 1611
-1029 -7823
7359 -8549
-2275 -6375
8646 -957
-7206 9759
-1156 -4660
4528 4340
-6797 3
-1279 5569
-3184 -3980
-7723 7629
-1447 7263
-2650 -1763
-6344 -423
1055 2901
9368 4867
8378 3438
4156 6878
-507 9171
-5823 -2172
4 -5611
1389 -6764
4591 4589
-8736 -5969
8834 -5416
2821 -1684
414 3848
-732 -7419
4428 5809
1718 9750
-1642 -6588
6008 9673
-253 -2418
-8114 -5752
2168 2909
-1191 -9973
9355 -6131
-5084 -9052
-9800 3782
5543 8271
-6876 -2092
8356 3934
-2313 -658
9399 -657
8157 -1734
638 -1154
-3328 -646
225 6995
-129 6840
1788 7616
5348 5292
1598 -5580
859 -5348
6325 7330
-7908 3718
3841 1108
9826 -9178
-5976 2550
-9008 9386
-9208 -719
3464 4609
-5596 -6707
7613 -206
9384 -2526
2388 -308
2632 -340
7023 359
556 5396
-5399 8213
2282 -8239
8059 -1428
7979 -4031
1537 7369
-4193 4496
948 -3300
3401 5776
6070 9949
-3517 -7352
510 6144
4372 8481
7917 -9113
2155 1227
-6729 -2123
-4266 4242
-249 2600
894 3687
-7612 3359
-484 7747
-9716 -7552
3898 -2123
-7650 -678
-3746 -2198
-9988 -9483
-8886 1803
-8444 -6780
-6282 6748
3657 -5093
-2418 -631
2465 -4014
300 5683
-1364 -2446
3567 6216
-5949 8862
-8938 4842
-9537 -7262
-1674 -4856
6706 -8777
2428 5575
-1203 -6516
-3748 -3585
2785 -9112
-7862 -1283
-1654 -7108
1043 7473
2148 5445
957 5008
991 3023
-219 -4547
-2852 2192
-7196 -238
6303 -6153
2156 7957
3011 -5770
6416 6822
-1738 -779
-4163 -4727
-4001 -8177
513 -2071
2605 -4060
-8692 5362
5370 -6927
4563 7775
-3230 -7762
-5420 1531
458 -4992
2292 -6354
-7186 6430
9839 3602
7320 7482
-708 -5859
3825 2822
7530 2886
2076 -9793
1923 7918
-7265 5252
5129 2794
3262 -8926
-8433 6058
4575 8195
5723 4289
-1931 -3906
9045 6684
-9223 -6602
-8317 -338
4822 6214
3121 6602
2758 -3207
3217 -3985
698 -410
1965 -8539
-6078 -7948
1724 3802
1286 -2905
-6065 -1618
-7849 -3362
-460 -4738
-693 -3522
8167 -804
599 64
-5877 2169
6381 -8049
8309 8911
-3930 -1596
-8176 9227
5563 -6587
9967 -894
7554 9781
7611 7038
6778 5403
7381 195
-2213 -7265
-8846 9878
-1404 -8682
993 1447
-4431 4310
7681 -2795
-2285 359
-577 -9150
3611 -9529
-98 4250
5666 4026
6101 4455
9770 -8379
6180 -2587
8384 -6583
-3586 -2459
4684 -7672
-6083 7704
-3942 1458
5369 -2397
-6824 -2422
-8402 8500
7209 -4781
8021 1247
1455 9834
-1459 5329
143 6916
-1661 6105
166 2532
9836 9755
-7611 8283
9498 7711
5842 1058
1402 -4209
-3433 -9020
-3787 -6026
-5319 -7259
-7812 5422
7946 1736
5738 -7798
3413 -3002
-7847 -5221
2501 -8183
24 4664
-8741 -6179
181 -548
-85 9931
-926 -1190
-3814 -9717
-3611 1658
-6872 8708
-1801 4117
-8764 -6055
9107 5590
-7324 2747
8518 -8135
-7001 2004
-345 -3538
-9604 -122
-2457 -6647
2624 5342
4977 -2898
1789 9264
9692 -4111
-7878 -3584
-2591 3273
-8223 -2581
3085 -6049
-5022 6742
-4749 6356
3075 -3146
5597 8015
-2336 -5097
7807 2268
2175 -1820
-8932 -6018
9297 9525
7155 -5144
-1934 -4113
368 -2728
2097 -579
3162 7103
-8035 -301
4497 -8806
-9868 -1193
-2122 -837
964 8059
-4083 -5563
6218 -2717
5466 353
1837 2267
9314 5921
2006 -6077
-5382 -6909
7680 1600
-8555 3676
5500 -3572
6513 -703
-1623 -1446
-2421 -85
-1801 1968
5361 8420
2764 3703
-7765 9481
-7416 -1906
-2276 1558
6820 5591
3734 1769
-1364 3509
9816 8505
1496 -1821
2623 -454
2264 -895
-3248 -1146
-4500 3990
-2455 -1486
6571 613
9510 -8835
-682 -4561
-1824 -5612
-8112 6345
-936 1011
5951 -5676
-2472 -5045
-2436 2148
-8041 3257
-680 9897
-2339 -589
-971 4519
-6540 616
2248 5261
-8211 -3787
6835 6926
40 -9156
3241 -9263
5186 1084
-9834 7165
-4381 -8794
5403 -7898
-504 -8507
-8598 9448
1759 -7307
2195 -3703
-8359 4429
-9958 1898
-5977 9326
7313 5649
-4263 -7038
8459 3159
472 -6680
-1513 729
6342 -5710
9247 3005
-9029 1487
-7175 -4636
-2852 -5625
1283 2134
-8472 9060
6083 -3176
5330 4428
9946 -3944
-400 5711
565 1572
4782 1332
9283 1989
1339 -4372
6470 -7712
3120 -4322
-2490 -8803
-7260 8041
7788 -624
-8796 -3325
-3547 3744
-3811 4947
771 -5365
5669 -4320
1813 5531
-464 -6050
5456 -8027
7783 4493
-9940 6137
7580 -2592
-35 2606
9680 2604
659 7298
-734 -5791
8800 8008
3781 3497
702 1502
-5054 2550
-200 394
4915 -134
9410 1061
3204 -3456
8316 -2780
3102 7365
-3624 -605
3426 -1330
-2408 -9414
-4371 -3979
6983 2143
806 -4893
3681 7022
-8130 743
2040 1289
-902 -3245
-6077 6028
-2611 -6208
7947 2119
-1855 -9779
2700 -3352
8659 8857
6152 -8669
2385 3232
-9901 -7071
-8627 205
8362 -5412
-5485 6652
-1708 5077
-8062 -4856
8135 -1600
-9207 5935
-855 6996
5369 -972
-4923 -7951
-1760 1365
-4080 -7291
5066 7515
-2506 -4774
6503 9601
9729 6557
-2867 -2397
4889 6467
-1787 5190
9491 -6081
-4004 -5263
-1781 -6745
-5058 -522
2356 6632
3428 -8701
-3174 -6231
-7037 9671
2156 -7002
-6466 -9797
2024 -8861
-1764 3274
-1591 -6351
3507 1364
219 87
8452 -6944
-5215 -6031
9877 -2711
-7798 7310
-2810 955
-3081 -7107
-2179 -8422
8768 1427
-8917 5009
2754 -4227
-3097 -1658
-8080 4911
-4597 -8548
-806 6811
-5183 7092
-925 -896
6352 6727
6214 7423
-6942 1778
5661 -7854
-8661 8539
-4595 -6088
-3812 -5942
4356 3334
-2566 -7296
-6824 8925
3547 7654
9184 7800
1313 4859
-1588 1857
-8471 825
2426 -5699
3418 -8041
-6505 8397
-6812 3794
1092 -4607
-9011 2164
9304 9039
-1744 -5004
3229 5705
-3825 -2758
-9972 -1327
5847 -2022
8134 -2624
-7280 8274
-2488 3673
1953 5644
-7290 5581
6175 1481
-930 5716
7087 1787
8417 7114
-5345 8020
-8756 3902
202 -2589
7624 2869
5166 -7271
-6485 3094
2329 4334
1134 -3355
6817 2600
6279 2524
3236 5857
4689 -9313
2699 -6058
-8295 -5371
-2667 -5402
6476 3331
901 8453
-492 -2301
8357 1469
-4771 -5719
5887 8179
5887 1842
-5978 161
-9643 7858
5869 -7422
-2867 -2671
-132 -406
5227 -1121
-8626 7702
-85 5594
1426 -5057
8182 -5528
8695 -5711
-4799 -8532
-8338 -595
6394 727
-7893 200
8756 9145
7696 -2470
-1308 -2529
1513 1484
7515 -7654
-5512 2793
7095 -5039
-920 4599
-9056 4494
-2580 3727
-8857 -7824
-5931 9831
-2033 5454
8770 -4186
4816 5782
-2443 993
-3443 3598
-442 -7299
3126 -3048
2510 -8608
6430 -8490
-3130 -8533
5208 4876
-8822 9141
9120 -8711
3430 4986
-559 -9595
-798 -1422
-8585 -2548
7410 -6979
-3751 -5892
6559 8516
-9110 -7311
8765 7241
-9715 2450
7170 -942
-6088 4427
4108 6416
-7997 -2656
6486 4599
-3191 -4528
9159 -7280
-1703 -6066
8675 -2816
8538 -9193
-2529 209
-9441 -4640
5025 -6951
9380 -3783
-4366 4287
763 -3211
-6692 2589
-6708 -2912
8151 -3056
-567 2570
-5791 9714
6820 5641
5008 -8334
-8436 2688
-6781 7659
8990 -9240
2353 -4255
-705 -7256
484 2833
9058 81
8475 4296
4499 -5763
2037 2940
-6754 5910
1830 1724
3435 1623
-3908 2565
1042 8858
-9252 -5279
-9984 -727
-9456 -5401
6034 6180
-240 2647
8419 2169
9760 -6338
6429 2838
3903 3998
-6082 2261
8090 -4
-5497 7648
6262 951
-9416 -2574
7502 -3789
1603 -3574
2663 -6561
-1779 -4402
3920 1458
5078 7677
1082 3617
3132 8254
6005 8343
6302 852
9918 -3513
-5499 7561
2203 9909
6118 -3842
7041 -939
-8091 -2075
2213 2115
8473 5948
5146 -6922
1898 9856
-6655 3597
2139 8200
6114 -8210
-6846 7127
481 3257
2500 2933
-2164 -2592
5734 1765
7622 3672
9362 2484
-6410 6561
2035 -3475
-7949 -4894
2412 -9062
385 -6695
5389 -9183
361 1579
1023 -5324
6247 7558
-8477 8242
6814 7040
1571 2922
-1142 8627
-3192 -8863
1227 5395
-9518 -1456
5853 2657
3189 7984
-9160 -61
3983 -9592
662 -5265
-5876 7725
7048 7901
3180 8323
-6222 3475
7742 7319
-9111 -5694
-6887 3111
-2509 -5516
9535 -7863
-4490 1349
-5180 7689
-8600 -2284
5713 9353
8262 -9372
-7664 8513
2069 3787
6851 -9941
4746 -1039
-9343 9233
-9194 -1047
-2265 -4036
4840 1242
2987 -5167
-798 -4826
1142 4566
9980 -1050
4985 3078
-7566 2666
234 2715
-2934 -1282
3336 -7246
5467 -1950
6217 -7930
3293 -542
-725 -7927
6005 2788
-6885 618
4151 8942
-6390 -9452
-1307 -8494
-1193 8407
4730 -2529
-9886 3583
6990 -498
-5798 -116
-9456 770
-6546 -3637
-4950 1420
4025 -9356
6165 8236
3834 183
1366 9249
8756 6697
817 9320
-9814 -445
-769 8560
346 6547
-830 270
-7675 -3366
-5104 3419
-4694 -9000
1551 2969
4038 1204
-2492 -6040
2856 -5122
5687 5783
-4320 6246
-2891 -724
-1208 -2892
-8531 8039
-4623 -7918
6025 -8055
1092 -2125
5020 3740
8211 -3852
-8678 -1838
8087 5751
381 -4923
-857 -4113
8255 299
4529 3383
-7109 -1076
-9312 1552
9138 299
-9685 -2602
4559 6001
2141 -7313
-5369 2697
1687 650
-7867 7479
8893 -1994
3963 6394
4750 6026
3087 4660
-3607 2242
-1286 4994
2316 9673
8668 3982
6665 9657
-7695 -2735
-7293 -712
-2134 -2672
-9843 4270
2305 1065
-4512 -9409
6131 710
2600 8562
-6747 4130
5367 -8384
-667 4834
-1735 -7704
4326 45
-6055 5021
-320 -2262
4978 -9812
-3046 -144
1303 8046
2848 4177
2047 2666
1398 2293
-205 -8826
532 -4866
7251 9886
6067 -6919
2839 659
1579 -4876
3022 5312
-9527 5250
820 7471
6256 -834
1682 9471
5617 4508
-7303 -2489
-9295 6597
-3720 -5883
7098 169
-8220 -375
-7360 4099
95 9309
8311 663
9493 6379
-4555 6115
761 -9747
-2935 -17
-1586 -4897
2373 -6091
4418 -1539
-8219 202
8560 9312
-6564 9425
1548 1996
-3706 -5722
2264 9554
4928 5206
-5236 -8078
1175 -2177
600 -2814
4487 4624
1991 -1370
3044 6468
951 -2817
-8019 4732
2653 7607
2039 -1628
1457 -9826
8644 9139
-4041 3310
4171 4982
-1795 -143
6622 -9484
7092 3301
1437 4269
7760 -8628
4052 -8945
3717 7860
369 -9796
-192 4785
4796 6888
1189 -2759
215 3340
7491 8361
7217 202
9916 -4227
375 -6835
-2203 -1680
-1479 -7299
200 -5828
-9044 6239
-1508 -5346
5170 7568
3197 6961
-4329 -9031
7603 -4569
-197 -5812
-7584 3701
8085 -4851
1066 1056
-5279 -5650
7933 6782
-8536 -7123
4126 -5897
-8551 5995
-200 6061
8088 -7376
3888 -2184
4945 -2257
9673 4211
7948 1170
9503 -5416
-2185 -364
5071 -1316
847 -360
6036 3526
-5219 7562
8651 -8358
-804 -870
5708 -8107
1502 7861
9878 -7447
-6850 3325
-7185 3236
2963 -7394
1968 1651
-9692 -2779
8668 6631
1082 -8580
-9196 -1143
-3766 4784
871 -7914
4604 -3949
-4825 5746
7200 4778
-1512 -7556
2554 -5239
-4595 6780
-6056 6801
9099 9140
-6391 6437
-9352 2726
4072 9982
-7317 384
-4205 -3364
-149 -9706
-7289 6387
9026 -2831
3230 7151
6268 4653
-2682 -960
-9125 317
-7445 -5296
-5560 -9591
4331 7816
7175 8079
9348 3357
-3955 2789
-9635 2930
4985 6535
4629 8042
-4340 3714
9495 -401
1942 -4219
-1254 -8165
-1630 -5875
-9779 30
-2793 -8828
7537 -815
9658 8805
-5125 145
8867 7131
2306 -8385
1642 5921
474 8076
-5606 1094
8360 -5955
846 4028
-7425 9683
2173 -9845
3857 -9385
1904 -9864
-9893 1180
5844 7736
-3229 -2142
-6200 1986
597 9368
4594 1120
-9649 308
2758 -9759
-353 4838
2020 8652
997 6597
4835 301
33 -3925
-5006 7888
2942 -885
-4508 197
4924 -4895
476 -9257
9299 -8361
-965 -7950
-7534 -4158
-1929 -4212
9660 3188
579 -1826
6228 -4381
-1306 -8478
9185 8836
4113 2275
7297 -7342
3916 1521
-4184 5820
554 -2247
-1225 -6888
2402 6179
1476 -6132
991 3131
3916 -2391
-5932 -8130
1867 5125
2119 1834
8378 -1060
-294 -692
-7535 -4573
2561 -7430
9039 -1897
8237 5979
-7411 -777
9515 2273
3428 -4599
1399 4390
3461 -1579
9036 4116
5663 -1766
-8285 915
-903 -9028
-3364 -8990
-6193 6344
7208 -7164
4659 -3323
9805 9557
-5445 1090
7388 -9095
-1894 5184
-7768 4012
-3810 -391
7918 -9212
-1202 -3086
6582 4868
-2068 2722
-771 -24
694 -9587
302 -653
-7395 1304
-3433 3733
2457 6576
9758 -1537
5313 8670
-2287 -7848
2552 3666
6456 -3651
9051 -253
-7963 -3102
3986 7700
7897 -4126
8341 -5945
-1623 1094
-8708 654
4689 6977
1069 1146
-7437 -3052
188 9246
-7704 -4157
-6534 1825
4916 2527
-2622 -7884
274 5973
-1576 3525
6338 -3643
735 3251
7673 -9482
-8627 1674
4888 -8034
7790 -1709
-2066 -7240
-9621 917
8973 7067
668 -3413
984 -3428
-1039 -129
-6637 9909
7671 9193
-2019 2749
1210 7777
2402 -1483
-7895 6211
7026 2864
4340 3262
4206 -4357
-5185 -5879
6617 -3115
9630 -2270
-501 7358
4842 -2858
9218 -7661
-6659 6625
-4704 -8115
-8169 2489
2728 -1352
272 727
-7212 4323
6561 4259
-4876 -5039
-1723 345
-2048 1965
6812 8728
8128 -701
5055 -2862
3528 6156
1843 -652
4646 -2413
3397 2296
8557 -8606
674 6603
3605 481
8781 7409
7805 -7054
-2234 -9094
2363 -4568
-1697 -3285
5360 -2412
2160 2633
4642 6329
5238 -4538
-1423 -6040
6006 6902
799 6498
-1841 -427
-910 -5686
-2640 -4316
-2300 -2532
6005 3037
2778 -9510
4066 9214
2328 -2562
721 -2958
-9447 9237
2988 3665
4181 8850
3558 4370
8523 -5141
7589 -7473
546 8073
-6530 9192
-5692 -9271
3338 2768
-301 1440
6017 -7614
-709 719
8078 7385
6242 5544
852 -5196
-9854 9204
7805 3804
9141 3036
172 602
3693 -8250
-507 798
2662 6386
-9228 6789
6200 -5967
-9093 6666
9973 9141
753 4417
-590 -2948
618 5716
8691 -3008
-5825 8792
-1295 -5681
-1425 720
2132 -6798
-2657 -3343
2197 5788
-5386 2765
-388 -5628
6125 -7565
2487 -3451
7138 9684
4584 6568
1410 6794
5993 9386
-4058 1085
-2500 -1435
-8646 1163
9515 6274
-3155 -7188
7914 7171
9793 6561
-9917 3571
9937 2632
-3127 -8725
9986 -4337
-8774 -7142
-6859 6702
5972 -8444
5274 5174
7928 -2670
9868 -7116
-6091 5978
590 -2090
5277 -9901
9044 -8594
-8884 989
-1341 -5552
700 -1202
9767 -6376
-9071 295
9157 -1930
-4664 -6813
-4473 1602
7470 -294
9858 1736
5592 -5454
2140 6510
7919 4344
3995 -7516
-2445 -7184
6950 -7601
2707 1989
2488 -3089
1337 -6398
-2544 952
6081 -1580
7303 6332
-8857 -5028
-5469 5149
-5663 2341
-878 5321
-8286 1350
-8050 8257
2832 -2941
2583 3046
-2614 -9467
-6735 7637
7122 -7851
891 -4021
6229 -6781
154 -2099
-2537 -1673
-7205 -2920
-1495 -3482
-7312 9712
5641 7443
-506 8527
-5396 6022
-5050 378
-5649 2503
1660 -7921
-8693 -3603
4980 -7823
8266 -3949
2992 -6237
9305 382
-5146 -717
-5544 7650
-6477 4678
1695 4749
7503 2584
-5561 4782
4181 -4384
-9566 7280
-2162 -8747
6861 -6313
1139 -9229
-6362 -244
-1573 268
-9272 1470
-9225 -366
-3148 -2277
-2032 -5250
-8542 8451
8670 4429
5495 8853
-6374 7271
-3843 -8271
2023 5931
-1120 4305
-7605 857
4948 1445
6217 -4479
5940 -2759
-4587 203
-4388 2507
3863 8861
-2855 2480
-7189 9082
8307 5962
-2636 -2352
861 -1824
5692 -2283
5451 6969
7054 -6069
-7034 4983
6565 -8528
-8088 -3637
-6123 5003
-6210 -2221
2890 9879
2371 -5962
-361 -8313
6241 -289
1083 -2639
1002 -2567
-1950 -8145
1555 4125
2659 -3584
2695 -4528
5823 6599
7157 9165
3288 7872
-1261 -3851
-5868 3164
-3306 431
7106 -3166
-6327 861
-7880 -2692
-5550 4497
5757 -4585
9359 -7580
-795 3245
7281 4678
-9528 -5357
-9902 9172
-7169 9312
-666 -5757
8709 -812
-2155 -103
6284 8508
7938 1669
-3818 4947
2490 8142
111 -7073
-8113 -279
-4554 6595
-2603 -7754
-9936 7437
-479 8454
-8291 -2032
-1844 4741
551 -8244
7389 3638
-2221 -130
6300 3919
6541 5371
7523 4948
371 3355
8442 -1188
-591 29
-5470 -1474
6815 9185
-8899 4167
-4357 1686
-9809 -3893
4076 1939
4289 7336
8379 -7359
6080 1474
6773 5849
-5766 868
2132 -6539
8126 8854
-7350 -732
-1173 -6071
1668 1686
2956 -4674
-7600 7279
-7803 7095
9306 -9556
-7224 -4677
-3463 -1717
2010 -3538
-6615 9697
9695 -4743
3181 4690
-3096 -2922
1249 -8334
6206 2938
-7756 -4970
-3490 -7758
-9511 3755
-4200 -8368
2338 -4753
8218 4362
3212 1125
-9041 8864
7928 -7231
3406 -8676
-910 1965
630 -1621
7203 -7030
-291 -9585
-1848 -6542
-9957 2082
-5312 -458
1703 8485
-1711 -3024
8016 -8906
-4872 -7130
8164 3896
-4480 1374
5485 -3125
8456 -3322
-7146 -1082
-9618 -8579
7206 7804
-8184 7462
-610 -2750
2957 -6617
1435 3984
3010 -9570
8551 -6754
-7584 1771
8166 3076
-8794 -3143
-5615 -6547
6908 -6797
9619 -4129
2675 -3790
4962 -931
1747 -3417
7026 8441
5463 -7079
8986 7245
6370 -4516
9884 -2050
-8269 -6696
-4761 -7461
4729 -3471
3726 -8173
-1923 3636
7598 2629
5278 -266
3522 -8820
4723 -8760
-1845 -5559
1921 -6090
-1802 -8324
9060 -2336
7341 7649
4469 7612
9153 2756
5004 -8494
-8463 -117
6384 -2858
6244 -6684
8492 9058
-1695 5810
-4211 -3170
5504 1111
8583 4565
5510 -1226
8806 -9195
-3433 -4948
-7467 -2537
7245 1221
-8817 -1953
6375 9671
2722 9214
2072 -7063
1500 8697
4546 6829
2560 -3523
-2163 -8652
7533 -1321
-7875 8966
6506 3449
2803 -2107
-1033 4575
-5607 4631
-4974 2826
6570 5507
2649 161
1991 4028
9240 -3801
-195 944
-3549 -2122
1633 2494
-710 -2100
3171 -1549
6536 9446
-2452 -9514
6110 -2715
6992 8548
-8661 3193
9304 -5215
2154 -8389
-8051 4907
-89 -2218
9935 1280
2097 3293
5215 -5369
6348 -697
7106 -8915
7455 2715
1876 4857
-8838 -3321
-1131 7288
3954 9210
-8581 -2337
7516 -1352
-3681 -2045
1990 8514
-4198 -6645
4299 6459
-528 -9385
-8399 4625
3851 -5979
2102 -2541
2177 1586
8934 3271
8347 -5193
-5315 702
-5288 627
-9986 5560
4278 -1029
1178 -1002
-5084 1810
-6738 4682
-5464 -8938
5600 -1990
-3209 -9607
-108 -200
3779 9930
5397 -4492
2661 2275
4872 -2671
4879 3303
1007 -3106
2246 7438
-7134 -1951
-1817 -7297
1677 6892
5469 3991
5853 9598
9953 -6569
-9303 -3159
-3525 62
6280 -4107
-9038 1504
7654 7299
9745 -5706
-7741 -1529
-978 -8697
1275 -1288
-8966 6315
-1998 -5377
6680 1534
-6761 -1021
2820 -8641
-9363 5891
3607 -9523
2141 1101
-3973 -9116
2921 7624
-350 5588
1876 4002
-5358 7151
5688 -2165
-1289 2880
-7208 2399
4570 8811
6583 -6834
8631 8688
4737 9027
2447 -1708
6966 -1742
1180 4175
3375 4694
9416 -1913
2617 -4965
-4781 -4673
6608 -2070
989 -76
-3271 -3512
-420 -6594
-6364 6473
-2125 -6998
-5452 -7491
8551 7699
2220 -6031
-3345 2821
1538 -1692
1402 -7382
1460 -3011
2104 -3753
9618 -8875
8639 1107
9660 1271
-2107 -4309
4462 3718
121 -9791
2927 4930
-1826 -2221
-2575 1858
9228 9636
-203 7161
2575 -8844
-3924 -9780
-2429 -3088
5721 -9905
6919 7482
-1623 4134
4434 3829
8977 6839
-2653 -5173
-9051 -213
3998 867
-9000 -1026
-9948 5443
1618 -1444
-1766 1120
-9391 -688
-5408 -1446
-7043 210
4667 -1714
3491 2879
-2501 -4199
-2669 -59
1702 8312
4986 -2347
-2798 1351
850 -6698
18 -9733
-2006 -9926
-8647 -6285
-1708 -9133
-5767 -7220
-2603 -9981
-5596 4546
3262 -9103
9864 -6972
5253 252
1333 9903
-7379 -4703
8132 -3545
-3837 -2636
8066 1122
5533 3101
5745 -2761
2243 926
4471 -1117
2202 -2356
6270 1256
6806 9514
-1799 -9322
8032 -7793
-408 9283
7487 3472
3596 504
-4683 5506
2915 -427
-7104 7808
7456 -1009
-7997 8367
6119 5913
-8349 -2828
-9955 -8960
-1429 -9375
8461 3318
-8094 2687
1205 -8183
4238 -2167
6795 3471
-2129 118
-2850 -6591
4357 852
1180 5251
-6274 -200
-2688 -4028
3143 -8412
-2551 425
-2912 728
7366 -294
9644 -2953
9196 5276
-2167 2428
-6932 5771
1179 8613
7689 1771
9001 -6372
8648 -1250
-2105 2336
2289 1319
-1470 -8589
6325 -1478
-7918 5686
6637 7994
-5202 -8159
-9623 -7908
3885 -8213
521 5781
-8876 -2395
2791 -8058
1147 1140
-5176 5275
-919 -1881
-4284 -2194
-2876 -2163
3703 8748
3526 -3344
1779 -9681
-2910 -1071
5678 -7908
-9033 -5554
-4137 -4404
1917 -1776
-6682 7640
5646 -4407
7484 -5622
4319 -881
7917 -7388
5082 -3311
-3488 245
-333 2665
-3790 -1152
4375 9015
-907 -5284
9868 -257
5826 2384
757 8682
-1152 1213
4135 -6132
-8091 -2615
-7833 -2380
5777 -3505
3169 -8200
3752 -2183
2600 -4365
9475 -1371
7636 -7504
-677 -3151
-8861 -1027
-4051 4812
1891 -2307
-9201 -7104
-4554 -3401
6714 6860
7261 -1184
6647 -6416
-3857 -7264
-3284 -2404
-3057 -912
5362 1050
-3953 -6163
9347 9830
-6325 5901
-3948 -9852
-3248 -8246
7583 700
-4202 -9481
9251 8669
-7829 4340
-4796 -6815
-6570 8860
5640 -1129
3429 -3245
6021 290
5191 6937
302 -3161
-2933 -3429
7656 -5799
710 3251
2678 2947
-9318 6214
2645 153
-4557 -4079
1219 7940
7956 -5966
2367 -6121
9801 5274
1513 3876
-1954 -331
-8869 -193
3634 8986
7488 7160
-7081 3763
-4342 4007
-7360 2898
1737 -6919
-1700 4964
-4020 4434
-4534 3723
-5511 -23
-310 -806
4240 4349
-1405 -6410
4402 -3116
7533 1761
4248 4275
-8988 -788
4491 -7938
-1369 -2816
8178 6754
-4781 2525
1508 2439
8316 -2822
-513 -3558
-2645 -9588
3920 -5362
-2526 -9023
7191 1076
-8793 2269
-7808 8357
4185 -4498
-1368 2334
-985 4636
7898 -3099
-3235 -9262
3997 -4591
-7158 -1905
5226 -6955
9675 -5212
732 -5940
8652 -9762
9373 -8767
8669 5683
7416 7282
-8597 -4483
2241 -8602
1167 -7013
1724 7771
-9967 3950
-7576 -3689
-6738 3725
-1308 7351
-1034 3408
2178 -3868
-8655 6635
-3167 -6286
-1724 -5921
7782 1708
-270 650
1491 -6711
-2809 1103
-9511 -3029
1108 8804
9005 -1041
-8395 1262
-5738 -130
4044 -307
3073 -1774
79 -7112
8746 -3262
2984 8543
-1373 -5499
2347 -2315
2311 4121
-6863 6657
-6928 600
-5340 -858
9495 -4580
-378 -2046
2400 -3128
-6008 1664
5711 -1838
-9351 -6255
-1779 -8722
-1355 -7263
8778 6106
9164 3698
1875 -7552
3970 7762
-8690 -7283
8091 410
-5249 5207
-7545 2410
-2571 3001
-5952 9422
3975 -6457
-830 4182
7828 -9957
-3777 3611
7222 -9719
-9345 862
-735 -41
-2327 -7272
-8907 -3399
5608 -3194
-1755 -7111
-107 1454
-4817 -4796
3011 -234
3996 5777
-5344 -268
571 6054
-5279 -7520
49 -5916
-5072 -7343
1931 -4724
-7809 2036
-6666 3839
5060 4555
-5243 -1037
-6060 5505
2323 1721
9153 1584
-5210 -670
-7263 -4531
7490 -7111
-5007 5765
-3923 -8350
-1571 -8365
-6580 8206
2572 2717
-7000 1466
-4059 5153
-9920 -4261
-9721 -6671
4655 -8662
7444 2886
-4278 -8864
-9347 -395
-859 4872
7934 2379
5427 -684
-2037 -6991
8556 7817
9104 -8070
-3030 2943
5558 7687
-777 9505
-4809 7262
-5991 8715
4104 6796
9251 1590
-322 -122
-7428 -563
3151 5531
4717 -3464
-2137 1149
-8003 623
1923 607
1696 2875
-3582 -8617
2804 4942
-9673 369
-947 80
-2095 -7498
9748 -2933
-7019 -1622
9453 -6132
-2668 -170
-798 9648
-801 -2870
-6176 1060
-6683 -441
-2703 -5433
5944 -805
-403 -7697
9361 5545
-8700 7204
3925 2563
-9554 -5255
4666 -8024
-6143 5131
9770 -4468
7035 -8444
-9718 -7129
3996 3128
-965 1946
-5541 6297
1243 8967
7032 -6063
-2903 -2673
-7924 77
8962 5596
-4278 -2910
-4281 6142
7936 5209
3213 7697
-2951 -7710
6192 -3152
-1862 5099
-680 7168
5775 2528
2232 -3549
3747 -6637
808 -7426
-9998 2810
7986 -5040
-142 -3443
-9970 6348
603 3305
3498 -3961
-1726 2141
5725 4784
2540 -8157
-7745 -2794
-1761 1074
8585 -9039
-4312 -9280
871 -2378
-7419 1351
386 5255
4729 2402
-3548 -157
4557 3105
-3927 1906
-9910 -2236
230 -4063
-431 -1665
9553 -3098
-1662 -8509
2694 -8910
4082 7954
1474 2821
5773 3695
9086 -6820
9634 7377
-1981 -7996
-671 -6479
9532 7972
3290 -8238
689 -5903
-9534 -4519
8578 -5603
1227 7895
3990 9269
2324 8838
-2588 -7260
1991 -8718
3137 -5541
18 -281
-2467 -1176
2388 9337
-7217 -2776
8685 -9573
-1802 -1699
-1550 -7022
9702 -87
-6504 9181
-3755 -3636
-9099 7978
-2231 2332
-2371 -8833
2475 -2806
2213 9353
-1885 -6051
-9727 9215
-4951 -99
9528 9837
-5979 9466
6660 -9085
2969 -245
250 -8960
9459 95
867 2643
-1876 -6089
5477 -3649
8909 -4297
-6548 4830
-1632 2183
4349 -4127
3724 -1639
