3000 1523
-9517 -2060
7462 -3268
-5626 1957
-3106 -3735
-1952 1124
8890 -7639
-6175 6599
-7307 5896
5918 -1241
-8031 -1712
1762 1523
-3590 -3670
6857 9284
3077 1724
-8180 6474
-4503 7354
-1678 -9898
1763 -7525
-2052 1927
3865 -7320
9031 9666
-4057 -600
2376 7949
-3877 -539
-2302 6183
-5317 -6633
-9732 8770
1252 -5730
6808 9659
5794 -132
6936 5053
-130 -976
-6201 -963
8840 4263
201 6881
-99 7523
6304 2851
8594 6096
-4975 -8055
-7077 9372
-3416 -7904
2059 -2325
3322 3226
-2815 -9586
-4147 2505
6373 3160
8042 -41
48 -7134
-1421 6978
9898 3333
1930 -8505
-5807 840
6069 -5174
-1129 910
-2862 -1151
9490 -5822
-3666 -1841
5403 2235
-8893 5164
4546 -8963
-7896 5601
-1175 8492
8765 -6154
4200 3256
-1936 4948
3215 9938
-5401 -6045
-5871 -3093
1893 3141
7399 -5004
-6870 7741
-2221 -2514
-8410 6631
8077 1561
-8664 4752
-5393 1344
-2400 -8663
-4539 2261
5198 -9343
-8436 7031
-1263 8584
1456 2285
-7635 9234
2165 4278
-5403 3633
-5301 2009
-503 -6276
2043 8512
9604 9977
3313 -4404
3286 -6572
6663 6927
6929 -204
-6176 3398
3106 1770
4259 -7694
-2746 -2846
-7173 -5664
9984 -582
-9721 -646
-527 -5394
6234 -60
-2550 8627
3070 -5445
-2957 -4949
-1040 4848
-3875 -7270
-3786 9474
2692 1430
4807 5434
-4761 899
-2784 2036
-2064 -322
3973 -5173
-1486 4135
-6038 2862
9054 660
-1994 3739
-1227 -6902
-9357 5793
-3777 -6001
6410 -5699
1097 -5237
-6358 -7675
6760 -9812
8876 -9454
7809 -7298
7428 -17
-9455 6741
8140 -7656
-5492 5465
9264 2555
1404 -2519
5205 -5393
4061 9592
-6008 1678
9765 1769
-7797 154
8268 -4196
4586 -2718
8523 -2768
-455 -5537
-3949 -5570
4350 -7328
-5322 -5250
4716 2074
5834 -1228
1122 -3691
7497 -767
-206 -3757
-3489 -636
-383 -5566
1960 9339
-5651 7060
-3446 3008
9589 1254
6351 5940
-7315 4189
-7635 5524
-3406 13
-2661 -7215
-2574 -5074
5357 9016
-1323 5369
8655 5732
-787 1841
-4718 -6457
1620 -5133
-5098 2613
217 -6548
-1369 1610
-4359 6744
9920 -7727
4775 1916
-9420 6608
6837 1525
-3057 -1881
4275 4083
-5124 698
-9135 1535
-6843 4393
-4147 -3914
5036 -7814
-3613 -7477
7245 9698
863 9398
-6218 9040
8217 5921
-1278 6120
9829 2375
6883 -2682
6192 -1361
-1823 3202
-175 -499
5506 5311
-3570 8850
8039 -7817
9759 -8646
7887 1520
674 5639
5276 2619
-700 8613
4125 5609
-4910 -5319
2825 3775
29 -406
9622 3356
-4273 9401
1887 7258
851 5092
6878 1138
-2493 3989
7535 -2926
4703 1918
-4312 5543
-5216 -8048
6896 5778
-2820 -8082
-4234 9289
5329 -2983
-5037 -7834
6790 3411
1856 -6556
-608 -829
5878 -8690
-1000 -1376
4795 4217
-4236 -6117
-2300 -8294
-4554 9503
1423 972
2548 7714
-3580 -577
8942 -454
630 8898
1249 5975
-4132 961
5418 -5195
5244 4979
5926 -1021
2904 -835
-1424 -6276
-1079 8989
719 4772
-2134 -8886
7666 5355
4315 521
7618 -6301
376 -5274
6271 5512
5583 8078
-2627 6166
3420 8202
-7627 7574
1781 -9644
-207 3951
1481 2429
4518 3573
9736 -7563
7971 3951
-5157 2900
6923 -5010
-6266 8065
1472 1400
2870 -1619
9541 -7047
5926 -587
-5016 3167
7482 1509
5415 7062
-7619 9809
-3821 -4072
-5267 -2646
-646 7872
5975 2645
3881 4428
8968 -9555
4619 -3485
466 -5510
1510 -3353
1594 -5576
-1173 -8566
-1186 -6522
-9001 4618
2177 7968
4845 1063
-740 5010
-3284 -3022
8343 -162
8606 -6724
-9633 3825
-6107 -3491
5414 9378
-7389 5039
-4962 522
2405 -1786
9792 637
5881 2191
-4038 -8356
-9905 7567
9497 -1906
-4478 -4523
2085 -9594
-1879 -6287
-8358 5983
9926 3702
984 3848
-1967 1396
-9246 4115
-7065 -769
6938 2546
5529 -8598
-4003 7990
-5086 -4681
8446 -8244
8790 592
-5816 9755
147 7246
-3392 -1854
-8135 9129
9259 4632
9360 211
6566 -3528
9134 1600
435 -692
7300 -8226
-7992 989
3764 8085
-6052 3724
9813 -6638
6149 205
-8950 8541
1556 4371
9772 -8189
5165 -5140
9723 -6015
6945 6720
-281 1023
3396 681
-8617 -2181
924 -50
2746 3875
4279 8403
-6105 1322
1193 -3448
3412 -9851
5748 -743
1629 -2409
1724 6097
7670 -6254
-5802 9309
4468 -839
7598 4542
6637 -3246
-9174 8761
-4071 -5570
3799 1767
-3285 3350
-5044 -5595
3702 7788
-8339 8235
-449 3468
8431 6978
-9115 1494
-3358 4463
-7124 -1150
-4405 -593
-6037 4820
-8841 1591
-7419 -1496
-9332 2195
9458 4331
-3185 433
-7318 7865
2297 -233
1155 -9498
6956 8641
-747 -4087
-1077 6987
-7144 -5637
5235 -469
-8656 -1470
-1782 -3336
-807 4932
-8044 5537
2563 -8162
9078 -229
5733 -1084
9492 -9007
8317 -7227
618 2386
7555 -2029
6711 8568
-3366 -1229
-6171 5261
-1600 -1858
6623 -7891
3901 1743
-1192 2964
-6748 -3283
6045 2792
-2194 6472
6096 -5537
7641 407
-8904 1008
9954 -3150
737 -2831
-3680 -9034
9383 -345
-3678 -7944
-5776 -5150
3970 -9338
7709 7060
-8938 645
7521 -7018
-6491 -4776
-7223 6537
6366 -7096
5707 6712
6735 -6985
3094 -565
-4524 -9797
-8668 -1508
-7608 -4142
-9717 7229
5742 -5101
3380 7300
-9327 -2154
2984 -4711
3624 -2790
5602 -238
-5673 3575
-1931 8733
6537 2575
6483 -3172
-8700 -3141
-7779 803
9082 5914
-5593 2176
2435 -7107
8084 -379
1100 -4824
-4436 -462
7226 -5965
-2775 -9003
9310 5349
-2101 6196
-5256 -6192
9723 -2485
2754 5235
-7894 2121
-8255 -557
-722 4590
4358 7960
4253 -8257
281 -9866
-74 -3817
-3726 -3229
-1255 1591
-7214 9773
-462 8694
3015 -2495
-7948 -4393
-7064 9887
4113 8974
9487 -6174
9306 2140
3253 2364
7879 9158
-9270 9710
8604 -7183
-1797 9142
-2253 2403
-4916 -1612
-4427 -1510
-1408 5455
-9471 -1942
7960 277
-1293 8916
9438 -1663
-3648 3532
6473 6112
2653 8247
9968 -4657
-3527 -2919
5195 7137
8555 -1053
-2414 8073
1279 -1832
-180 1603
-305 -140
-2345 -7396
-6312 -7331
1665 -959
-5798 -1826
9963 -9092
-8586 3267
9490 3300
9870 4835
-4100 1614
271 -7017
7515 -6407
-2429 9648
-8944 -589
3548 -9240
1865 9477
4443 -9803
4185 -2182
-3129 -6804
-2779 8409
3909 -43
7122 8638
7584 -6172
5120 4256
-3703 5167
-2174 2652
9528 3766
6956 516
7689 -1460
-1838 -8941
373 -2330
3022 -5962
-6250 9360
4002 -1292
4792 -5656
-5219 1580
-8209 -4508
-2552 -6332
-5028 4652
-2531 -5099
-2915 7939
8 -8973
1025 8075
3138 9301
304 2852
7621 4002
-6125 6911
-1881 8303
-9186 1138
9501 482
3064 -982
-3510 1798
6833 -783
-7907 3430
-5262 -1717
89 -4832
-5245 9558
529 -5128
-7183 -67
2231 -8075
7088 -7235
2508 6164
-4859 -2610
4886 -4443
-2196 -6205
-5257 8632
7003 2286
6057 -5653
-7545 -544
-7223 -4974
5507 5699
-6890 7363
8348 9746
6393 4969
-2358 -2938
-3324 -8469
4121 8501
-5433 1777
2322 -4587
3319 5078
2698 7984
5246 -9621
-5595 5414
7524 5657
-6425 -19
-7682 8265
9882 -4972
-4638 4514
4860 -1514
-4221 -5522
1950 4356
4336 -1497
3676 503
-4082 1331
5682 -9731
-6491 -3454
3701 -6166
7280 -6963
1567 -5374
7564 7216
758 1230
-4534 -2638
-5921 1928
8866 -790
-7386 -2696
-8446 3224
-744 5534
2747 -2042
9994 -946
-8592 5623
8260 -6031
4381 -6949
-2022 6017
3649 -5667
5177 3284
582 -6901
-4336 -4835
-6105 -3717
8741 4222
5592 -212
-8543 9701
7624 -2137
7444 -5914
5110 -4584
9901 -5307
6028 -8123
6342 1653
1184 -7362
6080 8047
-973 9017
9713 -185
6179 -2180
-4826 -5364
-3785 3802
-4500 1014
-5626 -9210
-7000 -6190
-8061 8455
-4596 2186
4779 4878
430 -99
-6006 2674
-79 4890
-1294 -2650
-1013 -4747
-264 9188
-7890 4391
-3620 -5321
7097 7661
3322 4142
9984 -5647
1482 1449
-2445 1565
-8647 -3051
-915 -9411
4873 3381
5600 -6487
-281 733
5219 4179
-7656 5178
1594 5108
-8517 992
2643 4998
-3938 -6605
3114 1558
-8671 -1061
-82 -8927
5656 2992
7874 6902
-6633 -810
-2777 -7179
-8433 3800
-1730 4259
8233 -2559
7154 3696
-8747 4045
2046 -9803
1442 8381
-3873 -1263
9927 -9477
2378 -7474
8776 -3462
193 -3389
-101 -1770
5640 8668
4971 4075
-1039 1617
-7109 945
5304 -5571
3211 -1251
6295 5077
-4475 7435
2746 6005
8125 -9711
9598 -2967
-2691 -8915
-3998 322
-4114 2953
6743 -8269
3316 291
-9871 2291
-1068 -2844
-1647 9017
-5466 -2500
5257 6442
7199 -6331
-8036 9658
556 -3471
7898 6359
-478 8938
338 1981
-3611 5773
-2355 -6441
-6933 7193
6306 -1128
9083 -1958
-5872 -1002
2839 -13
-3428 1274
-5319 3215
-4315 6062
-595 -6175
4989 -5193
2630 -6635
3268 -587
6573 -6534
-4714 -9791
-2528 -9918
8724 8956
5597 4385
286 -5318
5182 7650
2198 -5121
-1437 -4582
7021 -8519
6111 1648
8370 6091
-9951 1062
-1134 8088
8747 -7381
5143 -4924
-3233 -9452
8623 -9139
-916 7500
3248 372
2687 8967
6968 1396
1258 2105
6528 -2447
-2295 -5745
6506 5306
-6893 7010
-5883 -4055
-3430 -343
-1509 7253
6101 -7202
-4050 -3418
-5434 1310
8164 3157
-964 -4699
1066 7437
-6757 6991
-9305 1598
-2409 772
-3236 214
515 2174
3290 1021
-1554 5443
1972 8806
4154 -4069
8087 -8768
-2954 6104
-4873 5883
1650 -48
-5666 3407
2441 -541
-501 -4244
-4617 -801
3289 4484
-473 -3500
-6792 7634
8686 -1996
-4205 7014
-5849 -3009
1229 -1144
-5869 -5999
-3231 1860
6918 460
7277 -7886
941 1112
4201 1698
-4259 -6243
-825 75
8394 -425
-7969 2552
1121 -4206
-4875 -4560
-1692 -5359
8550 -8481
-4163 6413
6739 8588
1787 -1597
-7791 240
-1772 7731
2809 1982
-8512 6734
-9305 1124
-6662 3766
-2691 -4253
-671 -733
-7790 6964
-4246 -6790
1082 -7821
2592 -8229
8830 9400
-6743 7721
3047 -569
-7174 -6627
4629 -570
-4069 -4547
457 -8258
5107 -9238
-3525 -9572
-7960 -1843
-2554 5386
1537 -6065
-9808 -1625
8052 9389
-3046 9800
6845 -2731
-7949 2875
-1114 8481
-651 5014
-7746 1899
1496 6348
-8412 2822
5317 -8347
-626 8373
-6755 -4775
5906 -618
1481 -3370
8711 -495
7130 697
5771 -7439
9714 373
-846 8284
-4308 -3428
7761 -6996
-1788 9116
-5727 5725
-5646 8719
-141 -678
4277 -2170
-2293 -2032
940 3276
9946 3118
-5597 -4483
8774 6104
-5895 8839
1099 -4665
6782 3552
7726 -5126
628 -1583
-7905 1480
-765 5542
-6442 -572
-7338 -2836
4983 -2671
9543 -2876
6884 -5233
-3180 1344
-9111 7802
3798 4707
-5197 4904
9815 7753
-9156 3967
-2229 8095
4615 9424
3402 989
-3620 -3962
-3400 3984
7771 -5527
-859 2610
-714 3223
-7826 430
-1674 2125
1311 -2806
2080 9221
637 -5525
2836 1169
-4344 732
-5950 6945
7027 8894
-2804 834
-148 8710
5540 9512
-9799 5244
-6664 -6698
5419 3735
-4185 -4701
-7820 8182
-7525 6821
7134 -4065
-1168 -1462
5846 -16
266 5988
-2846 8353
6588 7008
7094 -4957
8216 -4913
-5036 -7913
5379 -8743
-1927 8896
6877 8101
3405 5558
-5422 -7391
523 6031
-4234 9418
8823 -2289
-4873 -8871
-6851 -6245
-5619 -4871
-3220 2664
164 5673
-653 8030
470 -325
-8629 1452
5727 -3498
5499 2745
1410 -9734
4322 -2176
6979 1173
1789 -3068
8435 2747
2785 -9864
-4800 5235
-2020 -7985
-8088 4994
-8995 7234
5129 -9980
4028 -742
-4701 7165
-7922 3480
-4559 2531
-2735 2486
-2102 -7909
-1694 1337
-7061 9618
4248 -3639
4504 8982
-487 -9331
-9837 4904
-2583 -5635
6094 4148
-9964 -57
3777 90
-4753 -3441
-4322 -8663
-7042 1691
7208 2145
-185 -2136
837 -9990
-1008 5170
5017 62
-7617 2789
2073 7541
1468 3572
3443 -9442
-9010 2020
-5562 9481
-6424 1413
7936 -6223
9169 1139
6881 5390
-5720 2297
-8185 251
5174 754
-8097 2964
-2049 221
-9447 -1992
-433 -6459
2740 -3148
1525 -596
-6292 7047
3440 -6472
-6212 2900
872 -3877
8429 -6997
-6605 4998
1799 -1179
8778 -5471
-241 -1361
9263 8603
-8765 6756
4446 5440
3804 4223
9134 -8605
4961 3491
-6012 4669
-8583 -1287
7351 7660
5761 -4291
-7694 -5417
3485 -3475
-5153 3039
5857 -8359
-3079 566
-6702 1642
1820 -6456
-3243 -1738
1299 -3193
-7257 6248
-5248 9673
8593 911
7127 7376
-4023 7274
-530 -6345
1070 5605
1807 7698
8442 7246
9025 3035
-4957 -7711
-439 2152
-4817 651
-5202 -6721
-825 -849
-7769 1530
9178 5785
7859 6601
1433 3343
-5551 190
-9412 9752
-316 -5669
2438 4697
-6001 5659
-6589 7353
7796 4827
-5356 -5234
3186 5831
-8301 -2164
-3398 -6747
-4880 9994
3295 8837
-4421 369
1984 -5735
7735 -9969
3777 8179
-6722 -5592
9355 -2907
-4341 2425
3562 8262
232 4025
5372 -3920
-8476 -300
7856 -2958
2074 3161
-297 3414
262 2181
8424 403
661 -4074
628 -434
9137 -2249
-7258 -2281
2056 -6446
9892 0
-331 1428
-390 -2693
-3830 2138
4331 -8509
7909 1333
-4529 -3390
5089 -376
-6547 -126
5085 -1431
5198 3963
3544 2027
-9411 6624
3884 -6894
5215 1549
7643 9536
-7356 1201
1734 1966
-3756 2958
-5340 -7781
821 2337
-7126 4867
9535 -9047
-617 -4216
-7372 -2126
2602 -139
1565 7093
-6082 -1677
3570 8823
-2534 1971
-3053 -6536
-4225 -6449
-3891 5359
-3936 1301
-1366 2529
-202 -7645
-7950 9167
4710 -4789
6944 9267
-4489 9370
2453 7436
-6399 -4798
-5085 3765
-5792 5529
-5450 -4494
-4315 7006
6282 -2992
3400 6515
-8455 -681
-8018 5413
-2036 -1981
6695 5696
-122 -8216
1716 6034
-8864 3438
-6727 1976
-5657 9656
5536 5221
3336 -8098
-3683 8875
-6387 414
1177 4222
5051 3739
8465 5830
8196 510
3675 7874
-7256 -4706
-4839 4741
478 -6248
5090 -6376
-3197 -109
-5989 339
-509 -3353
5119 -4313
-1761 7823
161 -4393
4025 -964
6312 143
-3487 -8938
7412 7697
-3277 -4920
5827 3789
-9626 4128
-6413 7950
-4328 853
-1006 -2028
2391 8319
9893 75
1549 -7934
-7479 5795
-2650 9758
1375 290
-8859 9931
4410 -6970
-1751 -1909
-788 -1956
7594 8540
8987 -645
-3425 -9863
-9836 5473
-5636 2561
3283 -9911
1814 6729
-7496 -1191
-8111 6317
-8962 9087
-6932 -2904
-1335 -4682
6180 -1706
-5599 -5075
4366 1417
5478 -2916
8673 865
6941 -929
9682 -8776
-983 6737
3956 4169
4373 1795
6777 -8707
791 9800
-1167 2137
-749 -1353
-5943 7152
-3763 -3467
7145 3324
5788 -6912
-792 -2380
4769 -7831
-3030 -9611
3801 961
8710 -3222
-9800 7226
-1899 9126
-8307 -2121
-4016 -5714
7342 6821
-5686 -9460
-1070 3026
5070 3213
-2632 4434
-1668 -9708
9995 8575
9652 -2229
7999 503
8777 -4601
-9907 503
8194 1059
828 6530
4535 2078
-8000 -4702
8 -3052
-1077 1659
2324 8847
-6506 -1914
9008 8439
2386 -632
4143 2930
-7330 -453
1942 -4475
-9293 5447
-287 -4544
-7601 -184
2521 863
265 4378
8880 6826
-3397 7687
2048 7578
-7700 -2204
-8150 4108
6716 -5999
9486 -5146
-3182 -3091
-409 3052
-5226 4221
-2121 -810
1820 6973
6287 -1743
5174 8762
-7604 1311
-2326 9554
7005 8911
965 4784
3591 8822
-317 1495
-7483 8084
4374 6964
4309 -2795
-7740 9477
9102 3301
-7343 -1284
-647 -1680
-1591 -8171
1989 3923
5666 5287
3644 9346
-2459 -2193
-3441 -605
-8527 -2037
-4528 3052
3089 -9337
2531 -9785
-2966 2855
4698 -1949
-3611 4856
5690 8097
-7712 -763
8800 -5597
-6718 -6314
1605 -7952
4790 -3252
-5425 8422
-5719 -4983
-5078 5601
-6716 -7126
2899 -2587
5711 -6386
-7087 -5436
8347 1094
7533 6725
6318 -989
-5165 -9186
-3936 -8674
-8334 4605
-1277 3992
-9230 3407
-9657 -2196
3883 -8167
1151 -9108
-2573 1615
-1528 2558
5177 1896
-6788 3061
2267 -8977
3093 1277
7398 7101
-3566 8637
1124 -3653
2589 -9698
-4853 -7729
5634 -2060
-4217 -8074
1883 -8729
-5878 -5872
-4405 2708
2962 -4469
4319 -6703
1980 4337
-9557 4039
2216 -2754
8024 6301
3344 887
-5393 1129
587 -2542
3035 -1231
8617 1780
2592 890
5748 5196
4781 4933
4941 7348
6389 -7740
3760 -459
890 7521
-5109 -3430
6014 3091
-3532 5276
9383 9651
-9034 -1535
-3751 6465
-4827 2204
7816 7982
-4332 6183
-2937 2086
5327 -4366
-2984 3792
2011 -7526
3487 3533
8679 9164
1860 8856
6433 4557
-7755 7202
1437 -4863
4812 -857
7876 9723
3194 -7133
686 -3430
859 -7551
3346 5581
8539 -2942
6593 -8392
-4275 -8451
9430 4628
-7803 2275
3501 3516
-3582 -9158
8660 4920
6424 1195
2523 9810
5960 7043
8003 -4801
3178 -7597
-5789 -359
-5339 4761
-9187 9001
-681 118
-6575 -7885
-6392 9459
-1699 9154
-4060 6013
6805 -8872
4041 1838
9872 6445
9786 881
5670 977
4687 1948
-878 5390
3122 -5989
6367 -4623
-987 5887
-3509 5781
-5474 -9119
4105 3647
-3505 931
3699 1336
9781 -6953
-8596 -2602
3468 -5032
-2232 -6631
2195 1631
5215 -3990
6509 2375
6225 -1618
8216 -3286
-4942 -6210
5318 7312
9121 5555
-9764 465
6948 -5135
4031 2364
-7675 -283
-3579 8062
-9031 9555
6191 5264
5547 -3673
-4805 2761
-5503 4994
-5603 -7970
6319 -9666
-8584 5032
3113 -6656
-5102 4263
9363 -7887
3457 7260
9283 9018
6969 -4817
-5931 -8393
4380 -730
-6581 -1205
-1612 1501
1488 2765
4493 -4604
-2094 4447
7626 2087
-414 7167
4023 2266
-9305 3447
-4071 -1055
-4073 -4022
5747 6539
9576 -2856
-2422 5536
2948 5996
1461 -9026
367 -2583
8008 7525
-5161 -1480
-5274 -5076
6766 -6402
5055 7080
2667 -6188
4800 -3189
4453 7421
-7221 7213
-6233 -676
-6589 -1276
8789 -7065
-1811 8909
2181 -9857
-2046 -570
-6252 7458
8007 -9877
-1286 1208
2325 5359
-7285 2922
3284 9078
9693 -2568
-737 -6455
3999 2933
3679 -2036
2957 -2249
5761 2681
-8817 8165
-2608 9705
1995 4957
7038 -1249
7218 8460
8237 -2206
-26 9601
-97 -8447
1192 4954
4891 1954
9692 -235
-6422 -5802
-5799 -564
-1628 -2667
2197 -619
-430 -7333
9579 -7549
4471 1719
1070 1764
1192 -9892
181 -3231
6638 -1169
2040 -2493
-2657 3398
-3767 -8984
6862 -412
6150 7540
8811 6999
7721 -3160
6874 7096
-3892 -292
3496 2039
-1406 7988
-2003 -7161
-2253 -6092
-1057 -7123
-3213 -2762
8332 5697
5112 -3951
4388 -6490
6899 8712
-5903 8575
236 -7367
2281 8526
-2299 -1555
8481 2377
-9082 3956
-5773 -6018
1000 6746
-510 1273
5161 1075
9410 110
-4626 -8010
5414 7807
-4466 376
3661 -7962
-430 714
-5886 -4653
-3020 6332
7178 7960
-1332 -1864
379 -1589
-6210 1653
2278 3477
-1720 5709
1462 -9326
325 2433
7092 -7295
-8062 3507
-9540 -2119
3769 3151
963 -7960
8074 7171
-552 4590
-3965 -8233
7438 8969
-93 -6498
8275 9464
9273 -1785
9684 -1234
-6467 7879
9930 -6437
9007 -3741
-6583 -2955
9440 -8229
1453 -4776
7836 6374
-3687 5078
-7233 7045
1512 9441
-9328 950
-6488 2402
-297 -79
6367 -6438
1714 -3016
-5273 -7239
-4257 2982
-5692 3354
1796 -6193
1306 -2947
-7160 -3765
-67 3312
6994 2235
-7164 5967
76 -7063
-5162 -4984
-1086 2914
8502 -3955
4803 -4182
-3594 -8773
3115 5451
806 -7315
2518 433
380 4568
-1903 5177
136 554
1275 -4654
5069 -3412
3298 -6352
9362 6542
3347 -2601
4347 2195
-6448 -3529
3598 6720
-5941 2944
-853 849
5103 -373
-2181 -4437
6674 8963
2718 -2562
8249 2455
-1773 -4892
9098 -8927
1952 882
-1330 -2797
2507 -6495
134 8154
-9538 3714
-6447 9433
353 5065
8157 4211
-2026 4682
-1311 994
9942 9259
8146 -6316
7862 9577
6230 1011
4319 2161
-3420 -2281
3429 -3988
-796 783
112 -2537
6836 -1419
6788 9272
3552 -3070
9086 -578
397 -5843
8462 942
8507 -8695
-187 -1848
-1383 2689
105 -8294
-8731 5481
3515 -9755
7750 3216
1039 -1068
-705 -6592
8147 2144
-2599 -592
5151 9679
-1608 6974
413 -1335
-6838 -5524
-6519 9038
-6258 3472
-5067 -6031
3035 -1309
-432 -7408
-78 -4539
-1439 8113
-3691 -4899
7195 -4155
4940 -1429
-1330 9935
-909 2631
3508 -847
-3238 -4930
-2738 -2702
2676 2731
-4339 5997
-7086 1648
-6749 5942
-7310 3476
7124 3458
6695 5312
-3658 5438
3183 1148
-3660 -181
1935 2787
2316 -3586
1359 7145
547 -8114
3354 5096
-362 9751
9628 -2080
-3660 4197
6712 8928
-6560 3326
8256 7075
-7388 3444
9518 -2883
-4999 6959
5119 -5281
-8693 2192
6508 9916
2868 -5731
-2716 -8320
59 739
6265 965
-7478 -3013
4846 -1728
119 9929
-4825 -6227
-873 -5160
3253 -5741
2124 9161
-5512 -2600
-1071 -9934
8162 -6541
2089 -6345
-3853 3333
5864 -7873
8878 -8378
9348 9235
152 8051
6474 3515
-1270 279
-5678 1362
-5156 -2677
-5331 -3397
-3083 6284
-6985 7522
-5709 6627
9152 -2691
5190 -535
-4587 511
2658 -7422
-5275 -4650
4023 7734
-6832 5614
191 5367
6190 2460
4613 5361
9985 6949
-4206 1348
2907 9598
-4824 6617
-524 -3901
1661 -433
5146 1784
1685 5570
-3298 2480
7002 -4483
8831 -2039
-5134 -6695
7806 794
6702 -6988
-618 -4764
-3934 -3742
-8521 7687
1562 4408
9783 -2733
6802 -4594
6310 4319
2201 -4406
-132 8664
5619 -2787
4982 2578
3650 -4220
6317 1039
8780 -9650
-4094 -120
7796 8929
8596 -2400
-5908 6797
6721 -1583
2218 -1667
-2343 -5229
6503 7448
-3541 7277
-3881 -8589
1925 -9711
-4844 -5696
-5922 2092
-4379 -84
-5274 -7499
197 7239
-3185 -501
250 9115
5144 -5316
-5750 -7934
4918 4623
5966 -8846
-3190 444
-6659 1905
9408 -9322
-4361 -6176
4660 3444
-2703 4180
7809 2936
8540 -1473
1203 -44
8891 9074
-8606 3514
6078 6075
-2501 -8754
9002 395
-4399 -5677
-6575 7374
-7998 1298
-3592 2435
9922 1537
-3108 9371
2383 5543
-4955 -2621
-1213 436
290 -1885
7033 4414
-8696 1121
728 2349
-9937 5438
-3579 -2953
-7478 1671
228 -2021
-2193 -6915
-1345 7822
6844 5329
9211 -371
2477 2364
6199 -6848
-4283 4979
-4764 5033
6726 -2022
1236 -9432
685 2986
3555 2098
2645 -1512
-869 8503
4610 1757
-822 -9574
-6789 5362
-9389 3717
-6792 6683
-312 7880
-3954 4436
-8093 -1101
6962 2970
-7119 3955
-2819 -7694
-5362 7111
-2311 7583
-4607 -5773
8074 -484
8462 8930
4996 2099
9532 167
8557 -1788
-1803 4354
-5612 3104
1655 -846
-3546 -2976
-3856 -2466
-7646 -4579
8571 528
-3451 707
-6953 -4227
-9954 1937
866 4603
-7143 7378
4616 1717
9706 -2439
-3928 5499
-3058 8008
-2877 -8906
-5127 -2605
-96 -1698
8150 -8926
5922 -7069
8718 -481
-2090 6083
7994 4314
6107 5188
7779 6468
-451 7413
-2392 2588
-2585 -8539
7612 5384
-8798 -682
-6777 -1206
-9889 6927
9504 -3610
1836 3321
922 5390
5559 9190
-6805 9135
-6228 -681
5026 1895
7227 -9602
2321 -1721
-549 -1426
4385 -9249
2977 7947
3333 -6891
7986 -8155
8036 4739
-1271 9608
584 -5633
-4447 -3623
-3185 -9072
6750 2343
2263 -5134
1059 -4983
7827 -7740
5202 -7958
-2563 -1413
-8655 2393
-7058 6802
-480 -4869
-1949 -6237
8544 -7656
-7156 9633
-815 8747
3094 -2959
-876 -797
2107 -1504
-1517 -5006
-3802 -2501
2017 -4905
8313 13
-8643 8678
-6321 4423
-2096 -7760
-5230 7092
-8627 5142
5732 3138
-529 85
3029 -6781
2417 783
8740 1445
5748 9937
-2571 -3027
6788 7897
7443 -5688
-4670 8611
7790 9448
2986 -4983
7039 1294
6522 -2071
4232 5664
4301 5432
9505 -5977
9342 5458
6080 3364
-7235 3908
8335 5034
-5407 -2968
-8030 537
843 -8744
1397 -8329
-1525 -7547
-2270 6428
953 7897
9954 464
-8068 349
2611 6625
3042 -8965
9358 8745
-2421 -5473
-4923 -7949
468 -6345
-2675 -897
-7953 3144
-3070 1790
3829 -9383
-4664 5689
-4141 -5799
20 -6069
-5932 7705
433 -7896
7592 9660
-2064 4793
7918 7856
-1592 -1827
180 1353
1286 -4816
2204 -7239
-8070 95
-2807 -6814
-5127 -9579
6609 -89
8936 4662
-6027 6630
9706 966
7286 -1171
-1505 -2766
1645 -5862
6245 9627
-5496 -5362
-4202 8089
8567 5877
9840 -458
4400 4185
8260 -2034
-4615 7012
3898 -4599
6932 9631
-6242 9326
-4266 7989
6289 2891
166 4292
3804 7598
2850 -120
5041 -4240
-8885 -2821
5111 -2749
4695 -672
8291 -1032
2485 1558
-3687 9654
3071 2651
4979 2873
-319 7407
-5371 243
3881 -7103
5945 425
6475 4912
819 -3498
710 410
-4266 775
-505 7933
-1954 -3720
-5964 -3899
-1180 19
3975 4645
1351 4206
7261 -5648
9027 2062
9526 -8545
-4075 1394
6778 9839
5429 -697
5090 1330
8020 -9882
-2422 8739
670 7790
-5391 -6419
-2321 -175
-3873 9421
-6317 4122
-240 2281
4135 -6788
1128 -6062
6467 202
-1923 1742
-6496 7634
-4233 8767
-2864 -3904
-4297 -2746
7373 -2246
-8112 7431
-6172 -6397
9011 -3368
-3303 -3031
9773 8640
3 606
-5725 -5656
3381 9281
135 3100
4501 -3599
8267 -4118
491 1061
8810 5606
-8672 7379
-7323 -3198
-3332 -1315
-7693 7436
7557 323
3187 -8475
-4652 -3608
-8521 188
8113 -7885
-7348 2593
-1698 9731
-5316 -8643
-9014 4403
2210 -7613
-5384 -4323
1117 -1338
-4938 -752
8078 9114
-6676 9243
1209 -703
-6115 7098
-1071 -5314
-6303 -3179
-4099 1960
8827 -2602
-1194 -3615
3178 -1204
-1740 -9057
-4025 8231
-592 5939
2773 7730
-1520 1790
-4427 -4263
-694 -6062
2740 -1133
-298 -3738
-2055 1477
2932 7704
6838 9176
-810 -702
-399 -6871
-8493 3896
8392 9695
-3544 2641
6435 -3568
-612 -4454
7132 -1844
-224 -9358
8305 4021
6046 7935
6003 2164
-5110 -1806
-1812 1998
843 -1101
9833 -7151
4516 -7903
8891 8180
-7387 6185
4622 -1120
-5209 5218
2372 -2039
545 2569
-4460 8630
-361 7451
7278 3297
6653 -4856
4171 9015
-3222 329
-7468 6489
-8294 -2004
-5573 -8849
-8647 6598
9589 -8691
3958 4514
-7220 5123
-1782 -5953
9017 4203
2041 8749
-5192 -3341
189 1599
-2787 -8348
-8817 -2697
-3281 -9726
-3590 6657
8867 -7584
2697 4000
877 3830
-6810 7964
9938 -3253
3834 -356
-7134 8766
1015 -2768
655 -6079
9258 693
-2350 9847
9317 -1583
-33 -1004
-3346 9151
-8619 5155
682 8137
9976 -2336
2273 -7923
7653 -8968
2564 -111
-991 -8580
-738 -8296
-5801 -1296
9391 6724
199 -6561
6888 -917
-7073 6408
7908 8732
-7523 -1615
5334 -3247
-3204 1828
-4267 9766
-6698 -7393
9999 -5795
3094 8906
4503 -2058
-3889 -5015
-7641 6666
7321 -4999
6636 -9532
9324 -2540
-536 6734
-862 3049
-6267 3312
8033 -6634
-7442 6348
-7186 -559
6099 -6335
-9385 2597
7403 1589
9505 -1100
-3918 6931
-934 -3796
-7096 4880
5458 -4440
-7696 -2723
2378 5565
6124 5776
7236 4717
-3565 9694
4518 -4242
-9512 3882
5258 -7267
5564 -1967
-5843 -6090
8578 4809
-338 -1395
-8747 -2093
9309 -8175
-8366 2433
3061 4837
4225 17
9082 2594
-7357 6476
3930 -9702
-4958 6565
2742 -2997
-759 -5969
3195 -526
-1210 7753
-9520 9789
3013 2868
6329 6794
-9379 6439
6612 8495
-9366 4549
-5654 -442
-9892 7021
8267 -9556
6894 -1229
4218 7961
-6813 8166
-5103 985
7718 -3384
-2854 7913
7419 -6479
-5282 2166
-2070 -2158
4802 -4576
-7867 -4346
-7983 -2984
5603 8945
7389 -5216
1295 9032
6124 -9287
244 7218
8995 1015
6964 451
309 -2715
-5407 -9717
-874 -184
-319 3622
-3121 3407
-1981 -4562
4850 557
-5975 -3052
7849 -1864
2432 -1686
9940 6202
6864 4340
4962 7274
37 7544
9870 5730
-1797 -9500
5834 -330
7868 3621
9263 -2387
-2260 8995
-1062 1731
-7530 -4579
-3849 -9160
4697 6644
2004 -9462
3891 7372
933 -1216
929 -6184
9235 3005
-2627 -6419
5074 1025
-8035 6536
4078 4138
-853 2646
6200 4954
-8067 4453
-6563 -7710
4691 -5003
-8485 2361
-8912 -407
-6864 -4611
6305 2868
-1425 5850
469 -387
-6233 3655
4116 5187
-1811 9364
8237 -2918
137 3244
-5868 -8109
-7107 -4884
5549 -7010
6963 -3414
-5336 6717
7156 -1685
-6125 -6648
-143 6841
-9737 7990
-6689 3749
2092 8042
7291 -4804
-6490 -5784
5955 1959
5392 7750
5435 -2360
1941 2126
6199 6039
6492 -9271
5661 -8499
3638 8779
8297 -6301
6059 -2861
3237 478
1105 5244
7760 7135
-4187 -3589
139 -9305
-4632 2605
3477 -8933
4989 -9962
8315 -4488
8616 -8099
103 5959
-235 3907
145 -2996
4451 2097
-3256 -1322
8575 -6985
-4219 6095
4603 -2444
9845 -287
-1559 -9765
-3139 -8781
3344 -6373
6405 -6262
3522 3594
-1987 -3485
-7581 7748
9419 -6003
3241 5283
9280 -3277
7752 935
-9134 -1828
9395 7033
-4755 -386
5735 -672
-4814 3036
-5593 3517
4720 -1755
-7245 3911
1821 -8880
2979 -9783
7273 4395
-6932 1807
4351 -8333
7813 2101
-2042 6319
-3026 7244
-9728 5180
1309 -8415
8357 -809
1410 8622
450 -4086
3480 -7134
2495 -33
1515 -7899
-7874 -3114
7307 -4388
-392 -7832
6780 7183
3431 -8832
7049 3984
-8325 -2010
-6990 -4818
5146 7919
-7737 6611
-8926 -530
2265 1250
6672 -5492
-1911 -7445
-5561 2193
2523 7232
8816 -5488
2151 -2063
2263 -5735
-3158 4627
-6465 -6107
2795 -1432
910 -1105
-3453 -2505
-715 -225
3127 4416
9145 547
-2801 870
3127 8177
7575 9656
7471 -1474
1450 -5111
6892 5467
-898 6926
-5648 -3493
8494 -6627
5657 -2551
-1168 9819
-513 4055
4363 4362
-1765 -3261
9815 1325
7429 564
-6512 -2844
-1727 4816
-803 -1179
3191 -746
5255 1854
95 712
5723 7744
-3484 3627
-1883 -1241
8547 4223
2014 3025
360 -4004
6821 -4627
281 -6885
-4724 -5219
5754 9007
-3692 -4581
-4805 3697
-7209 5943
-1973 -7647
-2985 6222
-5176 -9550
-716 -8973
-4301 9540
-2341 1448
2977 1031
-1367 -3583
9214 3203
5702 -9966
4982 -3869
6280 -5000
-2839 -8062
7938 -7487
5260 6847
83 -4699
-1025 3309
1098 8177
6242 9884
-7603 4517
8952 3975
3045 3456
3890 5933
9529 4038
8467 740
6733 1656
-9469 7859
3062 -1050
-4334 8174
2451 1121
-3232 3248
-826 7412
-6678 6402
5037 -7350
-8612 7272
-9108 5884
1644 -7056
-2189 8252
-6132 -3840
-1588 4093
7634 -8544
4057 -8826
1430 9145
1024 -152
-3301 -2785
-6468 -893
2309 6161
7486 3031
-2882 7732
2534 2841
3128 -6074
-8957 -1071
-413 8069
411 -9529
6674 -9879
1571 2812
-9576 -1309
7298 1052
4864 -1812
-5603 4934
5096 8379
-8282 3182
-1408 -1364
-9091 7151
1588 -2583
544 -6099
3508 740
4631 -4031
5262 -338
6993 -6783
3334 -3431
-9998 8116
37 4541
5089 -3020
-2922 -368
-1194 7773
3608 2527
2756 -2035
9350 679
-8459 916
-5449 8159
8166 7380
2835 677
486 230
753 -3871
-6249 9745
-4209 1139
-4233 3510
4024 -6016
-7355 3125
-9894 9164
6302 4131
8579 7004
7151 -6682
-6051 -5310
1329 2523
-6152 1556
-666 7502
-5948 -6634
-9271 5523
3799 -5759
7778 -3561
2484 -9390
5518 8122
1319 5643
7555 -182
-3368 1506
549 -6397
8572 3255
-560 9687
1821 5534
-6280 9969
1282 -7131
3545 1919
-255 7940
-729 9517
2333 7527
4988 551
7219 -9394
-4508 -5055
-471 -8008
-648 587
4570 1309
-3852 -4377
-4985 103
-2107 -5519
6689 153
4018 -8556
6621 -7383
-5751 -2274
-3098 703
-1274 -921
616 -1868
-8357 2644
9537 7589
784 2517
3900 -2338
63 -3085
-8771 1969
-5536 -4307
-1078 7967
-8926 6999
4110 -1989
-7506 7627
-8320 7359
-4974 3561
-5877 3483
-1472 -1869
2967 1380
-4172 -9057
1508 7581
-994 8931
-3140 -2313
-3172 -3956
1150 3061
1375 -8608
5667 1983
4836 2798
-840 -5613
1699 2646
6494 8518
5359 -63
9380 -6793
5077 8447
9583 5362
-2653 9269
8209 2106
2850 -358
5275 1359
-8321 -2244
1641 7763
7078 6076
-9464 1232
-709 6613
4806 -4138
-9390 117
-8065 -157
2253 -4290
2412 4197
-7313 680
1020 8802
-356 -5317
-108 230
-2723 -2562
8368 3317
9576 3148
-2468 -4177
1339 -9015
9736 -2068
6949 6652
-4679 -5076
-32 -3143
6969 5930
418 -683
9150 2896
-2411 -4485
-1366 -8985
-6583 5999
-7235 -5351
-6974 6078
-2427 -6318
4340 3184
-2255 -943
-2678 -4890
-6744 -384
5587 -1390
-9752 9339
-2490 -5645
4383 1092
8295 9547
9902 5826
-5527 3896
4027 -8790
9057 2051
-6461 1168
-1299 -6153
-6329 -3694
-2248 -2476
-921 4573
9873 -4239
-1958 8899
2050 -6975
4675 -7712
2960 -1336
9697 6786
2372 -1468
9543 2982
8351 -5628
4623 6537
-3864 -861
9040 -2051
-4655 1583
9001 6017
-2818 -1953
2230 2242
3964 -7056
690 9367
1908 4978
-9014 7476
-2860 -1286
-9366 7933
-4603 -3016
6696 8307
-4124 -6504
5255 9847
6298 -6996
-4694 -4537
8041 -5313
5552 -9849
8087 8220
1714 -5797
-2371 -4505
-2581 5063
9624 8389
5314 -181
-7557 5075
-7568 -3983
-7063 2719
-893 9519
-7432 4214
-8851 -860
-9475 5302
7146 3987
5809 -5962
5432 9276
8789 66
5320 3393
2919 -1770
-5035 -312
-158 2571
-7701 -4635
-2926 -6361
-5146 -8710
8882 -7149
-6177 8991
5809 9874
-7528 1951
-7601 -238
3419 -8121
5105 9631
-25 -8327
-6203 9980
7681 -7967
7526 7202
5218 -5735
1829 1344
-5042 -8448
-2395 9584
7494 2069
-5455 4589
-8325 -59
-6243 1558
-4264 3819
-5729 6056
-965 5526
-821 -8067
-5140 9301
-1091 4216
4880 6257
3334 -4200
-4198 810
5674 -7583
-5175 9431
-3426 410
3186 2724
178 -7249
7195 8673
-2220 -2522
-6578 6760
4190 7119
-5611 2673
-1384 -751
8041 8457
4507 630
2177 3903
-141 2076
-9807 5463
-5201 494
2971 9280
2912 6795
8385 -5145
-763 -3592
-6177 -4
-3328 -9363
-527 -6640
9371 -1497
9557 -8952
-5778 9370
-3217 801
7860 -5526
-206 1842
-3373 8937
-2612 -5271
1829 7427
-1245 -175
-1266 -9724
-9249 8082
8072 417
6013 8761
-5956 144
9469 -1193
-6581 -3061
1261 1479
-5934 -3307
5372 4957
-9486 -971
4129 1035
9553 2906
-6094 8761
9486 -6741
473 -7065
2884 8438
4972 -2602
1564 -9859
-921 9999
4166 4143
-208 7911
3887 5368
5937 8590
-5938 7196
1474 7205
2184 6759
-8832 1722
-899 9547
8470 -893
5398 -2860
2254 1939
318 6203
-1412 -772
4659 -133
9021 3130
5110 9706
4559 4807
4521 -7271
2394 -5435
-4746 -3833
9473 -5309
-8410 1960
-4318 -4875
-3504 2543
2093 6083
-2933 -2277
-6180 -2914
-2307 1768
-4607 4026
5160 4421
8976 6541
-5189 -2733
-5341 5247
5019 3400
325 9424
8766 -4089
2912 -9877
3635 6306
-4566 -6035
6058 -1725
3467 -2656
-420 -2587
2036 2654
2140 6097
-8261 1096
6793 3167
8412 -2969
-4154 4813
8122 -3875
6574 434
-6950 -1579
9429 7657
-6213 -6465
1333 -1045
5525 7810
-236 -1779
-891 4299
5340 -7225
-950 -8584
5704 -4791
2086 2142
-2671 2994
-1684 -646
-4833 3729
1240 6895
-6691 -808
7093 5738
-6989 3252
1876 8511
-2695 7186
-8288 -1360
-6074 -5924
8749 495
-691 5493
-2170 9689
-7663 -792
-1245 -27
8222 9651
3634 -8238
7859 760
6318 -7143
-3098 8789
-2721 8761
6297 2850
-7360 1528
-405 -2296
-4166 9097
6353 8371
8052 3528
-419 508
9454 2506
9818 359
8941 1561
-3337 655
-9208 7605
-936 -7770
-2681 -9776
728 5813
968 2809
1322 9853
2954 -768
-1087 -3503
759 -9129
4550 -7056
3370 -7693
272 5979
-3933 9924
-5609 -991
-2897 1765
-4357 -6073
-243 2542
3792 -2679
9311 -4404
3704 -4698
4841 -548
2469 -5533
9316 -7103
8045 8470
-1274 -8457
8444 8547
9228 6471
198 9336
4044 -9151
7253 1820
9763 9080
7702 -1467
-6526 8523
5948 -2078
-3200 2259
-1404 -3173
6998 -4877
2314 4881
-208 -2816
-8685 -3008
-5647 -2284
7921 5964
-1015 -1666
-7627 -1450
7036 -5309
3566 -8412
621 -9580
-51 2758
-4489 -1058
5479 7675
6462 -738
-3771 -790
5004 8198
-9312 -33
-710 -6147
-4697 557
-852 -244
-7328 -3095
-8575 -2401
-838 -513
-3724 -5668
6046 -6455
8789 5806
4230 8837
9682 -5060
5676 329
2072 -3684
9595 9282
2617 1697
9845 2338
-7082 -1554
-4130 -6464
-1957 -7561
-1515 4880
3387 -2907
-1663 5819
-3330 -2565
6817 -9003
-1625 9913
5125 -6897
-9080 -1794
-7853 5594
-6807 3996
7404 4184
3522 -4249
7698 814
-5245 5232
-2417 4233
-4745 -8917
9970 -8824
5692 7531
6713 -1183
-4825 -2664
-3277 -5797
-4246 -5795
-8726 7412
6738 -8822
-5162 -2365
6343 -4320
8911 2234
7927 -5622
9474 4131
-3247 8507
6975 8988
8561 -1777
-4602 -2342
2034 1461
6003 4444
-2448 7509
7599 -6608
-71 37
-1163 3966
-7977 -1077
-7159 -2667
6328 5058
7046 -5286
-7607 1768
-3994 -1014
4090 2496
-709 -2082
1475 -3129
5711 9672
3299 4421
5733 -9014
7846 3624
9801 -7252
-6527 -6407
8192 3587
-5058 -6696
-5253 7433
-2833 5037
-7202 986
1383 -8392
5731 -8385
-2710 3475
