4000 810
-5604 2547
1972 -8298
-9805 7275
-6570 -918
5952 -9704
-614 4717
3607 -7991
-869 9076
-3693 -7409
7257 -8075
-6677 -9492
5726 -9103
-8905 3937
4208 -7727
5652 -9731
-7377 -5153
-4552 7758
-9520 7466
-9701 -9543
-2589 -6550
9729 9576
4534 7293
1306 -2396
-3469 -2770
-4508 5902
-7157 7024
-7720 -791
-1022 -4771
-7877 -5129
3577 -2165
-7865 3480
2338 -2195
-5628 2461
-7517 3788
-6618 3041
5638 9590
-4662 -1688
9689 -8694
-1538 6778
9158 -9768
-3641 -6330
-6970 528
5466 -2400
7390 -3462
516 8270
-3993 -8006
3180 -1357
1711 6523
762 6707
-8212 4221
-8040 -1719
-9408 -9876
5479 -6924
-7386 -7466
-5071 -7737
-3616 1265
-3860 9669
-9336 -1503
-7231 2023
1010 8274
-7951 -8634
-4121 -5654
-8960 -1079
-2735 4387
-410 -3231
-6683 5537
5558 -5293
-9826 9348
9485 -8544
-623 8806
-2584 5896
2922 8272
973 6046
-8491 -5632
4377 -8716
1445 -8564
-1044 -1967
-9318 2408
-9929 -9203
1299 7278
-7936 -1365
5612 -4165
3584 -3722
1182 6958
-8382 2433
124 -8094
1221 -901
3761 -9404
2045 -4384
-3238 -1031
-3019 402
-7746 -6272
-4771 8531
837 -9580
-3089 8831
-616 -9510
5953 -5931
321 7285
412 -2406
-7901 7396
-6983 -5256
-6919 9510
1370 -5225
-7678 -9274
9683 -5110
-6350 3996
-8187 8174
2689 -3771
-6803 6099
-5023 4188
2951 -1538
-6898 2629
-9142 1196
3806 -8938
4504 -5634
7041 -2859
723 -8958
-207 -3122
-8028 5408
2742 -4818
6703 -3170
5809 -3247
-2332 4273
4650 -4172
-4476 6539
-3093 5700
9862 -6720
-4912 5935
1416 -4268
-1109 116
-1508 -7484
8807 -6887
-9604 -8380
-4163 5494
-9866 1713
1848 -6197
2757 9425
-6722 436
-8458 9368
2208 7611
-3570 4540
-8344 5693
6633 -8991
-621 -5217
-61 9117
2713 7624
-3271 5842
-9857 8212
-8106 -7121
9752 -6712
-7554 3421
-7812 -2797
-7889 8646
1111 -6861
-8907 6162
3755 -8100
-6210 -2451
-6914 -3996
-2324 4158
3872 -3252
8529 -5049
5503 -5048
-2543 9838
-6132 -3179
-6438 9048
-2375 -7399
-6328 4886
2492 -3151
-9142 3303
-2095 -9977
-8185 -9578
-7313 -3401
609 -7851
-7172 -9542
8233 -5353
6136 -8766
3828 9991
314 -8380
-7347 -3877
3648 7329
-4306 -8101
-3112 8658
-7987 3211
-3607 6289
4697 -9804
-5462 9574
-9354 1150
-4060 4525
8046 -5110
-5678 -1585
-2938 9543
-3534 6235
-9536 -5809
7165 -3483
-9417 -4530
-3914 -8917
2827 -6946
8710 8586
110 8799
6230 -6376
3283 8144
-3719 -454
-4819 1182
2255 9318
-4998 -2394
1647 -6462
9954 -5968
-4692 -7989
-5137 -7289
-5431 8041
-4240 7535
-2854 -1120
-6541 7740
-863 -57
5826 -6345
-7677 -3944
3828 -6332
9989 -6217
-9377 -4243
-3225 -9840
-2414 4193
6554 9527
-9671 -7944
-5573 -3092
-2748 -9638
5994 9462
-8708 -4394
-6220 4809
-6869 -4918
-2270 -3114
-7168 -5152
-8043 -260
-8960 3758
2865 -9738
-9952 1871
4638 -2589
-7667 -8315
-3803 -4891
-4906 2947
1363 -8709
7027 8715
-8125 -1059
-8461 -9058
-529 -314
1907 -5871
-5080 8156
-6937 -1229
-3978 8986
-9213 -3000
-7136 5048
5395 -8272
2530 -4223
5967 -4584
-191 9294
3222 -8724
1433 -986
7112 8324
373 6738
-2063 -6077
-528 -4598
4355 -2597
-1152 -8506
-2814 5470
4987 -8827
-165 -8471
3795 7400
-994 -5038
9834 9273
-5148 4799
-7234 4024
-4003 -9890
-636 9754
7271 -6245
-3857 8354
-2207 9202
53 8615
-1826 -5185
5092 9647
935 -9023
-101 6249
-8164 -9644
-4368 1927
-5172 6135
3144 -5647
-7792 3312
6510 -6477
3074 -9550
4137 -8749
-8572 -3470
-5190 -1320
5812 -5746
6175 -8197
-7930 -7785
-453 6070
-6033 5146
2973 -8961
-2424 -5313
-1185 6278
-6040 7992
-976 6350
-9927 -7066
5444 -7146
-5814 -2046
-3835 -5858
-5481 7933
2445 -7651
-211 7179
-2316 -5755
7547 -4448
4542 -4826
3110 7471
-8681 8491
-1242 5647
-5386 -2928
-5244 -8103
-9771 -9769
-8785 3721
8016 -8173
2199 -4252
-9035 -5412
-499 6134
-4683 -240
-7773 4735
-2643 4239
527 -3165
1030 8442
4148 7971
-1579 8513
-2389 -1252
-3109 5053
-7608 -5476
-9745 8118
-1113 -6503
9704 -9821
-1882 5057
7655 -8863
697 -6721
509 -824
399 -4308
1162 6393
-1492 -3407
4265 6879
-9629 2910
-6005 -7268
-7000 -4636
2730 -2049
-2776 -1141
-438 6849
6686 -6973
-2588 -5873
1641 5525
-8110 8945
4721 -8709
1369 -4192
4558 8118
-7455 -3388
3602 -3125
-5160 6631
-4296 5834
-7408 2577
423 -9758
2460 -5583
-9445 9526
-9105 6778
6456 9283
-8799 1320
-5228 2248
-4937 1450
-5813 8041
-6314 -3950
-7778 -4013
6903 7938
6532 -4555
-8522 5861
-2801 553
-452 9231
-3786 -1693
8420 -7951
-2488 -4664
-4659 -9256
-8871 -5815
-901 -8714
-5882 6592
393 -4838
-427 -326
5818 -4172
-3208 8984
-8465 9244
340 -8437
7554 -6945
-5111 -1312
3827 8983
-8142 -6679
-1394 -1893
5046 -9666
4227 7698
9020 -9134
-7921 -2249
747 8644
-965 6449
-4307 -725
-6947 -4302
312 -6854
-2801 3974
-9393 4715
6157 9196
-3629 8555
-3763 -6418
-9331 1398
-2467 -9868
-180 7523
-9547 -1694
-270 -2673
-8982 5858
-6113 2676
-8542 5983
-4632 370
-2633 -5947
6710 9258
-6713 4142
-5669 6666
5344 -8591
-6120 920
-5048 7274
-7389 -3054
-2004 6790
-4584 4768
-3396 9988
-6987 -5812
-7814 -2910
-2395 -3004
6003 9679
2312 -2661
9523 -8310
7140 9192
2401 6258
-542 -4557
-7466 -5108
408 -4696
-3998 -6598
1336 -7155
-9272 2819
8253 -6436
-6768 -9061
-8161 -5168
-8033 -4920
-4646 -4316
-4082 -472
3457 -8028
167 7086
56 -9591
-4022 -933
-5595 3818
-8859 3152
6290 -8218
-4367 984
-5573 1598
-3270 7054
4851 9555
5252 -2300
-6516 4653
6737 9784
745 -6654
-5022 3884
-8312 -8545
4196 7819
9093 -6372
-5812 8888
1255 7899
6691 -9578
3012 9800
1911 -7736
-3500 912
-6176 -7711
-8189 5405
-4543 526
-2282 -1638
-9222 4886
-6686 594
-6247 -7481
-7559 2864
4463 -2364
-1207 -7004
-3856 3877
9822 -5507
-3835 -6208
3487 -7761
124 -6233
-3790 -2682
2133 -9099
-5503 -9638
-6422 4961
-917 -660
9297 -6774
8279 -7215
-314 -869
-6306 -7815
1575 -8243
3820 6923
-1626 -7275
3947 -1670
-2792 8301
1506 -3656
2519 6323
-7261 -4159
3845 -6252
6396 -3555
6088 8377
-1511 5301
-3955 1298
-6009 3649
-4298 5273
-5155 -6097
5832 -3031
-2341 6917
3908 -8406
-842 8431
-206 -5165
-1639 117
-4180 7325
3386 -1992
-6291 -194
6615 -8969
-1295 -3994
6975 -6549
-8420 -1598
9362 -7693
4638 7613
-389 5214
-7695 7666
-7155 6421
6137 -2998
4255 -6279
-1884 -728
7607 -3638
-9920 5102
7192 -7436
-3197 -5095
8466 -4932
3372 -8012
-8913 -4729
-2774 -2293
-743 5877
-9285 -9722
-6249 583
29 -8871
-8709 -4669
-2173 4124
-2776 9000
-9944 9588
-6539 6051
631 8873
7228 -3045
9620 -5749
9905 9847
5244 -4738
-1079 8203
-5778 -1924
-3541 1020
4654 7847
-7215 2129
-6215 1445
-497 -9362
-3676 -8345
630 6783
-2795 459
2850 -3647
6794 -6484
158 -7788
3008 7123
-5544 -7389
672 -1085
-7734 -2632
349 6993
-6727 8060
-7801 8999
5766 7474
-105 -6052
-6109 -5376
2000 8500
6721 -7185
-4542 -9962
-1767 -7004
-9690 -3264
-1729 -5898
7792 -6125
-4362 -9140
-3665 -8588
-6705 -4197
3867 8193
-3771 -1727
5981 -2772
-4261 -5365
-7228 8941
-5889 -8957
7502 -5216
-4786 4263
9853 -6421
3978 -8256
-7952 4605
-4167 -6628
-4835 3186
-4696 5534
-4546 -4013
-3128 -670
-8119 -3764
4285 -8572
-3813 -3015
-9282 -3481
3670 7736
6274 -6542
-1753 539
6413 7765
8924 -8512
-5948 -2524
-7219 7747
-7620 258
-7622 -3463
-1306 5416
-7022 -387
1999 -3123
8468 -6040
-2629 8566
-3673 -7260
7828 -3608
2929 -2268
-2519 7354
-5493 3199
2676 9334
-951 5066
-9620 3241
-3328 -6120
-9931 5614
-5050 -9867
1943 -2662
8883 -3675
-7160 -8586
-8464 -3890
3355 -5065
-3994 -8523
-5986 -1614
-5931 6147
-5118 -4129
-9768 -8094
799 -7678
3186 9232
4527 -2659
-4608 -9923
-1562 -4602
-3061 -9225
-7501 7187
8417 -7567
245 6783
-9345 -6896
3295 -6391
-6418 -6133
731 -9719
-2505 -9300
-4810 -9907
2279 7411
-5380 9993
-1026 5184
-4391 1164
-4583 3426
3202 -3948
-8708 -5745
-8764 8176
-3519 -444
6104 -3552
-5917 983
-7922 8297
5565 8890
5356 -9620
8937 -5764
1082 -7244
3485 6600
-6968 -3580
-3960 -77
-234 5505
-8032 2175
-1539 -892
5177 -2252
6641 9549
-5805 4930
8328 9896
-9082 -4495
-249 -4364
636 -4244
-2496 6391
3413 -4719
-1265 8556
4849 8905
4861 -6434
-2272 -3317
8257 -6601
-1748 -9050
3949 -5639
543 -9988
-2579 21
-2231 -3157
4904 -6266
-6869 -3382
8919 -7282
2718 9700
5064 7413
6123 -5039
-2699 -3282
-9368 -3845
8055 -4770
-1955 4246
-6047 2457
-4959 5696
-7181 8701
-695 6007
4034 9412
-7850 -9579
-5674 7203
7808 -4636
1663 -9877
8648 -7996
3185 9531
-6767 92
-9077 -2351
6658 -6792
-6133 -6573
-5083 9000
-7711 -4031
-417 284
-7218 7289
-3370 -8430
-8024 -7054
-4437 -3873
2075 -2437
8485 -6130
6042 -6645
-2679 -7042
-3157 8138
6917 -7002
-4038 9069
1563 -3624
-4377 1592
4780 -6836
3278 -9678
-4739 4498
2907 -3513
877 6822
-5252 6105
-8488 -5998
-1993 -6123
2499 -7088
-7579 -2483
-7651 5840
-3314 920
262 -9896
-6005 3667
-8673 9719
-5551 -7961
-784 7269
-4787 -3797
-1476 6487
-3487 -5903
-3413 1170
7765 -5293
6260 -6264
-9409 4954
-5103 -585
3388 -9923
2625 -8608
-4364 6553
-7259 7378
6713 -6176
5400 -9853
-3690 -3639
8241 -6133
3457 -2239
-3553 7547
-5639 -780
3513 -3591
-2691 -6774
-9925 1079
-9198 1598
-2930 5810
-4443 -5464
-1802 -1278
-2658 7799
3526 -4398
-2933 -4341
1703 -4110
189 9398
-8013 -6375
-8553 -954
890 -8032
-4611 -6265
-4301 3299
-7676 -4934
-2287 4114
-5193 4465
-1712 -5123
6639 -3227
6044 -8467
-6698 -3220
-5991 -2103
6801 -5719
5521 -8771
-664 8390
4036 -3408
-1915 -8941
2032 -4480
-970 4484
-9141 1270
-5698 2490
-340 -3808
5588 -6427
5484 -8347
-1688 -7052
3340 -7823
-41 8636
-6023 4840
-9607 5386
-2205 -5519
2796 -6881
-1648 -6391
1199 -8730
3616 -5386
6977 8758
3792 -1675
-1326 -2446
923 -2686
-5078 -9208
-5130 693
-2989 709
610 -2687
6076 -4197
-5169 6006
7816 8679
-3612 -6993
-5103 354
-6102 -1290
5403 8433
6568 8147
-3822 6877
1681 7301
-3988 9918
-9039 -1722
-6680 -2256
-2014 -9016
-593 -7624
5274 -9144
8098 -8015
-932 -8193
-1786 -1577
8862 9127
271 -3041
2159 -5343
7918 -9910
7854 -8239
-9196 2478
4971 9025
4809 -4965
663 -361
-9377 -6683
-4448 -1957
-9929 -4263
-3826 -7445
-6115 -2001
-4031 3897
1775 -1483
-2388 -851
-2741 -3141
-5524 -9446
-3884 -9831
-1358 6799
2193 9077
-1857 5923
3632 7461
2828 7943
1900 7522
-3168 -8944
-8151 -2226
-6746 8947
8381 -4677
-7475 4353
-7684 140
-3846 -9825
-144 8278
-853 -5989
1546 -2070
-1366 7587
2506 -1550
2517 8395
-7171 -7744
-3034 -6859
-1452 8480
-6516 -973
-2104 6676
-290 7201
-9684 8169
-3742 3994
7034 -3915
-4539 -2079
3410 -7432
-4425 233
1806 -8131
-3104 7816
5942 -8044
-3210 -3428
-9497 -4738
-8596 9310
7402 -3438
-6071 -6722
229 -1680
-2165 -9728
2934 -1385
3494 6982
-8307 -8391
40 8783
-1666 -476
5370 -3973
-5265 -9229
-5855 -8734
-4627 8214
-2054 -2066
-6676 8885
-7016 4664
1506 -4336
8615 9516
-4905 -219
-7308 6646
1090 -4302
7300 8211
-1133 -5496
5212 -4094
-6215 -2199
-7240 -5089
-7440 9507
-8604 -5867
-6078 9160
5716 -4228
-1200 -3046
-6402 473
-6422 7908
2216 -7996
6719 -4954
9028 -8367
-5414 -8986
-7447 -9002
-5061 6763
1574 8671
-2239 -1014
-7687 6797
-1739 6938
6523 -8083
-7908 8107
-228 9473
2125 -4454
-986 -1120
2929 -3592
-9223 -7129
2865 -8516
6676 -5443
-6358 836
-8862 4250
-6396 -5511
7888 -3322
4390 8453
6242 -5257
9887 -8770
5017 8794
956 9901
-6874 -5645
-5406 5362
-1600 -3928
-8378 5393
-4525 -6222
1384 5810
-6596 -6263
-4821 600
-8177 4662
-2849 -283
9593 -7590
1863 -9821
-1695 -8167
-54 -7481
-1607 4497
1957 9060
-2733 -8725
5280 -6420
-6256 -1548
-8996 7749
-4885 9494
-8956 9485
-5182 8802
-5352 4334
9872 -5939
-8491 9953
-9660 1280
3007 -3435
5770 -4615
2339 -9279
-3818 9689
-8509 3123
4782 8321
-4015 -324
-7745 6643
-771 6641
-3994 871
-9606 -8443
-6465 -2231
1912 -1625
-9205 -3774
-4617 4084
-869 -4168
-2159 -638
-8977 5594
-3198 -5401
-7363 5551
-5147 7877
-4254 -404
45 7052
-902 -968
-9227 3945
-4626 -5069
-9383 9757
8892 -6014
5480 -5366
-913 -95
-4432 -7144
-1006 5765
2702 7842
9582 -4216
-5992 -951
-6737 -2238
-6845 6333
3031 -2775
-7141 -1968
3211 -9329
-4877 4855
-5992 -5926
-4004 -5004
9405 -9331
-8619 3705
-2059 -446
-1738 7843
6631 -3146
5343 -2348
-2665 -2940
-3686 -189
-5264 -9175
-4395 655
-1835 5903
2804 -3882
4089 9770
6429 8912
-4905 9069
-7404 -2224
-2078 -5334
-8052 8042
6641 -4239
-4615 5534
-1715 8857
6648 -7741
4805 8473
-3135 -1212
8249 -5367
7620 -3473
-7081 -7534
-581 -1062
2165 -3243
-1257 9471
-7763 6051
4447 7669
-6517 1700
5799 -8771
-7572 148
1642 -9685
-3044 -8483
-9264 -7399
-7295 920
-9973 1318
-402 -6834
8729 9823
262 -6341
-2229 -5645
2355 -3310
-2297 -9733
-8536 3190
-1537 4869
4002 7669
-8416 -7293
-1589 -6558
-5177 9300
-8791 -6519
-5209 -8462
5540 -9088
9954 -9449
-1534 7603
-2749 1181
-5245 5848
7812 -7370
-3385 -3966
-7138 -2424
-3764 4175
215 6603
-429 -9417
-4598 1411
-5601 -8729
-5050 -6579
8106 -8433
-2307 -4605
-975 -6402
572 -4928
-565 9364
7936 -4540
9478 -7302
4733 -8364
-656 -6344
-4641 1704
4297 7337
-5977 -8888
-5650 8144
7921 -7899
-1966 -3715
-3595 512
-5482 8063
-3069 5228
522 -3135
2410 9258
2892 -2383
-3745 4418
-3023 -756
-5404 5902
-6403 8928
4790 6865
1315 6508
12 -978
-1489 -6551
-6829 4112
6258 7766
-8411 -5572
5537 -2881
8339 -5267
-1839 -6269
7220 -9735
8696 -5386
-9250 -7443
-2091 -1474
-1292 9126
-2462 -6738
1973 -7731
-7616 -7198
7435 8006
-6669 4017
-6493 -7369
217 -3272
-3938 -9467
-3078 -6530
975 -5351
-8152 7632
2207 -2575
-9904 7015
-6003 3323
-5312 5319
3245 6309
-9834 3858
-1330 -1905
2980 -6498
-7880 -2565
-9474 3713
-4236 -777
-3049 -3194
-3080 -1541
580 -212
-5454 1556
-4219 -6426
1404 -8187
-4875 1603
-6670 -9556
4884 -7666
4100 -5695
-3983 4753
-4641 9530
2759 -3334
-3607 8765
628 -446
-6202 -2378
-7363 -8639
-7611 -7498
4429 9157
-5699 -8398
2113 -5027
-5106 -1589
-4635 3264
-8325 -9739
-6834 -8665
-3154 9812
-6552 -422
-4884 664
-3098 4189
2402 6177
-3543 -4528
-1229 -6673
-9890 6539
1926 -7257
-9163 -885
4937 -8552
-3834 3841
5617 7991
-8175 -7713
2281 -9061
-1281 -3636
-2167 -9171
1414 -1172
3341 -9750
2161 -3419
-9008 4478
1921 -1178
-6134 -6266
-5893 -7666
-9088 8861
3008 9654
-6853 -9375
-7657 8082
-5094 -3720
-7108 -5568
-7319 9647
4629 9089
-3762 -362
2478 -1355
-4019 4748
-2858 7392
-5527 2305
-2505 7551
-8341 -246
-7197 155
8236 -8163
-2876 -4195
-3417 9722
-5114 -260
-8705 -8448
-7763 -5222
6013 7853
5003 -8571
3203 -5895
-2595 -8371
-796 -1788
-8172 1892
-3381 -3179
4052 9925
-9227 -8826
3924 -3830
7590 -3282
9281 8779
-9778 1572
1731 -4764
-2413 -3175
-8445 -2216
70 -7727
-4775 8420
-5053 4385
5617 7283
-6736 -6595
-2752 -5458
-1583 -7473
2812 -7040
212 8406
432 -9675
-5227 -3482
-7555 -9173
5408 7346
-3508 7555
378 -8899
-7541 -559
-7342 3596
-9648 3279
-9727 7530
4463 -6409
-9387 1060
4416 -5986
3513 7195
-6558 6439
6814 -4268
554 -9128
-7687 -9708
-5679 7985
-1020 6179
-8024 6381
9915 -6498
-9867 1347
-8934 -679
9845 -9596
-285 -6870
-3986 -9273
6339 7441
5825 7568
5796 -8786
-3663 -9196
-5529 4708
-6643 4452
-9664 5555
-7508 -4566
-1435 6220
-3058 9948
3298 -4343
-3308 -5768
7439 -6671
6068 -9080
1577 -1137
-9993 3041
-5168 -6185
8644 -5018
5183 9643
5425 -8615
-1502 5481
-1982 7671
-3172 8830
5805 8337
-5322 3530
-5831 -6464
-9489 2461
-8056 -3439
-3313 -748
7051 9589
-9854 -2484
5587 -7905
5026 -9149
-7051 8587
-2270 -6179
6435 -5879
-4458 -358
5203 8011
2329 -5174
-3209 156
-8847 3724
-521 -7792
-9931 -2101
-1785 -2886
1577 7368
-9826 3700
-1221 -19
8946 -8332
1318 -4194
2740 8354
-9161 -8863
-9494 -4830
-5624 -204
-8552 -3981
-4528 3387
2348 -2634
3300 7134
1047 9525
5645 9921
-9802 -4568
-5828 -3803
-9391 8038
-7867 9688
-4491 211
5096 -6450
-8979 6902
-2336 8171
-8994 -8680
-2335 5075
-7833 -4593
4706 -3437
-6504 -1110
-2603 7973
-7578 8505
-6936 -3591
-8241 4511
8981 -8581
7110 -8785
9047 9358
4540 -9244
4288 6817
-8000 -2536
-5270 -6849
-5886 9706
-5976 -1716
-9604 -9540
3823 -7460
7124 9542
-5765 3752
-3956 -8021
7299 -7574
-4109 6156
-7120 -5094
-8103 -4052
-8861 -8921
-3800 -8842
-9605 -6730
1022 -6419
-8547 -9562
-5428 4787
-407 -2425
-8410 3438
2118 -6895
-82 -4304
1317 -2276
5373 -3428
4460 7313
-1659 -7518
4504 -2229
6149 -3422
-9882 -3772
3009 8248
-4526 9626
2801 -7090
-4689 8077
7052 -5277
-9531 9213
-5617 5724
9388 -6677
7166 8356
1497 6283
-3849 -2838
3431 -9717
1808 -7252
6073 -6618
-7271 -5268
-9623 2509
4961 9520
-8771 -3898
2183 -3312
-6358 -9331
-815 5839
5210 -4302
-1749 -5229
-8110 -10
5441 -9874
-1537 -1810
8546 -7376
-5959 4453
-3709 6885
-9864 -5818
-6121 -9795
1368 -8476
-8570 -3884
-1164 -6300
-2014 -7970
-2467 -3779
8064 9214
8864 9269
7824 -9757
-2304 6769
6498 -7662
-4811 -8715
-8239 3384
-4222 -4135
1896 -4583
-9863 -1779
-5323 -3254
3536 -2694
440 9720
-8076 5850
-998 -3846
7839 -9105
-3268 -7683
-3321 38
-9605 8535
8882 -8785
-1704 5737
-7502 291
1650 -2913
568 -4348
2817 9533
-4663 -5128
3310 9752
-2935 4244
-3487 824
-5315 7698
-4418 -987
-3630 5742
-3591 -3954
-9592 -4045
-7675 3365
-8433 -4169
-5917 -5915
2466 7786
3058 -2428
1313 -4544
-8464 -4240
369 7089
3127 -4808
-3839 -9364
-3669 -1974
-8343 5440
951 8504
-7987 3679
-8504 -5969
-6239 8500
1926 7267
1870 8235
1299 7159
5283 -5341
-9849 2803
-3504 -7608
9231 -9745
1929 -2637
4947 9722
-3885 7630
1487 -6936
609 8132
7338 -5188
-3465 5885
6378 7806
-1703 -8756
2257 6222
5034 9641
33 -3368
-4873 7725
-688 -6108
44 -7811
-2823 -5046
-8957 -3835
1624 9516
-725 7825
-2386 -9354
-1934 -9238
-6654 -3085
-7738 -6152
-6437 -4226
4496 8926
-6445 -4535
-7430 5682
843 -4594
55 -6668
-4777 6252
4091 -7230
8669 -7958
8919 -4966
-8666 -631
3813 -3126
9460 -8737
-6964 8370
-746 7504
4111 8019
-8143 -9242
4240 -5236
-3808 -4500
3371 7536
5461 -4786
-8553 2081
2477 -2569
3562 8650
975 -6388
1202 -9629
-8286 5519
-9375 2262
63 -8571
-5075 -789
9187 -6607
-3272 -1814
2717 -9386
-733 -6878
162 -8722
-9801 4927
2060 -9695
1604 7330
-808 -6671
9053 -8792
122 -7229
-5878 -5059
-6497 8545
2975 -1902
6248 -6584
-2935 -7666
-5074 -9347
-1578 4684
-5093 -3715
2254 -1466
8151 -8908
4459 -9853
-5499 9014
-3726 9282
-2651 9469
9669 -4542
-9283 -4839
-9115 -6659
-6334 -8029
3667 -2998
5717 -4466
2548 8395
1680 -3585
-3827 5479
9141 -8287
-8192 8410
-6946 9928
-8595 9656
-482 -3517
-7344 7377
-5173 -6426
4069 -9359
-8 -8049
9502 -9683
1774 -2604
-511 -2437
-6874 -5249
-1264 5864
-268 -6067
-2252 9625
8007 -8846
6870 9595
-1209 -4181
-9365 -4484
-1472 371
1853 8695
549 -249
1841 -6442
-6623 2391
-6732 3250
-3104 -4622
-9262 5287
-5478 -3265
-6058 3524
2084 6153
-6820 -5719
5078 -7523
1474 -7670
4045 -5376
-4757 -9093
-9562 -5233
-6550 -7439
8520 -4931
-9304 8564
686 -3469
-6494 -5142
-5944 -6516
-5795 -3117
-6884 -2232
-7421 7992
804 -2259
-2191 -7827
-3501 -2510
3481 7012
-322 -1105
1371 6842
-5036 -7243
2002 -2589
-1478 -6619
-9501 9013
2313 -6813
193 6867
7424 -9632
-1615 -3286
-9134 3206
4072 -8406
-9357 9650
-2172 6798
-5731 -8385
-6162 -3682
-3000 -9917
-5373 6292
4057 -7321
-4572 -2384
8384 -8375
1640 -9905
-9917 9676
3546 7091
-6221 6551
2747 -9964
-9517 1725
-6456 -6627
-7928 -7209
-1827 -9551
6458 -6790
3430 6889
8973 -5733
1385 8666
-7373 -2904
-4692 -8924
-2741 6410
3559 -6729
-372 -5784
-4091 -1376
-6633 3605
-3507 -3632
-9192 -3101
-5977 -222
5976 9528
9108 -7629
-3226 -2219
6107 -2944
-1608 8280
440 6098
5177 7991
-9572 -4038
-6951 6793
-9463 5549
-3331 3756
9983 -5351
1479 6199
9408 -9831
8297 -9998
-9702 -9778
6921 -4342
3386 -7826
4623 -7938
9859 -7831
-344 -889
4697 -5333
-9279 -9666
-7137 -3681
9414 -4024
-329 -5236
-2368 -4907
-1293 -584
-2865 -7965
-59 -5956
-5592 2590
1429 -6009
-1609 -5911
-6326 8716
568 -3400
-8324 -5769
-514 7550
-585 -1600
-9634 5551
3212 -6268
5711 -8241
3259 9405
-7771 -2081
-5898 394
6063 -4679
-7577 5806
-7623 2602
-4196 4306
9024 -5561
-578 -9507
-8693 5873
595 -5824
6496 -8673
-638 -5495
1883 -1963
-2895 -2413
50 -6091
1386 8614
-7542 6678
1353 6416
5250 9413
2835 -7320
-8135 7594
4863 -7949
-9093 9601
-6571 7438
966 8080
-2584 -7980
-1960 6027
5034 -9388
873 6703
3475 -9168
-7836 -9336
-9101 4070
-6229 8830
-7243 -5888
9279 -4749
5050 6956
-6602 -3508
3526 -6939
-6637 -3804
450 -4233
2179 -2509
-3455 6570
269 6009
4573 -6085
-102 -7167
7087 -6737
-4763 -8091
-2917 -4040
1271 9429
4233 6951
-8563 -4595
-9564 2266
2833 7628
5043 -7217
-5324 -4107
-6313 -323
-5087 431
-8251 3576
6504 9138
297 -4552
-3481 267
-6861 7043
-5388 -2235
2719 8943
2175 -9017
-8990 -1516
5993 -6439
3508 -7895
-913 7179
2023 -7401
-5995 -6750
-6432 963
-4610 -1639
782 8117
8825 -4915
-3182 -2588
-3739 4955
-3481 -8980
-2573 -9507
-4168 -4622
-7633 7282
-6982 -1173
624 7536
-936 -1608
-811 -6250
-9860 -4225
-3456 -8699
-8115 3911
-2113 -7763
-5124 -3445
5808 -2770
-6765 -575
-2984 -6593
7770 -4834
6871 -3928
7154 -4127
2268 -9197
-4761 1984
-3686 5581
-3441 7192
-5675 7199
8773 -4878
-8733 8336
9887 9837
532 -9705
-914 -6721
-5055 2885
5174 -9092
-697 -7888
-1135 -528
9169 -9295
3213 -8174
-3586 -7047
-5377 -7912
-543 -2625
537 7446
-5206 3308
5561 -7822
-3488 6512
-4054 -1141
-2372 597
-5801 -3266
-7140 -6684
-7804 -3621
-8797 6989
-1759 -1122
-4414 889
-1972 -3723
7459 9256
131 5020
-5933 -8855
-6307 1055
3949 -4159
-58 -2536
-6359 9337
-6919 5303
-5779 9563
-9016 3563
-668 -7779
-453 -9860
3568 7219
-7186 1033
-7537 1836
-7012 -6333
-1471 -202
2859 9003
2866 -4132
5645 -3277
-7055 -5042
3896 -3948
-9525 7430
-5877 917
-2556 -5215
1371 6602
-992 -3995
-7853 5535
-5573 -9523
4107 6924
4465 -8869
-8854 -6511
-2991 7209
525 -5263
6808 -4560
-5297 -9659
-6203 -9325
-4192 -2810
-3771 8390
-5458 -5445
1229 5697
-5555 -3091
8688 -4599
-5144 1407
7154 -8442
-6433 5057
-3605 6870
8459 -9614
-1865 5185
-4438 -2158
-3020 161
-3539 -3762
2590 -2917
-3561 -8339
-4139 -5526
-811 232
-9869 4435
895 -1492
2089 -1508
-641 -331
-1086 -9268
-538 -4317
-8042 7757
6886 -3314
-5044 -3700
4482 -6633
-1099 -4219
-3789 9582
6518 9042
-8477 4478
-5245 -7761
-1053 -336
2653 6476
-4904 -6553
5237 -5054
-6938 3879
6655 -9897
3339 -7728
6146 -3949
-8582 -5856
-2432 -9150
-3313 -6960
-7871 8625
-7380 -5315
-4940 -6660
-1590 -942
3403 -4534
6978 -4497
3801 -8381
2172 -3864
1812 -7161
-8203 4486
4563 -4880
-2425 7235
2012 -4278
8790 -6268
4565 -4438
-5872 8893
-5363 5336
-4405 -5352
-7 6285
115 -8033
1356 7717
5456 9731
-8068 79
-2521 -5610
-5755 -1701
5261 9453
-6759 -6322
-1088 -5611
-8678 5853
-3233 6816
8165 -4482
172 -4286
281 7060
3059 8845
7186 -4619
-3710 -6533
-9616 -9611
-8395 7146
-146 -2149
-6270 -7147
2500 -5286
-6381 -739
-4463 -6769
-8419 -3427
-7537 6541
-2012 -9557
-9481 -3648
-7149 5798
-4516 -9713
265 -629
5511 -9781
-4061 -4890
-9081 8230
4030 -2653
-4780 -8915
-4810 8719
-7968 -2162
2279 -8749
-205 7084
-3664 -7312
-9303 -6724
-3641 4658
7137 -6700
-6835 -7498
-4236 801
-33 5304
-4991 1076
-8137 2671
-1337 -5112
8950 -5575
-2014 -9185
-4609 704
-5733 -1465
7382 -7014
-3632 -7344
-5147 -6327
-3328 5221
-3203 -5118
-6704 -8457
-3915 -5636
-4510 -1023
-7409 -3626
1525 7900
-9339 8245
-8694 4186
-6824 -2405
916 -786
3571 8339
-4469 1935
-7472 523
675 5843
2421 -7209
-7870 2381
5896 -2391
-9776 -1629
-6918 4522
9930 -5163
-6425 -1444
-9563 -4048
1651 -4954
2936 -1380
588 -4256
-3344 -737
-7328 7576
8793 9620
4280 -9440
-4711 -932
-5461 -3085
-8307 -9218
7819 -6640
-5123 -7824
-1371 -8905
7283 9760
-7268 9035
-6923 3008
4636 -5299
9526 8742
-7300 -1325
4484 -3548
-6128 5019
5078 -4853
-9180 6001
-2806 -7968
-933 -3174
7823 -5035
-7088 -8993
2879 6797
-3938 3421
-4362 -7736
-8840 2748
3825 -7469
535 -7832
-8682 -4284
-7484 4317
-6600 6191
-1474 9097
2951 -9163
-3087 3924
-5832 -9377
8287 -9676
-9269 -2352
-2166 -8143
1834 -9604
2180 -4024
-4400 1562
678 -5552
-2749 -5222
-5129 6708
-1534 -3684
1384 -3506
-1471 -9040
-8539 5214
-4710 5116
-7062 -8303
7076 -8205
-7005 -4326
-7299 -1760
-2808 5254
-6436 288
1698 5833
2116 -9818
9819 -9307
4230 6743
-3900 -8450
-4942 7543
-5455 1413
-5104 5197
9357 -6780
6 -9190
-5442 7138
-2051 -1489
-7614 -5938
927 -4227
-7526 -6433
-1808 7871
2678 -5337
-3741 -2688
-9321 9181
-9167 7975
-9653 -5627
-7451 -3524
-2382 -9402
-5461 9712
1970 -3146
-8854 -9704
1230 9506
5524 -3240
2184 -6714
-4720 -9179
-1713 9099
574 6792
81 9376
-2551 9846
-9068 3270
-6963 -7684
-7412 8963
219 -4996
5411 -7676
-124 -407
-3035 -4589
9760 -8528
5704 -3025
3404 7462
-2979 -2066
-9389 3880
9143 -7936
-5290 -7830
5534 7173
2079 -6140
-2932 -7440
6618 -8262
214 9969
-1417 417
-9144 1761
-4188 7180
-7788 -301
-9480 2655
-761 4972
2282 -2991
-9251 8927
-5617 6186
-8765 -9362
2402 -1404
-5161 -3527
-9126 -6953
-889 7175
-7514 9181
-2953 8983
-7460 5602
7538 -4747
-8076 7654
-3642 8113
-4573 -1850
946 -7284
783 -9125
3623 8323
-4498 8773
37 -8396
7680 -3748
-8585 -268
-435 -5026
-4889 -3089
5830 -5418
-6150 -1302
-2513 -4221
-8229 5682
2354 -5791
124 -3824
2178 -3723
-4153 -790
-6583 8075
-2684 355
-4019 -1591
-2061 -5802
-7140 -4350
565 -408
-9403 -9394
-6080 -6102
9802 9103
-3658 9830
1496 8429
-2650 8362
-5636 -2211
2906 -5120
6529 -6428
2265 -7056
-7708 -4859
4833 9724
-4457 4803
-6910 2656
-9320 2325
-6574 -5643
-5033 2146
6085 7802
-2165 557
-2389 5662
2312 -2585
-1353 -6292
-8764 -6466
955 7200
-3663 6756
-6512 9510
-9433 3167
-6106 281
-6061 829
-1024 -9185
-7152 -6035
2136 5958
3117 -4973
-5881 8076
-8856 1998
-2176 -4371
-5656 9678
-6357 -4249
3941 6598
-3440 -6080
6947 -6634
-2066 -4695
-9041 2917
4841 -2932
-8154 6995
-6391 -5663
5369 -7689
-9351 2959
-9818 7509
7201 -5327
-8194 -8359
-7427 4866
-1403 -7439
-7402 -5463
-4913 610
-3103 -9461
1072 5352
-4696 7630
-4444 3273
-3069 5953
-3075 -5721
-2529 -9816
1353 9558
-3600 -1761
1003 -6363
-3623 7232
-7254 7071
-5421 7766
3290 7116
2491 9069
-842 -4671
-5038 -8448
-4246 -4914
5768 -9574
7631 -3648
-3152 -7509
4416 -2237
-2280 -6590
-1027 -966
2243 8998
-9378 1477
-6114 -5940
3567 -8123
-5252 -9305
-96 -8671
-5037 -9528
-9715 2407
8911 9147
-3926 -707
1696 -2735
9676 -7527
3904 -5836
-936 -5808
-4533 -4345
-9286 7973
-5174 9451
-1217 9194
235 -867
-747 -2445
-3734 -1671
-8876 -4554
2540 8756
-9289 -4439
336 -9351
-7903 -9435
927 9198
383 -3241
5180 -5121
8305 9230
-2638 -2875
118 -4514
-6438 -6683
-9785 -9402
-2329 -8791
548 5763
-4917 855
-4770 -4198
-4499 -1033
1456 -6860
4955 -4943
4886 -4449
-4881 4493
5280 -4585
-8140 -9662
597 -9002
-386 -1896
-4688 7972
-3415 -5974
-7612 -3512
9918 -8949
2262 9844
3787 -5255
-5438 4681
1504 -5137
2318 -4275
7027 -8954
-7157 2554
578 -1088
-7313 7342
1698 6855
7929 -7707
6354 9129
-4735 2982
-9094 7155
5712 -2246
2514 9629
-992 246
9979 -8555
-850 -1724
-6903 7715
4603 9654
7958 -3348
-4801 -7857
-7112 -4242
3580 -9126
-3837 7749
-4794 -3362
3151 -7881
-3154 9776
6074 -9176
-6596 -8266
-3639 4262
9838 -7149
-1975 -2619
-6490 6179
8009 9933
-7148 1977
-8201 5616
-8683 -9278
-3814 -9649
-3329 -2143
-9340 9707
9140 -9661
7797 -9398
-3485 9576
6883 -4318
3030 8467
-7051 -2948
1371 -3576
476 -6645
-4472 -23
7314 -5675
-7054 5587
-6378 -9272
-4842 4774
-1180 -2053
-2615 -5199
1627 -5018
-4354 8263
-9409 4775
-4250 -768
-809 -6548
-3449 8655
-7152 -3955
120 -9489
-6193 -7981
844 -518
-7224 2989
-2372 4077
2059 -3404
-3981 -8707
-1532 9088
262 -3737
-1231 -6670
9749 -4162
-6853 9469
-8288 -2056
-2961 3913
-3848 3917
-3623 9479
-2098 -9752
6558 -4915
-9006 5502
986 -1727
6371 7740
5388 -4406
-6079 -2667
3032 -6908
-1847 -9170
4140 -1805
8213 -6610
-1336 8498
-9577 -9281
-4393 1279
-1722 4614
2259 -2742
-5431 673
7744 -3611
-5317 208
-2323 -2175
8542 -6857
-5429 -5703
-4181 -1056
-9595 -2453
1845 -7292
-4588 -9440
1148 -3611
-8786 9006
-6213 5997
-5358 -2951
-2982 -1833
-4707 -6298
-344 -8177
-5988 -27
887 9349
3339 -3966
-4498 8264
-8373 -8729
-6172 48
9043 -5647
-3836 6389
-3731 96
-3448 -8563
-3456 -4909
-8870 -2557
7461 -7085
2959 -8372
-9298 -8978
-4907 -3547
-2942 4293
-5618 7879
-7406 -8535
7311 -9589
-3182 3834
1570 -6830
8667 -5091
2039 9328
2053 -5452
2727 -4998
1621 -7968
-1331 -5745
-4427 7126
-9972 3372
111 -4403
-7588 5790
-4188 -4957
6983 -2764
4279 7007
5459 8507
4015 -3838
-8497 -4752
7517 -4503
-5112 8296
-8071 -4639
-4722 2989
-2242 18
-9960 -5631
4564 -9042
7780 8464
4540 -4822
351 -361
8290 -7561
-8932 1448
-3881 398
6088 -9438
-7571 -5802
7187 -4433
-819 -8292
2018 -1356
5260 -8134
-239 -8501
5450 -5647
5760 -5396
-2090 7281
3473 -5330
5728 8231
-8026 -6621
-5330 9663
-6035 -4798
-1372 -6622
-8856 -9725
4222 -8587
7143 -8985
-4059 -8294
5687 -7046
-749 -9838
-1641 8174
-7211 5937
2483 7476
203 8773
-4897 -5001
8988 9563
-6797 -6334
-2261 8067
-194 -6292
-4729 -9287
-6433 9329
-867 5382
-9659 -5276
4109 -6379
-452 -8242
6263 8649
5011 -5553
7804 -3788
1886 -6418
-8040 -7410
-7850 -9686
-8432 -3652
-2880 -8402
-7248 3854
3879 -2628
-5271 906
-2665 -2754
-5755 -5077
1393 -1174
3206 -5741
-9316 -9171
3494 8467
3694 -5710
-788 -5689
8073 -8934
-3464 1391
-7353 -5400
-4491 -4727
5318 -7113
-8685 -6870
4859 -9571
-4883 -7445
5975 9417
7857 -7738
2474 -1607
4015 -4095
7523 8874
-5185 5919
1090 8328
-9567 -8151
-809 5030
-2752 -6146
-7668 7499
2500 -7037
-5880 -2288
0 -9980
-6837 5607
866 -1647
-264 153
-8224 7784
-5722 -1083
-9196 -9838
-4721 -8759
9324 -5231
-2902 -4558
5852 9472
-3811 355
-9912 3614
3467 -3167
-1832 -4946
-2058 7801
-2486 -9300
-1113 4853
792 -6406
-6651 8007
7580 -3814
7629 -8245
6185 9189
-3910 -9365
-7518 2264
803 -8950
-8509 -2122
5876 -2945
-6644 2889
-3010 -3578
-8311 -6066
-3094 -6266
-8536 -8794
-7629 -2220
-3138 9258
-2064 5811
-4717 -5822
-4882 4672
-4119 -8048
-6480 -1708
5761 -6030
4763 -2790
-5769 -8456
7359 8257
-2684 4906
-4668 -5236
-9214 -9065
-9122 2113
-8195 -3508
4165 -4568
5838 -7480
-5087 6612
1943 -8671
-122 5402
1249 -5797
-3522 -2914
-2670 -2174
-8628 9653
-6561 4853
7057 -5298
-7179 9248
-4282 -5404
2913 7424
3370 -9041
-1643 -4839
-6755 -2091
755 -8359
49 -8596
270 -9023
3575 -6978
-7108 -3435
-263 -9941
-7445 9539
8727 -5575
-7425 2112
-588 -6630
7415 -9533
-643 -6495
7176 -8592
-977 -9347
-889 7279
-5722 4457
3708 7065
-4633 -562
9869 9253
482 5335
-2658 -9894
6249 -7284
6165 -8098
-6404 -7777
-4587 6410
2791 6190
-7167 6615
9124 -3798
6703 -6528
-17 -9436
-5256 5688
-2040 -6494
-5529 -2333
-8738 -4447
-5263 869
-4364 -8239
-3893 7748
3654 8229
-4136 -2116
-4 9792
-3871 7343
-4435 6229
-6634 3279
1865 -2028
-198 -2538
-7367 5868
-1228 -7413
-9342 -3525
8024 8171
-7844 -3157
-4289 -797
-3763 -515
2260 -8640
6656 -5390
4176 6837
-6913 -610
-5938 -5071
-8444 -4337
-3124 -9653
-6030 814
-2424 6983
9001 9035
4239 -6296
6645 -9724
90 -7370
-9688 -3403
-735 -6652
7399 -6241
9716 -4389
-8289 -4956
-378 -1563
-8715 9717
6004 9164
-3733 9621
4523 7684
6734 -4089
-6329 7975
4985 -4419
-2804 9052
6122 -8083
-2591 -1070
29 -865
8435 9286
-7349 -3244
-4429 1759
-1918 5028
4658 -8006
7855 -6456
3381 -8255
-6796 -8590
-6486 -4609
1097 8925
-9503 3106
-2971 -1703
-4845 -2110
7907 -4756
-3560 3974
8464 -7409
-2963 -3717
5789 -3117
-248 -6664
-2168 4787
-958 -1861
-6543 -2370
7411 8957
3010 -8545
-2424 -6042
5856 8437
-2127 -2126
1792 -5981
505 6447
9354 -7595
-9176 4557
1764 -9336
2084 -7163
-7142 -5360
-3051 -1805
-8043 -8962
-7111 5939
6446 -8868
-8483 -4918
1991 -9665
846 -1062
7402 8500
8278 8898
-7100 9813
-6904 5731
4904 -6251
-1699 -6473
3344 -4528
-4986 506
-1380 -4196
340 -3595
5530 9985
-7134 -9057
-75 7978
-9801 8033
-7622 -4806
4040 9406
-3527 9435
-9816 6315
6860 -5212
-7607 -1141
-7131 -9234
2663 -9169
3336 -8022
-2284 -4455
2669 -8163
-86 5339
-2668 -7732
-4186 5305
-3873 7817
-6478 -5862
-2125 -9000
-5303 2760
-7881 8750
1108 -1458
3084 -9039
-5900 6015
700 6732
-1298 558
-3262 7576
2281 -6855
-6936 3907
-7214 -238
2255 -3203
-8659 -4733
282 -1809
-7082 497
-7627 -7762
-9825 2095
-8559 -7241
5988 7626
2049 -2932
-2195 -5970
-3281 -3897
-969 -3811
4626 -5995
3218 9753
-276 5489
-6544 -4935
8323 -3856
6236 9955
8746 -7803
-2900 8274
3137 -1216
6358 -7559
4949 9342
-5893 -8614
-3364 6015
7637 -9853
-8243 -1158
-1404 -2326
-1224 4440
7933 -7458
-1797 -9858
-951 8469
5891 -4137
-9144 7033
4085 -3106
-1080 7698
-9203 3377
-6535 -5673
9829 -6029
-160 -8435
-3741 6089
750 5507
-8526 4617
-3604 8340
4719 7245
-4656 3949
-3139 9664
-6989 8814
-4413 8447
-3511 7506
1187 -5976
2438 -1898
-7649 -7847
-7584 -9302
-4702 5927
3812 8503
-1355 7546
-6786 -4912
9859 -5720
-9783 -5455
-40 -2415
-7150 5103
1717 -1056
-6296 4080
-7481 -4275
-8934 -6284
6566 -7522
-5978 4550
2192 -8900
6871 8018
-4493 -4762
2089 7600
-3313 -7491
-6377 -8217
-1524 -207
-2537 8753
2373 7807
4652 -4944
541 5350
6120 -6972
2631 9301
-3772 -2928
-3376 -5334
-7561 2740
-8825 8247
5716 -7872
987 5571
9468 -9530
7732 8200
-3158 9465
-6091 554
1701 -3701
-1314 8857
7193 -4280
-986 5026
-5970 3973
6443 -2628
5175 -3820
-8204 -6329
8995 -7542
-3445 4328
8680 -9785
2425 -1979
3024 -8813
-7139 6822
-6820 -3929
1471 -3671
8251 9472
756 7640
9585 -8448
8855 -8524
-7515 -3202
-710 5644
8680 8427
-4335 -8174
-7907 -9879
-3493 6793
-3255 -3349
-9259 -7867
446 -7737
-4871 7317
-4440 483
-1049 -1796
-7112 -4231
-2964 -4589
-6957 8357
-2345 -1205
-7386 -2231
5335 -7681
-5516 7993
-9320 7914
5253 -3307
4164 -3673
1975 -1496
3759 -9241
-1582 -2387
-2755 4583
-5844 3015
6632 -3076
9356 -6311
-5838 -5186
-227 8599
-3049 6188
-3625 -6499
54 -9673
9206 -7369
-6949 -3423
-4572 5158
-463 7532
-3624 -1577
-8196 -6182
-724 9082
-1330 7189
-5866 9939
4111 -2067
-8220 -629
3620 -4619
5963 7276
-433 -2883
-4159 6222
-4732 -5975
-923 -4589
-5101 4838
5067 -9748
-7914 -6807
9393 -6174
160 9750
-6658 -9701
-3716 534
-9789 -4753
-9142 6153
9360 -4111
-8904 -5283
-3604 1391
-9791 -6557
973 -7629
382 -5459
-9744 5116
5857 -4524
-973 8190
-8926 9786
-165 -4342
-5643 -725
-8055 -1136
1323 -6577
-9309 -4457
-4620 9320
-326 215
8687 -9964
-5977 -953
-7399 9599
1981 -7481
-3579 -4329
-8781 -4290
-8148 2896
-3050 -6038
1248 6453
-168 -5173
6229 8230
-2535 9657
4432 -4533
-8538 8527
8289 -6796
-180 7563
-8909 5347
1669 5989
3466 -9220
-8415 -7376
3880 -6366
-8163 -1392
-1151 7523
826 5905
-3126 -4516
-2574 -5400
-2165 -7215
3640 -5741
-9281 4149
4045 -6418
-4069 -493
-3797 5917
-5354 -7091
-8391 9123
-3842 -8945
-4924 3305
-3949 289
-445 -6075
2643 -9081
-9983 -9764
1720 -2660
-6933 -9875
-4786 3384
-9740 9511
2218 -1984
-6436 -469
-2039 -8921
-5915 -7772
-4892 -606
-4860 -2736
-7021 54
5732 -6666
-8807 5888
1559 -7169
-7098 5089
3173 -6983
-5181 1424
-1427 -7921
-8818 -9792
-528 -5638
-7797 8433
1225 9252
1246 -8155
-1135 -1456
962 -6430
855 -6789
-3442 8181
-9767 -2985
-3579 -5119
4957 -6603
491 -8141
-9759 -7225
-8449 3299
6078 -3885
-2206 -2153
-7252 8255
-2914 -8687
-4019 -5949
-6547 -6839
-8007 4466
-6882 -5566
8810 9217
156 7662
184 -8096
-957 -1343
-6425 -1728
5087 -3154
-6661 -7254
-7714 -9747
-1871 -8907
-2105 7869
1114 -9883
-1225 -8649
1327 -1421
-599 5544
5910 9133
-1316 8742
-7551 2269
2227 9499
3120 -3929
1478 9842
3245 -4587
-9344 2811
-4714 8162
689 -6273
-1219 7801
-6222 -6644
2397 -6272
7284 9207
989 8232
-7532 9624
-9340 5473
-3355 -7890
262 -3643
4175 -8788
-3424 -1443
-2040 -3588
-4034 8560
-3744 9159
1558 -4923
-8627 1998
-9989 7557
3144 9855
2939 8933
4835 -4336
95 -5450
7205 -7740
-2808 -3496
-6847 -2870
-7416 296
-8245 5601
-3666 -8074
-243 -2124
-3422 4268
-8709 -2062
-296 5987
-1568 5778
7580 -7494
6180 -5364
8453 -8398
-3495 3838
-7562 9562
-437 -4999
3991 8344
431 -6244
828 6251
-2841 -4290
-5958 -3812
-8872 -3401
7527 -7604
1875 7653
-4618 -9882
1590 -9913
8275 9398
2061 -8695
-8697 -8012
743 -5224
7726 -4318
-1350 -3032
2112 -1176
-673 -1652
7546 -8857
-7193 -6961
5924 9965
-6176 -3219
-4407 554
-5043 7393
-8340 5378
2803 -5679
-6787 8358
-7774 -3602
6027 -9750
6866 -2718
-2179 9478
5691 8897
-4050 1445
-5730 9995
-5297 4174
-5758 -1838
7205 9110
8566 -5429
935 -389
9225 -4259
-1494 6496
7193 -5481
1161 5595
-3308 7490
9020 -8453
1619 -2671
-7217 7622
-9146 6408
3800 7149
-9478 -8365
-5819 -4808
9657 -5071
-5991 -9605
-4676 -3248
-1900 4563
3042 -3148
-8462 2588
-7447 340
1807 -2171
2789 9544
-6788 3432
-8115 8713
8737 -5532
4141 -3533
-8410 6351
2133 7193
-2288 -9059
-6785 -4425
-508 4643
-1703 6512
-1058 -2825
-2786 -6716
3019 -3241
-5885 686
-6882 7381
7139 -2876
-5568 2989
-8431 1554
2834 -3887
-4494 -2922
-5442 -2134
2565 -1137
-6166 -2382
4590 8499
-2064 -4236
-658 5652
-8204 -9960
-4545 -5985
8175 8816
4856 9558
-8757 9212
1647 -4725
-8399 -4677
7189 -8907
-6228 -7382
6536 -9785
4741 -3882
-7876 -8209
1819 -7625
-4621 7965
8744 -9673
-5356 -832
-5073 -3056
-9651 6482
-958 -7390
7384 -6915
3328 -2318
-7870 -6284
-6782 9893
-6255 9801
6006 8119
-3724 1366
5252 -3425
1469 7543
-6846 -2449
-1502 -6826
7418 9218
-2248 9917
-6938 6979
-6788 -9966
-9249 2956
-7127 -9613
8229 -4203
-9321 -4549
-3514 -607
1883 -2644
-7222 -6546
-7085 -1412
-2621 -241
9524 -6252
9170 -9785
-1653 -7057
2860 6004
4773 -8519
-6616 7484
-5097 -9365
4999 9195
8687 -4903
-7042 -8145
-4063 8419
-7402 8370
-7056 -883
-1382 6115
-7892 -5077
-5126 -738
-3956 5682
3913 9933
7148 -6290
3577 -5980
-4412 -617
-2202 626
519 -7308
-5902 5306
-7834 -3491
591 -5190
1087 7815
-4350 530
-4230 9039
-3127 -1221
-2155 -9269
-1574 4530
8213 -7620
-1825 8678
1769 7549
-9903 -6359
-4801 6643
-3799 -2263
-5922 -1032
4416 -5145
-7527 4936
-7054 9171
-1331 -6683
8608 8506
4938 7511
-8551 -2734
8272 -4356
9445 9433
9159 -7441
-2512 9076
984 -2161
5543 -2177
-1752 7407
-8655 7817
1929 -8276
7956 -7533
7957 -8437
179 -5091
-5649 -1451
927 -9892
-937 -5676
-5255 -2696
7930 8691
163 -4117
-2743 -8110
1511 -4845
-671 -788
-1389 7899
-9709 -9510
1814 5720
4570 -9170
3454 -1311
-3883 -4404
228 -6116
-1530 -5621
2806 -4572
-9501 2730
-3626 6081
5592 -8686
9278 8769
7963 -3325
2909 -2655
-1934 -6791
2706 -1358
8860 -3954
-7446 7305
-4119 6665
-7498 -619
-802 5829
242 8181
1709 -5612
6744 -5776
-9535 -2118
-6718 7431
9167 -7926
-4653 -6155
-6938 7832
-8183 -8560
-5470 3077
636 -9758
-1296 -820
-3929 6406
1733 -1301
-4972 -9288
-2693 -4656
4587 -7697
9161 9669
-9863 9928
-8794 -8367
-9391 5100
3264 -1239
-7981 2929
-6426 -1703
2279 -5221
8300 -6360
-4627 -3796
-1251 -8727
6649 8494
-9755 6751
2745 9968
879 -5354
206 -7731
-8546 -3166
-8911 7002
-7561 2464
3105 7492
-5839 2623
-592 -6014
-6438 5422
8130 8974
4309 9493
-2959 -9770
4884 8002
-6553 -6909
6806 -7446
-5851 -3931
-5758 -9251
8515 -5983
4435 -8369
-5181 -710
6684 8680
3865 -4350
-3060 5029
1553 5964
2842 9061
4997 8797
-3052 -1570
-8969 -6032
-8881 5740
-2019 -3976
5474 -8262
-1884 -6853
-4038 683
-2631 -574
-4787 -3094
-8117 -5442
949 -281
8860 -9346
7138 -6647
-9909 4997
-2807 6010
-8390 6801
-4572 -6644
-1048 -1501
-442 -8099
-360 6210
4314 -3328
-1410 9127
376 -9604
-1760 -1992
163 -5947
4023 9120
8198 -8690
-5227 -6995
-9906 4921
-172 6395
-4968 -9135
-3351 -4990
-5095 -2005
138 8764
-8094 8279
-5430 6499
-744 -7006
1281 6269
-577 -457
-3523 -9598
-7084 4847
-4679 -2431
9603 -7098
-9643 7129
1341 7813
-8431 -2507
1680 -5446
1154 -3267
8894 8836
-1008 -7126
224 -693
8364 -7861
-8048 -3834
-9457 -1271
3023 9477
6614 -5129
-5729 1073
4433 9841
-8051 6260
8423 -9632
4238 7299
-7021 635
-642 5782
-3474 8727
-4687 4209
-2964 9048
3746 -2352
-2749 -2648
3649 -4785
-2487 -3568
-1963 9394
-3249 -8766
-3312 -8251
6225 -2704
-3367 -4570
5188 8864
9595 8981
1853 -6766
-5265 6660
-2195 4885
-8904 5488
-9683 6738
1630 -7411
9174 -8574
7834 -8878
-2816 -4210
-3599 -6971
5590 7602
-7520 -2587
-5511 -6174
-9357 -2293
-6626 899
-7907 5020
-6570 -4501
5610 -4863
-36 6047
2345 -8053
3496 9998
9041 -7580
6160 9123
8396 -5117
-9846 -6639
9333 -4923
-6603 2942
-380 -7125
4630 8050
-3147 7800
-7230 730
4608 -8491
6878 -7731
2196 8167
-9170 -7212
-2157 7346
3366 -7596
3449 9997
-634 -412
1705 -9687
-1669 576
-7842 5503
-1141 -6707
-1954 -6737
-3654 9117
5103 -6047
-6668 -1612
-6220 -1162
1178 9888
-6361 171
-4991 7804
-4295 -4601
6390 -5487
-6375 743
-5685 -5081
-7077 -1866
2583 7223
-9001 4171
-5115 5702
-2998 -8159
4459 -2981
-8804 7612
2263 -5506
3309 -6265
-1466 -7191
641 -7974
9783 -7831
-6003 -1052
-611 -3192
3100 9811
-342 -2666
8751 9692
5984 9249
-4840 -2996
7304 -9132
-5298 -5889
-2516 -4768
-6414 -8822
-5480 -6625
8954 -7431
2473 -9846
-2318 -8535
-6322 -8190
-4640 -5604
8994 -6431
7684 -8199
-2807 -1510
1984 -6204
-8187 -3319
-1220 -4882
4803 -2395
-5341 -5871
-9621 -1260
-7133 2244
-2112 6421
-9264 7751
-3335 5084
4470 -4606
-509 6315
7431 -6865
-3216 -5160
5668 -8068
-9658 -7565
-9808 1568
-7340 7280
-9033 5651
-1710 4504
8997 -9474
7769 8787
2796 -9754
3492 -6092
-7596 2832
6403 -8693
8172 -8184
-5921 -7009
6787 -9399
-7874 -3159
-1799 8414
5609 -3453
872 6702
8370 -4249
-3909 -8123
5639 -5369
3673 -2921
379 -5951
300 9724
-6565 -2340
4663 -9528
-8420 -524
-1719 646
-2851 -7775
2991 -2275
9993 9219
-8805 -3001
-258 6713
-2193 -1240
8000 -4133
-5208 9514
-3264 4567
-6059 4632
-4305 -8827
-7600 9881
-1248 7111
-3146 -5731
-4622 -7292
-8041 -1432
716 -7925
-9484 -7219
-7034 -441
-9249 6364
-2054 -445
873 -895
6737 -3759
-6171 -8542
-8792 7894
-4376 -4647
-9295 2175
-9592 7317
625 -3484
-7055 -1652
7200 -7173
-4977 1270
-8851 -7170
2625 -9980
-7405 -4858
-1254 9651
-816 -2756
2417 -4974
-7373 -2545
-7609 -9637
-4140 -4181
-7406 -96
-1749 -5088
-9464 -9791
-8276 8484
-9454 4105
-4078 -570
3424 -9550
-5416 2661
-307 -9457
-2209 -6587
-9334 -7259
5444 7199
3414 -6362
-4250 -5459
-2029 -3560
-8513 -5082
-8707 1433
-5923 -8680
-7687 9402
6501 -7534
-3955 -6919
-7114 -7786
4782 -2432
2624 -4256
9347 -8150
-1319 8557
4487 -9652
3240 -5085
9154 -8248
8010 -4712
-1382 -8984
-4805 7839
-4521 567
4811 -5558
-4224 -1374
-6928 -9712
3413 6254
8214 -8839
7861 -3554
-6519 5344
-7251 6400
-8294 9753
-7599 4861
358 5966
-3918 5680
6090 9879
9040 -5588
-3922 -4027
-8531 6671
-5689 5406
308 -716
-9211 -5849
-5038 -8391
2758 -1828
-5315 3503
1088 -7733
6938 -7282
-9959 8322
-7112 5303
-6319 -9643
7448 9265
4254 -5033
-2753 -4490
3521 -8522
6102 -6058
-4876 -6506
-5610 -8467
-8679 -9912
1322 -8173
-1024 -132
-7677 9768
6486 9259
-7431 6653
2767 -2642
1454 5757
-2123 -3936
-4405 -9386
-7086 5618
4962 -5926
-1735 -4501
-9464 -4844
5193 -2834
5853 -4433
9279 -8284
-7726 -724
561 7273
-9318 -4344
-4315 4271
-7425 -212
-5547 -5748
-9199 7669
-7129 -6480
-1030 -6968
-3286 -6395
-2119 5238
-4953 1356
-6129 -4246
-4937 6326
-2628 7083
-5236 4152
-5392 3622
-8435 -5959
-3961 -6666
-3335 8227
-3058 -3580
-7474 2535
6555 -3599
-4972 -3773
-3992 8322
4133 7897
-5413 2894
1487 -1101
7605 9225
6590 8937
-5719 6947
6118 -8868
-5519 -2950
-1149 -9448
281 -122
-7651 -3745
-1250 20
-7341 -5902
8478 9704
-2905 -9268
-4287 1554
1847 -6428
9767 -6505
-485 7206
2404 6522
-5149 -4758
5884 -5572
-7026 -9037
-6481 -2681
-9539 -1350
9227 8825
-1449 6882
-5641 -9357
1379 -8989
9225 -3833
-1320 -1935
3114 -9915
2790 7137
-105 6531
-8358 9435
-3374 -5491
-6807 3521
-2525 4551
-9880 2021
-4830 3935
-1008 -9152
-3575 -1130
3784 8192
5573 -4119
-1417 7171
-5146 5377
-4357 5694
-1040 -6651
4355 -5449
-4915 8824
7232 -3770
-931 8621
-8553 -7326
-8720 6477
-2997 745
-2622 -6548
6743 -8554
2912 8990
-6312 -4331
-7053 -7532
-4002 5665
-5390 -6270
4242 -3988
7643 9106
5320 -7381
-2155 -4558
-121 -2558
5044 7502
466 -8071
1128 8961
-4387 -5584
6996 -8247
-8864 -1147
-2466 6376
-3265 6044
1482 -2605
-8089 -6237
1799 -8442
-5741 -6821
-7966 -1973
-4842 -6853
-654 -7064
8648 -7421
340 -6449
9259 -4214
-6837 -6808
-5241 -3182
5782 7553
-5449 4198
9688 9958
971 -3638
-7868 -2867
-1034 -2654
-2276 -5369
-2278 -2214
7097 -5844
5830 7247
-2875 -3761
-8976 2474
-8255 -3788
3866 -8511
2940 8628
-7330 -8879
-2283 -8539
-4733 6582
9868 -7422
3203 -7674
-9002 -4563
-5110 -7514
-9220 -4041
-1054 -4147
7970 9342
-5175 9158
7777 -6171
-9183 6186
5690 7214
-1270 -4637
-7604 -6611
-7694 6390
-3273 -7838
9800 -5962
-6365 2463
781 -2762
-5568 3134
9410 -6742
-1945 -2772
-3149 -6067
1988 -1194
-9881 5897
-4988 -4478
-7682 8303
1935 -8268
-8195 1658
-9903 7540
6100 -7961
2758 -6717
-1607 -8904
-2076 -7440
-6299 7169
6828 -4248
-2799 7905
-178 -5898
-9261 2792
-3917 1178
-6501 -1510
-7463 8847
-7714 9558
674 -7995
-1444 6539
4030 8688
3483 -6436
-5555 -2215
-9861 1594
-2311 -2062
-6238 844
9162 -9228
-211 -2998
-7128 5422
-36 6086
-1409 -4295
-1495 -6521
-4394 -8658
4352 -3858
679 -6691
-1901 -2185
481 -2711
-2091 -9013
-679 -6926
900 -4925
-8673 4204
-2714 -1943
2097 -8867
2957 -6112
-7679 8942
-4006 -6344
-576 -2371
-3324 7990
-4969 -6228
-4914 -3570
-2832 -6071
-9928 4124
7281 -4491
7582 -8841
-105 -6036
-1666 -9391
-1241 -8535
-6764 -8807
1239 -468
-469 -6548
-4725 812
-8997 2346
-2901 -5725
-1473 5700
2731 -9034
-6580 1250
7861 9176
7594 -7087
6966 -8540
-9920 2670
-900 9380
2013 7994
-1548 -4899
-3446 -9799
-6307 -5225
-1080 -7006
-1301 -7131
-5608 -9157
-9832 -8724
-6185 -9571
-1678 8908
-2536 -2300
-5212 -4368
-5818 -8649
732 6511
-2912 406
-8011 -2835
2044 -1931
7732 -4680
-5147 9388
5396 -9107
4544 -7235
1398 -6681
-3189 -7460
-2403 4615
6440 -8297
8249 -8510
-522 -8331
5305 9715
-9459 -5124
-7233 -7999
-1080 5111
7064 -2884
-2904 6884
9274 -9265
-6276 1587
-5403 -421
-6906 -568
-6764 -6726
-2279 -8472
3753 8016
4180 -2683
-6625 6613
-5783 -2100
5602 -3591
1611 6665
4318 -2765
-2784 4199
1628 -1746
-818 230
-2578 9263
5155 9581
