22134
77330
183885
1248247
10125727
37842
123310
273585
1944943
15296311
52122
165110
372255
2583581
20897777
72114
215270
479895
3164161
24344833
90678
273790
614445
4035031
32100709
107814
328130
731055
4847843
37271293
127806
378290
856635
5602597
42441877
142086
440990
1000155
6589583
49335989
166362
499510
1080885
7286279
55368337
187782
562210
1215435
8041033
60538921
202062
612370
1376895
9028019
67433033
226338
691790
1511445
10073063
75188909
252042
750310
1645995
10827817
81652139
273462
813010
1780545
11640629
88115369
299166
879890
1933035
12569557
94578599
316302
938410
2049645
13382369
99749183
333438
1001110
2184195
14253239
107505059
359142
1063810
2336685
15182167
116553581
390558
1164130
2525055
16517501
123016811
411978
1226830
2659605
17388371
129480041
