5000
4 4 3 5000 2 
1 5000 
1 4 
3 11 6 5 
1 5000 
1 7 
1 8 
1 9 
1 10 
1 11 
3 5000 13 12 
1 5000 
1 14 
1 15 
2 5000 16 
2 5000 17 
1 18 
2 5000 19 
2 22 20 
1 21 
1 12 
2 5000 23 
2 5000 24 
2 25 5000 
2 5000 26 
3 40 27 5000 
3 39 30 28 
2 5000 29 
1 5000 
2 31 5000 
2 32 5000 
2 34 33 
1 5000 
2 38 35 
2 5000 36 
2 37 33 
1 5000 
1 39 
1 35 
2 43 41 
1 42 
1 43 
3 5000 95 44 
2 95 45 
1 46 
3 95 94 47 
1 48 
2 49 5000 
2 50 5000 
3 63 58 51 
1 52 
2 55 53 
2 54 5000 
1 5000 
3 56 5000 53 
2 57 5000 
1 5000 
1 59 
2 60 51 
1 61 
2 62 55 
2 5000 57 
3 69 62 64 
3 62 67 65 
1 66 
1 58 
2 62 68 
1 62 
2 88 70 
3 85 72 71 
1 62 
2 73 71 
2 74 62 
2 84 75 
1 76 
3 81 83 77 
3 78 5000 62 
2 80 79 
1 5000 
1 81 
2 5000 82 
1 79 
1 78 
1 81 
2 87 86 
1 72 
1 81 
2 89 5000 
2 93 90 
1 91 
1 92 
1 5000 
2 5000 90 
2 95 5000 
3 5000 97 96 
1 97 
2 5000 98 
2 5000 99 
2 5000 100 
2 5000 101 
3 5000 104 102 
2 103 5000 
1 104 
2 105 5000 
2 5000 106 
1 107 
3 5000 116 108 
2 114 109 
2 114 110 
1 111 
1 112 
2 114 113 
1 114 
2 116 115 
1 116 
2 117 5000 
2 5000 118 
1 119 
2 5000 120 
1 121 
1 122 
1 123 
2 124 5000 
2 125 5000 
3 131 130 126 
3 129 128 127 
1 5000 
1 127 
1 130 
1 131 
3 5000 132 127 
1 133 
2 137 134 
3 136 5000 135 
1 127 
1 5000 
2 138 136 
3 5000 141 139 
1 140 
1 5000 
3 5000 143 142 
1 143 
2 5000 144 
2 5000 145 
2 5000 146 
2 148 147 
2 148 5000 
3 5000 151 149 
1 150 
1 5000 
2 158 152 
3 156 155 153 
2 154 149 
1 150 
2 5000 150 
3 5000 155 157 
1 155 
2 159 156 
3 188 160 156 
2 182 161 
3 182 163 162 
1 156 
3 182 166 164 
1 165 
1 156 
2 173 167 
2 173 168 
3 171 169 5000 
1 170 
1 5000 
2 173 172 
1 170 
2 180 174 
2 175 172 
3 179 178 176 
2 178 177 
1 172 
2 170 177 
2 5000 170 
1 181 
1 5000 
1 183 
1 184 
1 185 
1 186 
2 188 187 
2 181 173 
3 191 189 181 
2 190 5000 
1 5000 
2 5000 192 
2 5000 193 
2 5000 194 
1 195 
2 196 190 
1 197 
1 198 
3 5000 200 199 
1 200 
3 5000 206 201 
1 202 
1 203 
2 205 204 
1 5000 
1 206 
2 207 204 
3 5000 208 204 
2 5000 209 
2 5000 210 
2 262 211 
2 224 212 
2 223 213 
1 214 
1 215 
3 217 216 204 
1 5000 
2 219 218 
2 219 5000 
3 5000 222 220 
2 5000 221 
1 5000 
1 5000 
1 217 
1 225 
2 230 226 
2 227 5000 
2 228 5000 
2 229 5000 
1 5000 
1 231 
1 232 
2 262 233 
2 262 234 
3 251 236 235 
1 228 
3 245 243 237 
2 238 235 
1 239 
2 241 240 
1 241 
1 242 
1 5000 
2 244 238 
1 245 
3 251 246 238 
3 251 248 247 
2 241 239 
2 5000 249 
3 5000 250 241 
1 5000 
2 252 5000 
3 254 5000 253 
1 5000 
3 260 256 255 
1 256 
3 259 258 257 
1 5000 
1 5000 
1 258 
1 261 
3 262 5000 259 
2 263 5000 
2 264 5000 
2 5000 265 
3 281 280 266 
3 279 269 267 
1 268 
2 269 5000 
2 275 270 
2 271 5000 
2 273 272 
1 273 
1 274 
1 5000 
2 277 276 
1 274 
2 278 274 
1 274 
1 269 
1 281 
1 282 
3 5000 283 274 
2 284 5000 
2 319 285 
3 319 287 286 
1 5000 
1 288 
1 289 
1 290 
2 296 291 
3 295 294 292 
1 293 
1 5000 
2 295 292 
1 293 
2 298 297 
1 298 
3 302 299 293 
1 300 
2 302 301 
1 302 
3 316 315 303 
1 304 
3 307 314 305 
1 306 
1 307 
2 5000 308 
2 5000 309 
3 311 310 5000 
1 5000 
2 312 5000 
1 313 
1 5000 
1 305 
1 307 
2 318 317 
1 307 
1 319 
2 5000 320 
3 345 322 321 
1 5000 
3 324 321 323 
1 321 
3 340 336 325 
3 5000 328 326 
2 327 5000 
1 5000 
2 329 5000 
3 334 333 330 
3 332 331 5000 
1 5000 
1 331 
2 334 331 
1 335 
1 5000 
3 338 325 337 
1 325 
1 339 
2 5000 325 
2 342 341 
1 336 
1 343 
3 344 336 341 
2 338 336 
1 346 
1 347 
3 354 352 348 
2 5000 349 
1 350 
2 351 338 
2 5000 338 
3 354 353 5000 
1 5000 
3 5000 356 355 
2 356 353 
2 5000 357 
3 5000 358 353 
2 360 359 
2 360 5000 
2 374 361 
3 373 370 362 
3 364 363 5000 
1 5000 
2 365 5000 
3 369 366 5000 
1 367 
1 368 
1 5000 
1 366 
2 5000 371 
1 372 
2 5000 364 
1 374 
2 5000 375 
2 5000 376 
2 5000 377 
1 378 
3 389 382 379 
1 380 
3 382 370 381 
1 370 
2 383 5000 
2 384 5000 
2 389 385 
2 386 5000 
2 388 387 
1 388 
1 389 
1 390 
2 5000 391 
3 411 406 392 
1 393 
3 401 395 394 
1 5000 
1 396 
1 397 
3 400 398 5000 
1 399 
1 5000 
1 398 
3 404 402 395 
1 403 
1 5000 
2 405 403 
1 5000 
1 407 
1 408 
2 410 409 
1 392 
3 411 401 409 
2 5000 412 
3 422 419 413 
1 414 
1 415 
2 417 416 
2 5000 404 
2 419 418 
1 416 
2 422 420 
1 421 
2 422 418 
1 423 
3 5000 433 424 
2 427 425 
1 426 
1 416 
2 429 428 
1 426 
1 430 
3 433 432 431 
1 5000 
2 433 431 
2 435 434 
1 431 
2 5000 436 
1 437 
2 439 438 
1 5000 
1 440 
1 441 
1 442 
1 443 
2 5000 444 
2 445 5000 
1 446 
2 451 447 
2 451 448 
2 450 449 
1 5000 
1 451 
3 5000 454 452 
1 453 
1 5000 
1 455 
2 456 5000 
2 457 5000 
2 458 5000 
2 462 459 
2 461 460 
2 461 5000 
2 462 5000 
1 463 
1 464 
1 465 
3 5000 467 466 
1 5000 
2 471 468 
2 469 5000 
2 471 470 
1 5000 
3 475 474 472 
1 473 
1 5000 
1 5000 
2 484 476 
3 484 478 477 
2 5000 474 
2 482 479 
1 480 
1 481 
1 477 
2 483 5000 
1 5000 
2 486 485 
1 5000 
2 5000 487 
2 489 488 
2 5000 485 
3 5000 493 490 
3 493 491 5000 
1 492 
1 5000 
3 505 494 5000 
1 495 
2 496 5000 
1 497 
3 504 502 498 
1 499 
1 500 
1 501 
2 502 5000 
2 5000 503 
1 5000 
1 502 
2 5000 506 
1 507 
2 510 508 
1 509 
1 497 
3 513 512 511 
1 502 
1 502 
2 515 514 
1 515 
1 516 
2 5000 517 
2 518 502 
1 519 
2 520 5000 
2 539 521 
2 523 522 
1 523 
2 524 5000 
3 539 526 525 
1 5000 
2 539 527 
2 534 528 
3 534 533 529 
1 530 
3 533 531 5000 
1 532 
1 5000 
1 5000 
1 535 
2 5000 536 
2 5000 537 
2 538 5000 
1 5000 
1 540 
1 541 
3 5000 543 542 
1 543 
2 5000 544 
3 5000 548 545 
3 547 546 535 
2 547 5000 
1 548 
3 554 549 5000 
3 553 551 550 
2 551 5000 
2 552 5000 
1 5000 
2 554 551 
2 555 5000 
2 5000 556 
2 557 5000 
1 558 
1 559 
2 5000 560 
2 561 5000 
3 5000 563 562 
1 5000 
2 5000 564 
1 565 
2 5000 566 
2 5000 567 
2 571 568 
2 569 5000 
1 570 
1 5000 
2 5000 572 
1 573 
2 575 574 
2 575 570 
2 579 576 
1 577 
1 578 
2 579 5000 
1 580 
2 626 581 
1 582 
3 585 584 583 
1 584 
1 585 
3 624 586 5000 
3 621 616 587 
1 588 
3 615 607 589 
1 590 
1 591 
1 592 
2 593 5000 
1 594 
2 595 5000 
1 596 
2 597 5000 
3 5000 606 598 
2 602 599 
2 601 600 
1 5000 
1 600 
1 603 
1 604 
1 605 
1 601 
2 5000 600 
3 615 612 608 
2 614 609 
2 611 610 
1 591 
2 613 612 
2 5000 597 
1 614 
1 612 
1 5000 
3 619 617 615 
2 618 5000 
1 5000 
1 620 
1 618 
1 622 
1 623 
1 618 
1 625 
1 626 
3 645 643 627 
2 633 628 
2 631 629 
2 630 618 
1 5000 
1 632 
1 633 
2 635 634 
1 635 
3 639 636 629 
2 639 637 
1 638 
1 630 
2 643 640 
3 643 641 5000 
3 643 5000 642 
1 5000 
1 644 
1 645 
2 5000 646 
2 650 647 
2 649 648 
1 649 
1 650 
2 5000 651 
3 654 652 5000 
2 653 5000 
1 654 
2 5000 655 
3 678 656 5000 
2 658 657 
1 5000 
3 677 660 659 
1 657 
2 661 5000 
3 675 673 662 
3 670 666 663 
2 664 5000 
2 5000 665 
1 5000 
2 664 667 
1 668 
1 669 
1 664 
2 671 5000 
1 672 
1 5000 
1 674 
1 675 
1 676 
1 677 
2 678 670 
2 5000 679 
1 680 
2 5000 681 
1 682 
2 683 672 
2 684 5000 
2 688 685 
2 686 5000 
2 687 5000 
1 688 
3 693 690 689 
1 5000 
2 692 691 
1 5000 
3 693 5000 691 
2 713 694 
3 713 707 695 
3 704 696 5000 
1 697 
2 699 698 
1 5000 
2 702 700 
2 701 5000 
1 5000 
2 5000 703 
1 701 
1 705 
2 706 702 
1 5000 
1 708 
1 709 
2 710 704 
3 713 5000 711 
1 712 
1 5000 
3 5000 717 714 
2 715 5000 
2 716 5000 
1 5000 
1 718 
2 5000 719 
2 720 5000 
2 721 5000 
2 5000 722 
2 725 723 
1 724 
1 725 
2 5000 726 
3 733 731 727 
2 728 5000 
2 730 729 
1 5000 
1 5000 
2 732 5000 
1 733 
2 5000 734 
2 5000 735 
1 736 
2 5000 737 
2 5000 738 
3 740 5000 739 
1 5000 
3 742 741 5000 
1 742 
2 5000 743 
2 745 744 
1 745 
3 751 746 5000 
2 750 747 
1 748 
1 749 
1 5000 
1 751 
1 752 
3 758 754 753 
1 754 
3 758 756 755 
1 5000 
1 757 
1 758 
3 5000 759 755 
2 760 755 
2 761 755 
3 815 762 5000 
2 764 763 
1 5000 
2 770 765 
2 770 766 
1 767 
2 768 763 
1 769 
1 5000 
2 812 771 
1 772 
2 775 773 
1 774 
1 769 
1 776 
2 781 777 
3 780 779 778 
1 5000 
2 780 778 
1 778 
1 782 
1 783 
2 807 784 
2 786 785 
1 777 
2 805 787 
3 805 802 788 
1 789 
3 801 5000 790 
2 796 791 
3 795 794 792 
2 793 5000 
2 794 5000 
1 5000 
1 794 
2 800 797 
1 798 
1 799 
1 5000 
1 5000 
1 5000 
2 811 803 
2 805 804 
2 5000 801 
2 806 804 
1 807 
3 5000 810 808 
2 809 5000 
1 5000 
1 808 
1 805 
2 814 813 
1 781 
1 815 
2 5000 816 
2 848 817 
3 848 818 5000 
2 821 819 
1 820 
1 821 
3 848 847 822 
3 843 824 823 
1 5000 
1 825 
3 838 836 826 
2 828 827 
2 5000 823 
2 829 5000 
2 833 830 
1 831 
1 832 
1 833 
2 834 5000 
2 835 5000 
1 5000 
1 837 
1 833 
1 839 
1 840 
3 842 841 834 
1 835 
1 841 
2 846 844 
1 845 
1 846 
2 847 5000 
2 848 5000 
3 5000 850 849 
2 850 5000 
1 851 
2 5000 852 
2 856 853 
3 856 855 854 
2 855 5000 
1 856 
1 857 
2 858 5000 
2 5000 859 
1 860 
2 867 861 
3 864 862 5000 
2 863 5000 
1 864 
1 865 
1 866 
2 867 5000 
2 5000 868 
2 5000 869 
2 870 5000 
3 5000 872 871 
1 872 
3 5000 875 873 
1 874 
1 875 
2 5000 876 
2 886 877 
2 885 878 
2 884 879 
2 881 880 
1 5000 
1 882 
1 883 
2 884 5000 
1 5000 
1 886 
2 912 887 
2 912 888 
3 912 889 884 
3 900 890 5000 
2 900 891 
2 893 892 
1 5000 
1 894 
2 896 895 
1 892 
2 899 897 
1 898 
2 892 895 
1 898 
1 901 
1 902 
2 912 903 
1 904 
2 912 905 
2 912 906 
2 908 907 
3 5000 892 898 
2 912 909 
3 911 5000 910 
1 907 
1 5000 
2 5000 913 
3 917 915 914 
1 911 
1 916 
1 917 
2 5000 918 
2 923 919 
2 923 920 
2 922 921 
1 922 
1 914 
1 924 
2 925 5000 
2 5000 926 
2 5000 927 
2 5000 928 
2 937 929 
2 930 5000 
2 937 931 
2 934 932 
1 933 
1 5000 
1 935 
1 936 
1 5000 
2 938 935 
3 964 940 939 
1 936 
1 941 
3 964 958 942 
3 957 952 943 
2 945 944 
1 5000 
2 947 946 
1 944 
2 951 948 
1 949 
1 950 
2 951 5000 
1 5000 
2 954 953 
1 954 
1 955 
1 956 
1 5000 
1 952 
3 964 963 959 
1 960 
2 961 954 
1 962 
1 954 
1 961 
2 5000 965 
2 5000 966 
1 967 
1 968 
3 979 969 962 
2 970 962 
2 972 971 
2 956 954 
3 978 977 973 
1 974 
1 975 
1 976 
1 5000 
1 5000 
1 5000 
2 5000 980 
2 5000 981 
3 5000 983 982 
1 5000 
3 990 984 5000 
3 989 5000 985 
3 987 5000 986 
1 5000 
1 988 
1 5000 
1 5000 
3 991 5000 989 
3 993 992 5000 
1 5000 
2 997 994 
2 996 995 
1 992 
1 997 
2 5000 998 
2 5000 999 
3 5000 1000 995 
2 5000 1001 
3 5000 1004 1002 
2 1003 992 
1 992 
3 1012 1005 5000 
2 1007 1006 
1 5000 
2 1012 1008 
2 1010 1009 
2 1010 5000 
2 1012 1011 
2 1012 5000 
2 1013 5000 
2 1014 5000 
1 1015 
3 5000 1021 1016 
3 1020 1019 1017 
2 1019 1018 
1 5000 
1 1020 
1 1021 
1 1022 
2 1047 1023 
3 1025 1024 5000 
1 5000 
2 1047 1026 
3 1029 1027 1024 
1 1028 
1 1024 
2 1047 1030 
2 1045 1031 
2 1045 1032 
3 1038 1033 1027 
1 1034 
1 1035 
1 1036 
2 1037 1028 
1 1038 
2 1045 1039 
3 1041 1044 1040 
1 1041 
2 5000 1042 
1 1043 
1 1028 
1 1041 
2 1047 1046 
2 1047 1041 
2 5000 1048 
2 1049 5000 
3 5000 1052 1050 
2 1051 5000 
1 5000 
2 5000 1053 
3 1055 5000 1054 
1 1051 
2 1056 5000 
1 1057 
1 1058 
2 1063 1059 
2 1062 1060 
1 1061 
1 1062 
1 1063 
3 5000 1070 1064 
2 1066 1065 
1 5000 
1 1067 
1 1068 
2 1070 1069 
1 1065 
2 1072 1071 
2 5000 1069 
3 1081 1073 1071 
1 1074 
2 1081 1075 
2 1080 1076 
1 1077 
2 1078 1071 
2 1079 1071 
2 1080 5000 
1 5000 
2 5000 1082 
3 1084 1083 5000 
1 5000 
2 1085 1083 
2 1087 1086 
1 1087 
2 5000 1088 
3 5000 1107 1089 
2 1107 1090 
3 1099 1091 5000 
2 1092 5000 
1 1093 
2 1094 5000 
2 1098 1095 
2 1096 5000 
1 1097 
1 5000 
1 1097 
3 1107 1101 1100 
2 5000 1094 
2 1107 1102 
2 1106 1103 
2 1105 1104 
1 1105 
1 1106 
2 1107 5000 
2 5000 1108 
3 1111 1109 5000 
2 5000 1110 
1 5000 
2 5000 1112 
2 1118 1113 
3 1117 1116 1114 
2 1115 1109 
2 5000 1109 
1 1117 
1 1115 
3 1140 1119 5000 
2 1140 1120 
1 1121 
2 1123 1122 
1 5000 
2 1140 1124 
2 1126 1125 
1 1126 
2 1130 1127 
2 1128 5000 
1 1129 
2 1130 5000 
2 1140 1131 
1 1132 
1 1133 
2 1138 1134 
1 1135 
3 1137 5000 1136 
1 5000 
1 1138 
1 1139 
1 5000 
3 5000 1142 1141 
1 5000 
1 1143 
2 1152 1144 
1 1145 
3 1151 1150 1146 
2 5000 1147 
2 1149 1148 
2 1149 1141 
1 5000 
1 5000 
1 5000 
2 1154 1153 
2 1154 5000 
2 1156 1155 
1 5000 
2 5000 1157 
2 5000 1158 
2 1159 5000 
3 5000 1161 1160 
1 5000 
3 5000 1163 1162 
1 5000 
2 1166 1164 
2 5000 1165 
1 5000 
2 1167 1164 
2 1170 1168 
2 1170 1169 
1 5000 
2 1171 5000 
2 5000 1172 
2 1173 5000 
2 1174 5000 
2 1175 5000 
2 1176 5000 
1 1177 
1 1178 
2 5000 1179 
2 1180 5000 
3 1222 1217 1181 
2 1212 1182 
2 1204 1183 
3 1202 1191 1184 
3 1188 1186 1185 
1 1186 
2 1187 5000 
1 5000 
2 1189 1186 
1 1190 
1 1191 
1 1192 
2 1196 1193 
1 1194 
1 1195 
2 5000 1186 
3 5000 1197 1194 
2 1200 1198 
2 1200 1199 
1 1195 
1 1201 
2 5000 1199 
2 1203 1192 
1 1196 
2 1209 1205 
2 1208 1206 
2 1208 1207 
1 1203 
3 5000 1196 1203 
3 1212 1210 5000 
1 1211 
1 5000 
1 1213 
2 1215 1214 
1 1215 
2 1216 5000 
1 5000 
2 1219 1218 
2 1215 1181 
2 1220 1215 
1 1221 
3 1222 5000 1216 
2 1224 1223 
1 5000 
2 1283 1225 
2 1227 1226 
1 1223 
3 1282 1231 1228 
1 1229 
1 1230 
2 1231 1223 
2 1281 1232 
2 1278 1233 
2 1250 1234 
2 1249 1235 
2 1243 1236 
2 1240 1237 
1 1238 
1 1239 
1 5000 
1 1241 
1 1242 
2 5000 1239 
1 1244 
3 1247 1245 1241 
1 1246 
1 1242 
3 1249 1248 5000 
1 5000 
1 1248 
3 1275 1263 1251 
1 1252 
2 1262 1253 
1 1254 
1 1255 
2 5000 1256 
3 1260 1261 1257 
3 1259 5000 1258 
2 1249 1234 
2 1260 5000 
1 5000 
2 1260 1259 
1 1254 
3 1267 1265 1264 
1 5000 
2 1267 1266 
1 5000 
3 5000 1274 1268 
3 1271 5000 1269 
2 1270 5000 
1 5000 
2 1273 1272 
2 1273 5000 
1 5000 
1 5000 
2 1276 1263 
1 1277 
2 5000 1267 
1 1279 
1 1280 
2 5000 1276 
2 1282 1279 
1 1283 
2 5000 1284 
2 5000 1285 
2 5000 1286 
2 5000 1287 
2 1313 1288 
2 1289 1279 
2 1313 1290 
2 5000 1291 
3 1307 1312 1292 
3 1309 1308 1293 
2 1294 5000 
2 1301 1295 
1 1296 
1 1297 
1 1298 
2 1299 5000 
1 1300 
1 5000 
2 1302 5000 
1 1303 
2 1307 1304 
2 1306 1305 
1 5000 
1 5000 
1 1306 
1 1294 
1 1310 
2 1302 1311 
2 1294 1308 
1 1292 
2 5000 1314 
3 5000 1316 1315 
1 1290 
1 1317 
2 1318 5000 
3 5000 1338 1319 
2 1337 1320 
2 1321 5000 
2 1336 1322 
1 1323 
2 1329 1324 
1 1325 
1 1326 
1 1327 
1 1328 
2 1329 5000 
2 1331 1330 
1 5000 
1 1332 
2 1333 1330 
1 1334 
1 1335 
1 1330 
1 1337 
1 1338 
2 5000 1339 
1 1340 
3 5000 1344 1341 
2 1344 1342 
2 1344 1343 
2 1344 5000 
3 1357 1345 5000 
2 1347 1346 
1 5000 
2 1348 5000 
2 1357 1349 
3 1352 1351 1350 
1 5000 
1 5000 
2 1356 1353 
3 1356 1355 1354 
1 5000 
1 1354 
1 1357 
3 5000 1361 1358 
1 1359 
2 5000 1360 
1 5000 
2 5000 1362 
2 1365 1363 
2 1359 1364 
2 1359 1358 
2 1376 1366 
2 1376 1367 
3 1376 1370 1368 
2 1370 1369 
1 1370 
1 1371 
1 1372 
2 1374 1373 
2 5000 1359 
1 1375 
1 1373 
2 5000 1377 
3 5000 1417 1378 
3 1415 1412 1379 
2 1403 1380 
3 1399 1388 1381 
3 1386 1384 1382 
2 1383 1370 
1 5000 
1 1385 
1 5000 
1 1387 
1 1385 
2 1390 1389 
1 1381 
2 1400 1391 
1 1392 
1 1393 
2 1399 1394 
3 5000 1395 1387 
3 1398 1396 1385 
1 1397 
1 5000 
1 1397 
2 5000 1394 
1 1401 
1 1402 
1 1399 
1 1404 
2 5000 1405 
2 1408 1406 
2 1410 1407 
2 1408 1380 
1 1409 
1 5000 
1 1411 
1 1407 
1 1413 
2 1415 1414 
1 1403 
2 1416 1403 
1 1417 
2 5000 1418 
2 1425 1419 
2 1423 1420 
1 1421 
2 1423 1422 
2 5000 1403 
1 1424 
1 5000 
2 5000 1426 
2 5000 1427 
2 5000 1428 
2 1429 1423 
1 1430 
2 5000 1431 
3 1442 1434 1432 
1 1433 
1 1423 
3 1441 1438 1435 
3 1437 1436 1433 
2 1423 1433 
1 5000 
1 1439 
1 1440 
1 5000 
2 1442 1440 
3 5000 1444 1443 
1 1444 
2 5000 1445 
2 1448 1446 
1 1447 
3 1448 5000 1440 
2 5000 1449 
2 1450 5000 
2 1451 5000 
3 5000 1457 1452 
3 1455 1453 5000 
1 1454 
1 5000 
1 1456 
1 1454 
2 1458 1454 
2 1472 1459 
1 1460 
2 1465 1461 
2 1464 1462 
1 1463 
1 5000 
1 1463 
2 1470 1466 
3 1469 1467 1461 
1 1468 
1 5000 
1 1468 
1 1471 
1 1472 
1 1473 
2 5000 1474 
2 1477 1475 
2 1477 1476 
1 1477 
3 5000 1480 1478 
1 1479 
1 5000 
3 1490 1482 1481 
3 5000 1479 1478 
2 1483 1481 
2 1485 1484 
1 1481 
3 1489 1487 1486 
1 1481 
2 5000 1488 
1 1486 
1 1490 
2 5000 1491 
2 1493 1492 
1 5000 
2 5000 1494 
2 1495 1492 
3 1500 1499 1496 
2 1498 1497 
2 1498 1492 
1 1499 
2 1500 5000 
2 5000 1501 
1 1502 
3 5000 1504 1503 
1 5000 
3 5000 1511 1505 
2 1507 1506 
1 1503 
1 1508 
1 1509 
2 1511 1510 
2 1511 1503 
3 1514 1513 1512 
1 1503 
1 1514 
2 1541 1515 
2 1516 1512 
1 1517 
1 1518 
3 1531 1520 1519 
1 5000 
3 1530 1521 5000 
2 1529 1522 
1 1523 
1 1524 
2 1525 5000 
1 1526 
1 1527 
2 1528 5000 
1 5000 
2 1528 1523 
1 1531 
3 1533 1521 1532 
1 1521 
3 1541 1534 1521 
3 1540 1539 1535 
1 1536 
1 1537 
1 1538 
1 5000 
1 5000 
1 5000 
2 5000 1542 
3 1558 1545 1543 
1 1544 
1 5000 
1 1546 
3 1556 1555 1547 
2 1548 1544 
1 1549 
3 5000 1550 1544 
1 1551 
2 5000 1552 
1 1553 
2 1554 5000 
1 5000 
1 1548 
2 1557 5000 
1 1558 
2 5000 1559 
1 1560 
2 1566 1561 
3 1565 1562 5000 
2 1563 5000 
2 1564 5000 
1 1565 
2 1566 5000 
2 5000 1567 
2 5000 1568 
3 5000 1570 1569 
2 1570 5000 
3 5000 1573 1571 
1 1572 
1 5000 
1 1574 
2 1577 1575 
1 1576 
2 1577 5000 
3 5000 1600 1578 
2 1589 1579 
2 1580 5000 
2 1581 5000 
2 1582 5000 
1 1583 
2 1584 5000 
3 1586 5000 1585 
1 5000 
2 1588 1587 
1 1588 
1 5000 
2 1600 1590 
1 1591 
2 1592 1582 
3 1600 1594 1593 
1 1594 
3 1598 1596 1595 
1 5000 
1 1597 
1 5000 
2 1599 1596 
1 1600 
2 5000 1601 
2 1602 1597 
1 1603 
2 5000 1604 
3 5000 1608 1605 
1 1606 
1 1607 
1 1608 
3 5000 1610 1609 
1 5000 
2 1611 5000 
2 1612 5000 
3 1617 1613 5000 
2 1617 1614 
2 1617 1615 
2 1617 1616 
1 1617 
2 5000 1618 
2 1638 1619 
2 1638 1620 
3 1635 1621 5000 
2 1625 1622 
1 1623 
1 1624 
1 5000 
3 1635 1627 1626 
1 5000 
2 1629 1628 
1 1626 
2 1635 1630 
2 1634 1631 
1 1632 
1 1633 
1 1626 
1 1631 
3 1637 1636 1634 
2 5000 1634 
2 1638 5000 
2 5000 1639 
1 1640 
1 1641 
1 1642 
2 1646 1643 
2 1646 1644 
1 1645 
1 1646 
3 1648 1647 5000 
1 1648 
3 5000 1655 1649 
3 1655 5000 1650 
2 1651 5000 
1 1652 
2 1653 5000 
2 1654 5000 
1 5000 
3 1657 1656 5000 
1 5000 
2 1673 1658 
3 1660 1659 1656 
1 1656 
2 1661 5000 
2 1664 1662 
2 1663 5000 
1 5000 
2 1673 1665 
2 1673 1666 
2 1673 1667 
2 1669 1668 
1 1669 
1 1670 
2 1671 5000 
1 1672 
2 1673 5000 
2 5000 1674 
3 1713 1698 1675 
2 1683 1676 
3 1680 5000 1677 
2 1678 5000 
2 1679 5000 
1 5000 
3 1682 1681 5000 
1 5000 
1 5000 
3 5000 1684 1676 
3 5000 1696 1685 
3 1686 1680 1676 
2 1688 1687 
2 1682 1680 
2 1690 1689 
1 1682 
2 1691 1689 
3 1692 5000 1689 
2 1695 1693 
1 1694 
2 1695 5000 
1 5000 
1 1697 
1 1688 
3 1713 1711 1699 
3 1704 1702 1700 
2 1702 1701 
2 1702 1683 
2 5000 1703 
1 1683 
2 1706 1705 
1 1706 
1 1707 
2 1711 1708 
3 1711 1709 1702 
3 1710 5000 1702 
1 1711 
3 1713 1712 5000 
1 1713 
2 5000 1714 
2 1716 1715 
1 1716 
1 1717 
2 1725 1718 
3 1720 1719 5000 
1 5000 
3 1724 1721 1719 
2 1722 5000 
2 1724 1723 
2 1724 5000 
1 1725 
2 5000 1726 
2 5000 1727 
2 1728 5000 
1 1729 
2 5000 1730 
2 1732 1731 
1 5000 
2 5000 1733 
3 5000 1734 1731 
2 5000 1735 
2 1736 1731 
2 5000 1737 
3 1746 1745 1738 
3 1741 1731 1739 
1 1740 
1 1731 
2 1742 5000 
3 1745 1744 1743 
1 5000 
2 1745 1743 
1 5000 
3 5000 1748 1747 
1 1745 
2 1749 1747 
3 5000 1754 1750 
1 1751 
3 1752 5000 1745 
3 1754 1753 5000 
1 5000 
1 1755 
1 1756 
1 1757 
3 1763 1758 1753 
2 1760 1759 
1 5000 
3 1763 1762 1761 
1 5000 
1 1763 
2 1764 1761 
2 5000 1765 
2 1766 5000 
2 5000 1767 
2 1777 1768 
3 1777 1776 1769 
2 1775 1770 
1 1771 
1 1772 
1 1773 
2 1774 5000 
1 5000 
1 5000 
1 1769 
3 1783 1779 1778 
1 1779 
3 1781 1769 1780 
1 1769 
1 1782 
1 1783 
1 1784 
2 5000 1785 
2 1786 5000 
3 1801 1798 1787 
3 5000 1797 1788 
2 1793 1789 
2 1792 1790 
1 1791 
2 1792 5000 
1 5000 
2 1795 1794 
2 1795 5000 
2 1796 5000 
1 1797 
1 5000 
2 1800 1799 
1 5000 
1 1801 
2 1803 1802 
1 1803 
2 5000 1804 
3 1808 1807 1805 
1 1806 
1 1799 
2 1808 1806 
3 5000 1835 1809 
1 1810 
2 1811 1806 
3 1823 1816 1812 
2 1813 1799 
2 1815 1814 
1 1815 
1 5000 
3 1818 1817 1813 
1 1818 
2 1819 5000 
2 1821 1820 
1 5000 
1 1822 
1 1820 
2 1825 1824 
2 1821 1816 
3 1835 1833 1826 
1 1827 
2 1829 1828 
1 1820 
2 1830 1820 
1 1831 
1 1832 
1 1820 
2 1835 1834 
1 1835 
2 1843 1836 
1 1837 
3 1842 5000 1838 
2 1841 1839 
1 1840 
1 1841 
1 5000 
2 1843 5000 
2 1845 1844 
1 1845 
2 5000 1846 
2 1851 1847 
2 1850 1848 
2 1849 5000 
1 5000 
1 5000 
3 1857 1853 1852 
1 5000 
2 1854 5000 
2 1855 5000 
1 1856 
1 5000 
1 1858 
1 1859 
1 1860 
3 5000 1865 1861 
2 1864 1862 
2 1864 1863 
1 5000 
2 1865 5000 
2 1866 5000 
2 1872 1867 
1 1868 
2 1871 1869 
1 1870 
1 5000 
2 1872 1870 
1 1873 
2 1911 1874 
2 1875 5000 
3 1880 1876 5000 
2 1877 5000 
3 1880 1879 1878 
1 5000 
2 1880 1878 
3 1885 1881 1878 
1 1882 
1 1883 
3 1885 1884 1878 
1 5000 
2 1899 1886 
1 1887 
2 1888 1884 
2 1897 1889 
2 1890 1884 
3 1892 1891 5000 
2 1892 5000 
2 1893 5000 
1 1894 
3 5000 1896 1895 
1 1896 
1 5000 
1 1898 
1 1899 
2 1910 1900 
3 5000 1909 1901 
1 1902 
3 1909 1903 1890 
2 1905 1904 
1 1905 
3 1908 1907 1906 
2 1892 1890 
1 1892 
2 1909 5000 
1 5000 
1 1911 
2 5000 1912 
2 5000 1913 
1 1914 
2 5000 1915 
2 1932 1916 
1 1917 
1 1918 
3 1923 1920 1919 
1 5000 
2 1922 1921 
2 1922 5000 
2 1923 5000 
1 1924 
2 1926 1925 
1 5000 
1 1927 
2 1928 1925 
2 1929 5000 
3 1931 1930 5000 
2 1931 5000 
1 5000 
2 5000 1933 
1 1934 
2 5000 1935 
3 5000 1937 1936 
1 1937 
2 5000 1938 
2 5000 1939 
2 5000 1940 
2 1942 1941 
1 1917 
3 1945 1944 1943 
2 5000 1928 
1 1945 
2 5000 1946 
2 1947 5000 
2 1956 1948 
1 1949 
2 1956 1950 
3 1952 1951 5000 
2 1952 5000 
2 1956 1953 
1 1954 
2 1955 5000 
1 5000 
3 5000 1969 1957 
2 1959 1958 
2 5000 1953 
2 1969 1960 
2 1961 1958 
2 1969 1962 
1 1963 
1 1964 
3 1969 1966 1965 
1 1966 
1 1967 
2 1969 1968 
1 1969 
2 5000 1970 
2 5000 1971 
1 1972 
3 5000 1974 1973 
1 5000 
2 5000 1975 
2 5000 1976 
2 1984 1977 
3 1984 1978 5000 
3 1982 1981 1979 
1 1980 
1 5000 
1 1980 
1 1983 
1 1981 
2 5000 1985 
2 1986 5000 
2 1987 5000 
3 5000 1991 1988 
3 1990 1989 5000 
1 5000 
2 5000 1989 
3 5000 2007 1992 
2 2007 1993 
2 2001 1994 
3 2000 1995 5000 
2 1996 5000 
2 1997 5000 
1 1998 
1 1999 
1 5000 
1 1995 
2 2007 2002 
2 2003 1996 
1 2004 
1 2005 
1 2006 
2 2007 1996 
2 5000 2008 
3 2015 2014 2009 
2 2010 1996 
1 2011 
2 5000 2012 
1 2013 
1 1996 
1 2011 
2 2018 2016 
2 5000 2017 
1 5000 
3 2020 2019 5000 
1 5000 
2 2022 2021 
2 5000 2019 
3 5000 2023 2021 
1 2024 
1 2025 
3 2049 2028 2026 
1 2027 
1 2021 
1 2029 
1 2030 
2 2044 2031 
2 2034 2032 
1 2033 
1 2021 
3 2035 5000 2021 
1 2036 
2 2038 2037 
1 5000 
3 2044 2039 2037 
2 2040 5000 
2 2043 2041 
1 2042 
2 2043 5000 
1 5000 
3 2048 2045 2039 
2 2048 2046 
1 2047 
1 2048 
1 2049 
3 5000 2052 2050 
2 2052 2051 
1 2052 
2 2053 2040 
3 5000 2055 2054 
1 5000 
2 2070 2056 
3 5000 2065 2057 
2 2064 2058 
2 2060 2059 
1 5000 
2 2062 2061 
2 2062 5000 
2 5000 2063 
1 5000 
1 2058 
3 2067 2066 2062 
1 2062 
2 2069 2068 
1 2069 
1 5000 
1 2071 
3 2073 2072 5000 
1 5000 
2 5000 2074 
2 2087 2075 
1 2076 
1 2077 
2 2084 2078 
2 2079 5000 
1 2080 
3 2082 5000 2081 
1 5000 
1 2083 
1 5000 
2 2085 5000 
1 2086 
1 5000 
2 5000 2088 
3 5000 2090 2089 
1 2090 
2 5000 2091 
3 5000 2092 2086 
3 2094 2093 2086 
1 5000 
1 2095 
3 5000 2138 2096 
3 2105 2097 5000 
2 2099 2098 
1 5000 
2 2101 2100 
1 2098 
2 2102 5000 
2 5000 2103 
2 5000 2104 
1 5000 
1 2106 
2 5000 2107 
2 2108 5000 
3 2112 2110 2109 
1 5000 
2 2111 2109 
2 5000 2109 
1 2113 
2 2137 2114 
2 2121 2115 
2 2116 2110 
3 2117 2111 2110 
2 2118 5000 
2 2120 2119 
1 2120 
1 5000 
3 2124 2123 2122 
2 2117 2115 
1 2118 
3 2125 2120 2123 
2 2134 2126 
1 2127 
3 2136 2132 2128 
3 5000 2131 2129 
2 2131 2130 
1 2131 
1 5000 
1 2133 
1 2134 
1 2135 
1 5000 
1 2134 
1 2125 
1 2139 
2 2158 2140 
1 2141 
3 2142 5000 2105 
3 2151 2143 5000 
1 2144 
1 2145 
1 2146 
3 2149 2148 2147 
1 5000 
1 5000 
2 5000 2150 
1 5000 
3 2156 2152 5000 
2 2153 5000 
1 2154 
2 2155 5000 
1 5000 
2 2157 2154 
1 2154 
2 5000 2159 
2 5000 2160 
2 2161 2141 
3 2162 2156 2151 
3 2238 2232 2163 
2 2173 2164 
2 2167 2165 
1 2166 
1 5000 
2 2170 2168 
1 2169 
1 2166 
2 2171 5000 
2 5000 2172 
1 5000 
2 2232 2174 
2 5000 2175 
2 2231 2176 
3 2200 2185 2177 
2 2178 2171 
1 2179 
1 2180 
2 2184 2181 
3 2184 2182 2171 
1 2183 
1 2171 
2 5000 2182 
2 2199 2186 
3 2199 2187 2179 
1 2188 
3 2192 2189 2184 
2 2191 2190 
1 2184 
1 2184 
2 2194 2193 
2 5000 2184 
3 2196 2195 5000 
1 5000 
2 2197 5000 
2 2199 2198 
1 5000 
1 2198 
3 2230 2211 2201 
1 2202 
3 2211 2209 2203 
2 2208 2204 
2 2205 2199 
2 5000 2206 
2 5000 2207 
1 5000 
1 2204 
1 2210 
1 5000 
2 2229 2212 
1 2213 
3 2229 2216 2214 
1 2215 
2 5000 2209 
3 2219 2217 5000 
2 2218 5000 
1 5000 
3 5000 2223 2220 
1 2221 
1 2222 
1 2217 
2 2228 2224 
1 2225 
2 2227 2226 
2 2222 2220 
1 2222 
1 5000 
2 5000 2216 
1 2231 
1 2211 
3 2235 2233 5000 
2 2234 5000 
1 5000 
1 2236 
2 2238 2237 
2 2234 2233 
2 5000 2239 
3 2241 2240 2234 
1 2241 
3 2244 2242 2234 
2 2243 5000 
1 5000 
2 5000 2245 
2 2246 5000 
2 5000 2247 
2 2250 2248 
2 2250 2249 
1 5000 
2 5000 2251 
2 2261 2252 
1 2253 
1 2254 
2 2261 2255 
1 2256 
1 2257 
2 2258 5000 
2 2260 2259 
1 5000 
1 5000 
3 2274 2262 2255 
2 2264 2263 
2 2258 2255 
2 2265 2260 
2 2267 2266 
2 5000 2260 
2 2274 2268 
2 2271 2269 
1 2270 
1 2266 
2 2274 2272 
3 2274 2273 2270 
1 5000 
2 5000 2275 
2 5000 2276 
2 2281 2277 
1 2278 
1 2279 
1 2280 
1 2273 
1 2282 
1 2283 
2 5000 2284 
3 2286 2285 2280 
1 5000 
2 2287 5000 
1 2288 
3 2292 2289 5000 
1 2290 
2 2292 2291 
1 5000 
2 5000 2293 
2 2294 5000 
1 2295 
2 2313 2296 
3 2310 2300 2297 
1 2298 
2 2299 5000 
1 5000 
3 2309 2302 2301 
1 2298 
2 2305 2303 
2 2304 5000 
1 5000 
1 2306 
2 5000 2307 
2 2308 5000 
1 5000 
1 2310 
2 2313 2311 
1 2312 
1 2305 
2 2346 2314 
2 2315 2305 
2 2316 2306 
2 2320 2317 
1 2318 
1 2319 
1 5000 
1 2321 
3 2324 2322 2317 
1 2323 
1 2324 
3 2346 2344 2325 
3 2328 2327 2326 
2 2319 2318 
1 2319 
3 2337 2336 2329 
3 2334 2331 2330 
1 2319 
2 2333 2332 
1 2330 
1 5000 
1 2335 
1 2331 
1 2337 
2 2340 2338 
2 2339 2331 
1 5000 
3 2343 2341 5000 
2 2342 5000 
1 2343 
1 2344 
3 2346 2345 5000 
1 5000 
2 5000 2347 
2 5000 2348 
3 2350 2349 2345 
1 5000 
1 2351 
2 2353 2352 
1 2353 
2 5000 2354 
2 2366 2355 
3 2365 2356 2349 
1 2357 
2 2361 2358 
1 2359 
1 2360 
1 5000 
1 2362 
1 2363 
1 2364 
1 2359 
1 2366 
2 2432 2367 
3 2432 2369 2368 
2 2369 2359 
2 2432 2370 
2 2373 2371 
3 2373 2360 2372 
1 2359 
2 2432 2374 
2 2418 2375 
1 2376 
1 2377 
3 2379 2378 5000 
1 2379 
2 2418 2380 
1 2381 
2 2382 5000 
2 2384 2383 
1 5000 
2 2418 2385 
2 2386 5000 
2 2417 2387 
3 2417 2412 2388 
2 2405 2389 
3 5000 2393 2390 
2 2393 2391 
1 2392 
1 5000 
3 2397 2394 5000 
1 2395 
1 2396 
1 5000 
3 2403 2398 2395 
2 2399 5000 
2 2401 2400 
1 5000 
3 2404 2402 2400 
1 2403 
1 5000 
1 2402 
2 5000 2406 
2 5000 2407 
3 2410 2408 2389 
1 2409 
2 2411 2410 
1 5000 
1 2410 
3 2414 5000 2413 
1 2405 
1 2415 
2 2416 5000 
1 5000 
2 2418 2416 
2 2432 2419 
3 2432 2431 2420 
2 2430 2421 
3 2426 2424 2422 
2 2423 5000 
1 5000 
1 2425 
1 5000 
2 2427 5000 
1 2428 
2 2429 5000 
1 5000 
1 2431 
1 2432 
2 5000 2433 
2 5000 2434 
3 2455 2454 2435 
3 2454 2447 2436 
2 2437 2429 
2 2447 2438 
2 2439 5000 
1 2440 
2 2445 2441 
1 2442 
2 2443 5000 
2 2445 2444 
1 5000 
2 2447 2446 
1 5000 
2 2449 2448 
1 5000 
1 2450 
3 2453 2448 2451 
1 2452 
1 2448 
2 2454 2448 
1 2455 
2 2456 5000 
2 2458 2457 
1 5000 
2 5000 2459 
2 2463 2460 
2 2463 2461 
2 2463 2462 
1 2457 
2 5000 2464 
1 2465 
2 2476 2466 
3 2475 2469 2467 
2 2469 2468 
1 5000 
2 2470 2468 
2 5000 2471 
3 5000 2473 2472 
1 2468 
1 2474 
1 2472 
1 5000 
1 2477 
2 2478 2475 
2 2483 2479 
2 2483 2480 
2 5000 2481 
1 2482 
1 2475 
2 5000 2484 
2 5000 2485 
2 5000 2486 
2 2507 2487 
3 2498 2495 2488 
1 2489 
3 2490 5000 2480 
2 2494 2491 
2 2493 2492 
1 5000 
1 2492 
1 5000 
1 2496 
2 2497 2490 
1 5000 
2 2502 2499 
3 2502 2501 2500 
1 5000 
1 2500 
2 2507 2503 
2 2506 2504 
2 5000 2505 
1 2500 
1 2504 
1 2508 
2 5000 2509 
2 5000 2510 
3 2514 2511 2506 
2 2514 2512 
1 2513 
1 2514 
1 2515 
2 5000 2516 
2 2519 2517 
2 5000 2518 
2 5000 2506 
3 2521 5000 2520 
2 5000 2517 
2 2540 2522 
3 2529 2528 2523 
2 2524 5000 
2 2527 2525 
1 2526 
1 5000 
1 5000 
1 2523 
2 2530 2527 
3 2538 2537 2531 
2 2536 2532 
1 2533 
2 5000 2534 
2 5000 2535 
1 5000 
1 2532 
2 2538 5000 
1 2539 
1 2540 
3 5000 2547 2541 
2 2547 2542 
2 2545 2543 
2 2544 5000 
1 2545 
3 2547 2546 5000 
1 5000 
2 5000 2548 
3 5000 2549 2546 
2 5000 2550 
2 2551 5000 
2 5000 2552 
3 2601 2555 2553 
1 2554 
1 5000 
2 2557 2556 
1 2557 
3 2601 2558 2554 
3 2562 2560 2559 
1 2554 
1 2561 
1 2562 
3 2601 2565 2563 
2 5000 2564 
1 2554 
2 2601 2566 
2 2590 2567 
3 2589 2568 5000 
3 2582 2587 2569 
1 2570 
2 2571 5000 
2 2587 2572 
2 2586 2573 
3 2586 2585 2574 
3 2585 2583 2575 
2 2576 5000 
2 2577 5000 
2 2581 2578 
2 2579 5000 
1 2580 
1 5000 
2 2582 5000 
1 5000 
2 2585 2584 
1 2581 
1 2581 
2 2582 2585 
2 2588 2582 
1 2582 
1 2582 
3 2600 2598 2591 
3 2597 2596 2592 
1 2593 
2 5000 2594 
2 2595 2589 
1 2589 
1 2592 
1 2598 
1 2599 
2 2600 5000 
1 2601 
2 5000 2602 
3 2604 5000 2603 
1 5000 
2 2605 5000 
3 5000 2607 2606 
1 2607 
2 5000 2608 
2 2615 2609 
2 2614 2610 
1 2611 
2 2614 2612 
1 2613 
1 5000 
1 2615 
1 2616 
3 5000 2617 2613 
3 2620 2619 2618 
1 5000 
1 2618 
3 5000 2622 2621 
2 5000 2619 
1 2623 
2 5000 2624 
2 2625 2621 
1 2626 
1 2627 
2 5000 2628 
1 2629 
3 2656 2653 2630 
3 2633 2631 2621 
3 2632 5000 2621 
1 2633 
1 2634 
3 2652 2639 2635 
1 2636 
2 2637 5000 
1 2638 
1 5000 
1 2640 
2 5000 2641 
1 2642 
1 2643 
3 2646 2644 2635 
2 2637 2645 
1 2637 
2 2651 2647 
2 5000 2648 
1 2649 
2 5000 2650 
1 5000 
1 5000 
1 2653 
2 2655 2654 
1 2640 
2 2656 5000 
2 2702 2657 
1 2658 
2 2700 2659 
2 2700 2660 
1 2661 
1 2662 
1 2663 
3 2697 2686 2664 
3 2685 2666 2665 
1 5000 
1 2667 
2 2684 2668 
3 2670 2669 5000 
1 5000 
1 2671 
3 2677 2675 2672 
3 2676 2674 2673 
1 5000 
1 2675 
1 5000 
1 2675 
2 2681 2678 
1 2679 
1 2680 
1 5000 
2 2682 5000 
2 2683 5000 
1 5000 
2 2683 2677 
1 2666 
1 2687 
1 2688 
3 2693 2689 5000 
2 2690 5000 
1 2691 
2 5000 2692 
1 5000 
2 2695 2694 
2 5000 2690 
1 2696 
1 5000 
2 2700 2698 
2 2699 5000 
1 2700 
1 2701 
1 2702 
2 5000 2703 
2 2704 5000 
2 2705 5000 
3 5000 2724 2706 
2 2724 2707 
2 2708 5000 
3 2710 2709 5000 
1 2710 
3 2724 2711 5000 
2 2712 5000 
2 2724 2713 
2 2723 2714 
3 2721 2716 2715 
1 2716 
3 2720 2719 2717 
1 2718 
2 2719 5000 
1 5000 
1 2719 
3 2723 5000 2722 
1 2720 
2 2724 5000 
3 5000 2727 2725 
2 2726 5000 
1 5000 
1 2728 
2 5000 2729 
2 5000 2730 
2 2731 5000 
2 5000 2732 
2 2733 5000 
2 2735 2734 
1 5000 
1 2736 
3 5000 2739 2737 
1 2738 
1 5000 
2 5000 2740 
3 5000 2741 2737 
3 2742 2738 2737 
2 5000 2743 
2 2745 2744 
1 2745 
2 2784 2746 
2 2783 2747 
2 2783 2748 
3 2753 5000 2749 
2 2750 2738 
2 2752 2751 
2 2752 2738 
1 5000 
3 2780 2761 2754 
1 2755 
2 2757 2756 
1 5000 
1 2758 
2 2759 5000 
1 2760 
1 5000 
1 2762 
1 2763 
3 2764 2757 2755 
1 2765 
2 2775 2766 
2 2770 2767 
1 2768 
1 2769 
2 5000 2757 
2 2772 2771 
1 5000 
1 2773 
2 5000 2774 
1 5000 
2 2776 2773 
2 2777 2773 
2 2779 2778 
1 5000 
1 2778 
2 2782 2781 
2 2778 2776 
1 2778 
1 2784 
3 5000 2787 2785 
1 2786 
1 2780 
2 5000 2788 
2 2789 2786 
3 5000 2791 2790 
1 2791 
1 2792 
2 5000 2793 
3 5000 2794 2786 
3 5000 2797 2795 
2 2797 2796 
1 2797 
2 5000 2798 
2 2799 2778 
3 2807 2804 2800 
3 5000 2801 2778 
3 2803 2802 2778 
1 2803 
1 5000 
2 2807 2805 
1 2806 
1 5000 
2 5000 2808 
1 2809 
3 2821 2810 5000 
1 2811 
1 2812 
3 2821 2819 2813 
2 2814 5000 
2 2818 2815 
2 2816 5000 
1 2817 
1 5000 
2 5000 2817 
2 2821 2820 
1 2818 
2 5000 2822 
3 2823 5000 2820 
1 2824 
3 2835 2826 2825 
1 2826 
3 2835 2834 2827 
3 5000 2830 2828 
1 2829 
1 5000 
2 2831 2829 
1 2832 
2 5000 2833 
1 5000 
1 2835 
2 5000 2836 
2 2843 2837 
2 2843 2838 
2 2839 5000 
1 2840 
2 2841 5000 
1 2842 
1 5000 
3 5000 2852 2844 
1 2845 
3 2851 2846 2838 
1 2847 
2 2842 2848 
2 2849 2841 
1 2850 
1 2842 
1 2852 
2 5000 2853 
2 2856 2854 
2 2855 5000 
2 2856 5000 
2 5000 2857 
1 2858 
3 2864 2859 5000 
2 2862 2860 
1 2861 
1 5000 
2 2863 2860 
2 5000 2861 
3 2887 2873 2865 
2 2866 2862 
3 2871 2870 2867 
3 2869 5000 2868 
1 5000 
1 5000 
1 2867 
1 2872 
1 5000 
2 2884 2874 
1 2875 
1 2876 
3 2883 2879 2877 
2 2881 2878 
1 2879 
3 2880 2872 2865 
1 5000 
1 2882 
1 2879 
1 2880 
2 2887 2885 
2 5000 2886 
1 5000 
2 5000 2888 
1 2889 
2 5000 2890 
2 5000 2891 
1 2892 
3 5000 2893 2885 
2 5000 2894 
2 2896 2895 
1 2885 
2 2901 2897 
1 2898 
2 5000 2899 
1 2900 
1 2885 
2 5000 2902 
3 2906 2903 5000 
1 2904 
1 2905 
1 2906 
2 5000 2907 
2 2919 2908 
3 2915 2912 2909 
1 2910 
2 5000 2911 
1 5000 
2 2913 5000 
1 2914 
1 2915 
1 2916 
1 2917 
2 2919 2918 
1 5000 
2 2920 2918 
2 2927 2921 
3 2927 5000 2922 
2 2926 2923 
2 2925 2924 
1 5000 
1 2924 
1 2923 
3 2937 2928 5000 
1 2929 
2 2937 2930 
3 2935 2931 5000 
1 2932 
2 2933 5000 
1 2934 
1 5000 
2 2936 2934 
1 2937 
2 5000 2938 
1 2939 
2 5000 2940 
2 2952 2941 
2 2942 5000 
3 2950 2945 2943 
1 2944 
1 5000 
1 2946 
1 2947 
3 2944 2949 2948 
2 2949 2944 
1 2944 
2 2952 2951 
1 2945 
1 2953 
2 5000 2954 
3 2956 2955 5000 
1 2956 
3 3092 3090 2957 
2 3089 2958 
3 3051 2959 5000 
2 3048 2960 
3 3046 3045 2961 
2 2962 5000 
2 2971 2963 
2 2964 5000 
1 2965 
2 2967 2966 
1 5000 
3 2971 2970 2968 
1 2969 
1 2970 
1 5000 
3 5000 2981 2972 
1 2973 
2 2977 2974 
2 2976 2975 
2 5000 2970 
1 2975 
3 2980 2979 2978 
1 2975 
1 2975 
1 2979 
2 3044 2982 
1 2983 
1 2984 
3 5000 2985 2972 
2 2986 2980 
1 2987 
3 3040 3041 2988 
1 2989 
2 3037 2990 
3 3035 2992 2991 
1 2992 
3 3026 2993 2980 
2 2994 2975 
3 3025 3024 2995 
2 2998 2996 
2 2997 2975 
1 5000 
1 2999 
1 3000 
2 3014 3001 
2 3013 3002 
2 3010 3003 
2 5000 3004 
2 3006 3005 
1 5000 
2 3007 3005 
1 3008 
1 3009 
1 3005 
2 5000 3011 
2 3003 3012 
1 3003 
1 3010 
2 3018 3015 
1 3016 
2 3017 3013 
2 3010 3013 
3 3022 3020 3019 
1 3015 
2 3022 3021 
1 3015 
1 3023 
1 3017 
2 3018 3014 
1 3023 
3 3028 3010 3027 
1 2994 
1 3029 
1 3030 
2 3033 3031 
1 3032 
1 5000 
2 3031 3034 
1 3031 
1 3036 
1 3028 
1 3038 
1 3039 
2 3040 5000 
1 5000 
1 3042 
2 3043 3040 
1 3040 
1 5000 
2 5000 2961 
1 3047 
1 3045 
1 3049 
2 3050 3045 
1 5000 
2 3071 3052 
3 3053 5000 2959 
2 3054 5000 
2 3055 5000 
3 3068 3056 5000 
1 3057 
2 3067 3058 
1 3059 
2 3063 3060 
2 3061 5000 
2 3062 5000 
1 5000 
2 3064 5000 
2 3065 5000 
2 3066 5000 
1 5000 
1 3059 
3 3070 3069 3056 
1 5000 
1 5000 
1 3072 
2 3073 5000 
1 3074 
2 3075 5000 
3 3089 3078 3076 
2 3078 3077 
1 5000 
1 3079 
1 3080 
2 3086 3081 
2 3082 3077 
3 5000 3083 3077 
2 3084 5000 
2 3085 5000 
1 5000 
1 3087 
1 3088 
1 3081 
1 5000 
2 3092 3091 
2 5000 2957 
2 3104 3093 
3 3102 3098 3094 
2 3098 3095 
2 3097 3096 
1 5000 
2 5000 3096 
1 3099 
2 3100 5000 
1 3101 
1 5000 
2 3103 3100 
2 3104 5000 
2 5000 3105 
2 5000 3106 
2 3109 3107 
1 3108 
1 5000 
2 3110 3107 
2 3111 5000 
3 5000 3113 3112 
1 3113 
1 3114 
2 3115 5000 
3 3118 3116 5000 
2 3118 3117 
1 5000 
2 3121 3119 
1 3120 
1 3121 
2 5000 3122 
2 3123 3117 
2 3124 5000 
2 5000 3125 
3 5000 3148 3126 
2 3147 3127 
2 3147 3128 
3 3136 3131 3129 
1 3130 
1 5000 
1 3132 
2 3134 3133 
1 3130 
1 3135 
2 5000 3130 
3 3138 3137 3134 
1 3134 
3 3141 3140 3139 
1 3140 
2 3141 5000 
2 3147 3142 
3 3145 3144 3143 
1 5000 
2 3145 3143 
2 3146 5000 
1 5000 
1 3148 
2 5000 3149 
1 3150 
2 5000 3151 
1 3152 
1 3153 
2 5000 3154 
1 3155 
2 3166 3156 
3 3159 3157 3146 
2 3158 5000 
1 5000 
2 3165 3160 
3 3163 3162 3161 
1 3158 
1 3163 
1 3164 
1 5000 
1 3166 
1 3167 
2 5000 3168 
2 3171 3169 
1 3170 
2 3171 3160 
2 3201 3172 
3 3185 3173 3164 
2 3184 3174 
3 3181 3180 3175 
2 3179 3176 
1 3177 
1 3178 
2 3179 3164 
2 3180 5000 
1 5000 
1 3182 
1 3183 
1 3180 
1 3180 
2 5000 3186 
2 3199 3187 
3 3198 3192 3188 
2 3189 3173 
2 3190 3180 
2 3191 5000 
1 5000 
3 3195 3193 3189 
2 5000 3194 
2 5000 3189 
1 3196 
1 3197 
1 5000 
1 3199 
1 3200 
1 5000 
2 5000 3202 
1 3203 
2 3204 3172 
3 5000 3263 3205 
2 3206 5000 
3 3258 3207 5000 
2 3257 3208 
3 3254 3210 3209 
2 3210 5000 
1 3211 
3 3213 5000 3212 
1 5000 
3 5000 3216 3214 
1 3215 
1 5000 
1 3217 
2 3253 3218 
3 3252 3219 3214 
2 3222 3220 
1 3221 
1 5000 
3 3251 3224 3223 
2 3224 5000 
3 3250 3249 3225 
1 3226 
1 3227 
3 3249 5000 3228 
2 3244 3229 
3 3233 3231 3230 
1 3231 
2 5000 3232 
1 5000 
1 3234 
2 3235 5000 
1 3236 
2 3238 3237 
2 3238 5000 
2 3239 5000 
3 5000 3243 3240 
2 3243 3241 
1 3242 
1 3243 
1 5000 
3 3248 3245 3234 
2 3247 3246 
1 3247 
1 3234 
2 3247 3245 
1 5000 
1 3249 
2 3252 3249 
3 3253 5000 3249 
1 5000 
1 3255 
3 3256 5000 3211 
1 5000 
2 3255 3208 
3 3261 3260 3259 
2 3255 3257 
2 3256 3259 
1 3262 
2 5000 3256 
2 3277 3264 
1 3265 
2 3275 3266 
2 3271 3267 
2 3270 3268 
1 3269 
2 5000 3258 
1 3269 
2 3272 3270 
1 3273 
1 3274 
3 3275 5000 3269 
2 3276 5000 
1 3277 
2 3278 5000 
3 5000 3291 3279 
3 3291 3284 3280 
3 3283 3281 5000 
1 3282 
1 5000 
2 3284 3281 
2 5000 3285 
3 3290 3286 3281 
3 5000 3288 3287 
1 5000 
2 3287 3289 
1 3287 
1 5000 
2 3314 3292 
3 3314 3313 3293 
3 3309 3305 3294 
3 3301 3300 3295 
3 3299 3298 3296 
1 3297 
1 5000 
2 5000 3296 
1 5000 
2 3299 3295 
2 3312 3302 
2 3304 3303 
1 3304 
1 3305 
3 3309 3306 3300 
1 3307 
1 3308 
1 5000 
3 3310 3308 3307 
1 3311 
1 3308 
1 3302 
1 3314 
2 3315 3311 
3 5000 3320 3316 
2 3317 3308 
2 3318 3308 
1 3319 
1 3320 
2 5000 3321 
2 3322 3308 
1 3323 
1 3324 
2 3325 5000 
3 5000 3327 3326 
1 5000 
3 3382 3381 3328 
1 3329 
2 3330 5000 
2 3381 3331 
2 3381 3332 
3 3336 3334 3333 
1 5000 
3 3336 5000 3335 
1 5000 
2 3381 3337 
3 3381 3364 3338 
1 3339 
2 3341 3340 
1 3341 
2 3364 3342 
3 3359 3356 3343 
3 3355 3352 3344 
3 3349 3351 3345 
1 3346 
2 3350 3347 
2 3349 3348 
1 5000 
2 5000 3348 
1 3347 
1 3346 
2 3353 3349 
1 3354 
1 5000 
1 3354 
2 3357 3343 
1 3358 
2 3354 3355 
2 3362 3360 
2 3362 3361 
1 3362 
2 5000 3363 
1 5000 
1 3365 
2 3374 3366 
2 3372 3367 
2 3371 3368 
2 5000 3369 
2 3370 3359 
1 5000 
1 3368 
2 3373 5000 
1 5000 
1 3375 
2 3379 3376 
2 3378 3377 
1 5000 
1 3379 
2 3380 3377 
1 3381 
2 3382 3377 
3 5000 3399 3383 
1 3384 
1 3385 
3 3399 3394 3386 
2 3394 3387 
2 3389 3388 
1 5000 
2 3390 5000 
2 3392 3391 
1 5000 
1 3393 
1 5000 
2 3398 3395 
2 3396 3393 
2 3397 3393 
1 5000 
1 3399 
3 5000 3424 3400 
2 3401 3397 
2 3424 3402 
2 3403 3397 
1 3404 
1 3405 
2 3406 5000 
2 3407 5000 
2 3424 3408 
2 3421 3409 
3 3419 3417 3410 
2 3413 3411 
2 5000 3412 
1 5000 
2 3416 3414 
2 3415 5000 
2 3416 5000 
1 5000 
2 3418 3416 
1 5000 
2 3418 3420 
2 3418 3417 
2 3422 5000 
2 5000 3423 
1 5000 
3 5000 3426 3425 
1 3426 
2 5000 3427 
1 3428 
1 3429 
2 5000 3430 
2 5000 3431 
2 3442 3432 
1 3433 
1 3434 
3 3436 3435 3421 
2 3422 3421 
2 3441 3437 
2 3439 3438 
1 3422 
1 3440 
1 3438 
2 5000 3440 
3 3448 3446 3443 
1 3444 
1 3445 
1 3441 
2 3447 3443 
1 5000 
1 3449 
1 3450 
1 3451 
2 3459 3452 
2 3459 3453 
2 3454 3446 
2 3459 3455 
2 3459 3456 
1 3457 
1 3458 
1 5000 
3 5000 3460 3456 
1 3461 
1 3462 
3 3465 3464 3463 
1 3456 
1 3465 
2 5000 3466 
1 3467 
3 5000 3469 3468 
1 3469 
3 5000 3470 3458 
2 3473 3471 
2 3472 3458 
2 3473 5000 
2 5000 3474 
2 3494 3475 
2 3477 3476 
1 5000 
1 3478 
2 3480 3479 
1 3480 
2 3494 3481 
1 3482 
2 3492 3483 
3 3488 3487 3484 
3 3486 3485 5000 
1 5000 
1 3485 
1 5000 
2 3489 5000 
2 3492 3490 
1 3491 
2 3492 5000 
3 3494 3493 5000 
1 3494 
2 5000 3495 
3 3497 3496 5000 
1 5000 
2 3499 3498 
1 5000 
1 3500 
1 3501 
1 3502 
2 5000 3503 
2 3511 3504 
2 3510 3505 
2 3506 3498 
2 5000 3507 
2 3508 3498 
1 3509 
1 5000 
1 5000 
3 5000 3514 3512 
2 3513 3510 
1 3514 
2 5000 3515 
3 5000 3549 3516 
2 3517 5000 
2 3525 3518 
1 3519 
1 3520 
2 3523 3521 
2 3522 5000 
1 3523 
2 5000 3524 
1 5000 
1 3526 
3 3528 3527 3520 
1 5000 
2 3538 3529 
1 3530 
2 3531 3527 
1 3532 
2 3533 5000 
1 3534 
2 3535 5000 
2 5000 3536 
2 3537 5000 
1 5000 
1 3539 
1 3540 
2 3541 3532 
2 3542 5000 
1 3543 
2 3544 5000 
1 3545 
1 3546 
3 3548 3547 5000 
2 3548 5000 
2 3549 5000 
3 5000 3555 3550 
1 3551 
3 3554 3553 3552 
1 3553 
1 5000 
1 3555 
2 3557 3556 
1 3557 
1 3558 
2 5000 3559 
2 3582 3560 
2 3581 3561 
2 3569 3562 
2 3565 3563 
1 3564 
1 5000 
1 3566 
1 3567 
3 5000 3568 3564 
1 5000 
1 3570 
2 5000 3571 
2 3580 3572 
3 3578 3573 3562 
1 3574 
2 3575 3565 
3 5000 3576 3566 
3 3577 5000 3566 
1 5000 
1 3579 
1 5000 
2 5000 3572 
1 3582 
2 3608 3583 
3 3586 3585 3584 
1 5000 
2 5000 3584 
2 3590 3587 
1 3588 
1 3589 
2 3590 3585 
1 3591 
2 3607 3592 
1 3593 
3 3607 3598 3594 
3 5000 3595 3585 
2 3597 3596 
1 3585 
1 3596 
2 3607 3599 
1 3600 
2 3607 3601 
2 3607 3602 
1 3603 
2 3604 3594 
2 3606 3605 
1 5000 
2 5000 3605 
1 3608 
3 5000 3609 3603 
2 5000 3610 
2 3611 5000 
3 3614 3613 3612 
1 5000 
1 5000 
1 3615 
3 5000 3649 3616 
1 3617 
2 3618 5000 
2 3620 3619 
1 5000 
1 3621 
3 3649 3627 3622 
2 3623 3619 
1 3624 
2 3625 3619 
1 3626 
1 3619 
3 3637 3633 3628 
1 3629 
2 3630 3622 
2 5000 3631 
2 3632 5000 
1 5000 
2 3634 3630 
2 3635 5000 
2 5000 3636 
1 5000 
1 3638 
2 3649 3639 
1 3640 
3 3647 3642 3641 
2 3642 3635 
2 3645 3643 
2 3646 3644 
1 3645 
1 5000 
1 3645 
3 3649 3648 3645 
1 3649 
3 5000 3651 3650 
2 3651 5000 
2 3652 5000 
2 3685 3653 
3 3666 3663 3654 
3 3660 3658 3655 
3 3657 3659 3656 
2 3657 5000 
1 3658 
1 5000 
1 3656 
1 3661 
2 3662 3658 
1 5000 
2 3665 3664 
1 3661 
1 5000 
2 3685 3667 
1 3668 
1 3669 
3 3676 3675 3670 
2 3671 3663 
2 5000 3672 
2 3674 3673 
1 3674 
1 5000 
1 3671 
3 3683 3682 3677 
2 3679 3678 
1 3675 
1 3680 
1 3681 
1 5000 
1 3681 
2 5000 3684 
1 3682 
2 5000 3686 
2 5000 3687 
2 3722 3688 
3 3690 3689 5000 
1 5000 
3 3694 5000 3691 
1 3692 
2 5000 3693 
1 3689 
3 3722 3695 5000 
1 3696 
2 3699 3697 
1 3698 
1 5000 
3 3722 3700 3698 
3 3722 3702 3701 
2 3702 3698 
3 3720 3703 3698 
2 3719 3704 
3 3715 3707 3705 
2 3706 3698 
1 5000 
3 3714 3708 3706 
2 3713 3709 
1 3710 
2 3712 3711 
1 3706 
1 3706 
1 3709 
1 3708 
2 5000 3716 
2 3717 3712 
1 3718 
1 3712 
1 3720 
2 5000 3721 
1 5000 
2 5000 3723 
1 3724 
1 3725 
3 3728 3727 3726 
1 3702 
1 3728 
3 5000 3737 3729 
1 3730 
1 3731 
3 3735 3733 3732 
1 3733 
1 3734 
2 3735 3720 
1 3736 
1 3737 
1 3738 
2 5000 3739 
2 5000 3740 
3 5000 3770 3741 
1 3742 
3 3743 5000 3720 
2 3770 3744 
1 3745 
3 3770 3768 3746 
3 3752 3747 5000 
2 5000 3748 
1 3749 
2 3750 5000 
2 3751 5000 
1 5000 
2 3753 3747 
2 3761 3754 
2 5000 3755 
3 3759 3758 3756 
2 3757 3747 
1 3747 
3 3759 5000 3747 
2 3760 5000 
1 5000 
2 3762 5000 
1 3763 
1 3764 
2 3766 3765 
1 5000 
1 3767 
1 5000 
2 3767 3769 
1 3752 
2 5000 3771 
1 3772 
2 3789 3773 
2 3777 3774 
2 3775 3767 
1 3776 
1 3767 
2 3789 3778 
2 3789 3779 
3 3787 3781 3780 
1 5000 
3 3783 3782 5000 
1 5000 
1 3784 
1 3785 
1 3786 
1 3782 
3 3789 3788 3781 
1 3789 
2 5000 3790 
3 3799 3791 3782 
3 3799 3794 3792 
2 3793 3782 
1 3782 
1 3795 
3 3799 3796 5000 
3 3799 3797 5000 
1 3798 
1 3799 
1 3800 
2 5000 3801 
2 5000 3802 
1 3803 
1 3804 
2 5000 3805 
1 3806 
2 3807 5000 
1 3808 
3 3825 3809 5000 
3 3825 3822 3810 
2 3815 3811 
2 3812 5000 
2 3814 3813 
1 3814 
1 5000 
1 3816 
1 3817 
2 3818 5000 
1 3819 
2 3820 5000 
2 3822 3821 
1 5000 
2 3825 3823 
3 3825 3824 3821 
2 5000 3821 
2 5000 3826 
2 3851 3827 
2 3828 5000 
2 3829 5000 
2 3847 3830 
2 3840 3831 
3 3839 3833 3832 
1 5000 
3 3838 5000 3834 
2 3837 3835 
2 5000 3836 
1 5000 
1 3835 
1 3839 
1 5000 
3 3845 3843 3841 
1 3842 
1 3831 
1 3844 
1 3842 
2 3846 3843 
2 3839 3831 
2 3850 3848 
1 3849 
1 3830 
1 3845 
2 5000 3852 
1 3853 
1 3854 
2 3856 3855 
1 3856 
2 5000 3857 
3 5000 3858 3828 
2 3880 3859 
2 3875 3860 
3 3861 3850 3847 
1 3862 
2 3863 3846 
3 3874 3865 3864 
1 3839 
1 3866 
2 3872 3867 
2 3869 3868 
1 3864 
1 3870 
2 3871 3868 
1 5000 
1 3873 
2 5000 3870 
1 5000 
3 5000 3877 3876 
3 3874 3863 3860 
2 5000 3878 
1 3879 
1 3876 
3 5000 3882 3881 
1 3882 
2 5000 3883 
2 3890 3884 
3 3889 3887 3885 
1 3886 
1 3859 
1 3888 
1 3889 
1 5000 
2 5000 3891 
3 5000 3892 3889 
2 3893 5000 
1 3894 
2 3900 3895 
1 3896 
1 3897 
3 3900 3898 5000 
2 3900 3899 
1 5000 
3 3910 3907 3901 
3 3906 3905 3902 
2 3903 3899 
2 5000 3904 
1 5000 
1 3903 
1 3903 
1 3908 
3 3909 5000 3903 
1 3910 
2 5000 3911 
2 3914 3912 
2 3914 3913 
1 5000 
1 3915 
3 5000 3924 3916 
2 3923 3917 
2 3923 3918 
2 3919 3913 
1 3920 
2 3921 3913 
1 3922 
1 3923 
2 3924 5000 
2 3928 3925 
2 3928 3926 
2 3928 3927 
1 3928 
2 3929 5000 
1 3930 
2 3933 3931 
2 5000 3932 
1 5000 
1 3934 
2 3935 5000 
2 3936 5000 
2 5000 3937 
2 5000 3938 
2 3947 3939 
2 3941 3940 
1 5000 
3 3943 3942 3940 
2 3943 5000 
1 3944 
2 3947 3945 
2 3947 3946 
1 5000 
2 3948 5000 
2 3998 3949 
3 3954 3953 3950 
2 3952 3951 
1 5000 
1 3951 
2 3954 5000 
2 3955 5000 
2 3998 3956 
2 3996 3957 
3 3989 3960 3958 
2 3959 5000 
1 5000 
2 3987 3961 
1 3962 
3 3982 3978 3963 
2 3967 3964 
3 3967 3966 3965 
2 3966 5000 
1 5000 
3 3977 3971 3968 
2 3969 5000 
1 3970 
1 5000 
2 3972 3968 
2 3976 3973 
3 3974 5000 3968 
2 5000 3975 
1 5000 
2 5000 3974 
1 5000 
2 3979 3967 
2 3977 3980 
1 3981 
1 3977 
2 3983 3978 
2 5000 3984 
1 3985 
1 3986 
1 3977 
2 3983 3988 
1 3982 
2 3995 3990 
2 5000 3991 
3 3993 3994 3992 
1 3993 
1 3987 
1 3992 
1 5000 
1 3997 
2 3989 3957 
3 5000 3999 3995 
2 4020 4000 
2 4002 4001 
1 4002 
3 4017 4008 4003 
1 4004 
2 4006 4005 
1 5000 
1 4007 
1 4005 
2 5000 4009 
2 4012 4010 
2 5000 4011 
1 5000 
3 4016 5000 4013 
3 5000 4014 4010 
2 5000 4015 
2 5000 4010 
1 5000 
2 4020 4018 
2 5000 4019 
1 5000 
3 4022 4021 5000 
1 5000 
2 4023 4021 
2 4033 4024 
2 4027 4025 
1 4026 
1 4027 
3 4033 4032 4028 
2 4032 4029 
2 4030 5000 
1 4031 
1 5000 
1 4030 
1 4034 
2 5000 4035 
1 4036 
1 4037 
3 4039 4038 4030 
1 4039 
2 5000 4040 
3 5000 4041 4031 
1 4042 
3 5000 4048 4043 
1 4044 
2 4045 4031 
3 4047 4046 4031 
1 4047 
2 4048 4031 
2 4049 5000 
3 5000 4051 4050 
1 5000 
2 5000 4052 
2 4064 4053 
2 4054 5000 
2 4064 4055 
1 4056 
3 4064 4063 4057 
3 4062 4059 4058 
1 5000 
2 4061 4060 
1 4058 
1 5000 
1 4061 
1 4064 
2 4067 4065 
1 4066 
1 4067 
2 5000 4068 
2 5000 4069 
3 4072 4071 4070 
1 5000 
2 4072 5000 
1 4073 
2 5000 4074 
1 4075 
2 4080 4076 
2 4079 4077 
1 4078 
1 5000 
2 4080 4077 
1 4081 
1 4082 
2 5000 4083 
2 5000 4084 
1 4085 
3 4099 4090 4086 
3 4088 5000 4087 
2 5000 4077 
1 4089 
1 5000 
1 4091 
2 4094 4092 
2 4093 4089 
1 4089 
2 4099 4095 
2 4099 4096 
1 4097 
2 4098 5000 
1 4099 
2 5000 4100 
1 4101 
3 5000 4109 4102 
1 4103 
1 4104 
2 4106 4105 
1 4106 
2 4108 4107 
1 5000 
2 5000 4107 
2 4110 5000 
3 4112 4111 5000 
1 4112 
1 4113 
2 4115 4114 
1 4115 
1 4116 
2 4170 4117 
3 4134 4118 5000 
2 4130 4119 
1 4120 
2 5000 4121 
3 4129 4122 5000 
3 4125 4124 4123 
1 5000 
1 5000 
3 4129 4128 4126 
1 4127 
1 5000 
1 4129 
1 4126 
2 4131 5000 
2 5000 4132 
2 4133 5000 
1 5000 
2 4136 4135 
2 5000 4131 
2 4138 4137 
1 5000 
2 4170 4139 
2 4168 4140 
2 4150 4141 
1 4142 
2 4146 4143 
1 4144 
1 4145 
1 4137 
1 4147 
2 4148 4143 
2 4149 4143 
2 4137 4144 
3 4167 4151 4142 
1 4152 
1 4153 
2 4164 4154 
2 4161 4155 
1 4156 
2 4157 5000 
2 4159 4158 
1 5000 
2 4158 4160 
1 4158 
2 4164 4162 
2 4163 4158 
1 4158 
2 5000 4165 
1 4166 
1 5000 
1 4164 
1 4169 
2 4170 4150 
2 4171 5000 
2 4172 5000 
2 4198 4173 
1 4174 
1 4175 
3 4190 4189 4176 
2 4182 4177 
3 4186 4183 4178 
1 4179 
2 4180 5000 
1 4181 
1 4182 
1 5000 
1 4184 
1 4185 
1 4179 
2 4188 4187 
2 4188 4183 
2 4182 4181 
1 4190 
1 4191 
2 4195 4192 
2 5000 4193 
2 5000 4194 
1 5000 
1 4196 
2 4197 5000 
1 4198 
2 4203 4199 
2 4201 4200 
1 4201 
3 4203 4202 5000 
1 5000 
2 5000 4204 
2 4216 4205 
2 4206 5000 
1 4207 
2 4214 4208 
2 4210 4209 
1 5000 
2 4213 4211 
2 4212 5000 
1 5000 
1 5000 
1 4215 
2 4216 5000 
2 4232 4217 
2 4232 4218 
3 4229 4219 5000 
2 4220 5000 
2 4222 4221 
1 5000 
1 4223 
3 4228 4224 4221 
2 4227 4225 
2 5000 4226 
1 5000 
1 5000 
1 4224 
1 4230 
2 4232 4231 
2 4232 4227 
2 5000 4233 
2 4236 4234 
1 4235 
1 4227 
2 5000 4237 
2 4238 4227 
2 4239 5000 
2 4248 4240 
1 4241 
2 4247 4242 
1 4243 
2 4244 5000 
2 4245 5000 
1 4246 
1 5000 
1 4248 
2 5000 4249 
2 4256 4250 
1 4251 
2 4252 5000 
2 4256 4253 
2 4255 4254 
1 5000 
1 4256 
1 4257 
3 5000 4263 4258 
3 5000 4261 4259 
1 4260 
1 4254 
1 4262 
1 5000 
2 5000 4264 
2 4267 4265 
1 4266 
2 5000 4258 
1 4268 
2 4272 4269 
3 4271 4270 5000 
1 5000 
1 4272 
2 4273 5000 
1 4274 
2 4281 4275 
3 4281 4280 4276 
2 4278 4277 
1 5000 
2 4279 5000 
1 5000 
2 5000 4279 
2 5000 4282 
2 5000 4283 
2 4308 4284 
1 4285 
1 4286 
1 4287 
1 4288 
1 4289 
1 4290 
2 4308 4291 
2 4308 4292 
2 4308 4293 
2 4308 4294 
1 4295 
3 4308 4297 4296 
1 5000 
2 4301 4298 
1 4299 
2 4300 4296 
1 4301 
2 4304 4302 
3 4304 4303 5000 
1 5000 
3 4308 4306 4305 
1 5000 
1 4307 
1 4308 
2 5000 4309 
2 4311 4310 
1 4311 
1 4312 
2 5000 4313 
2 4332 4314 
1 4315 
2 4329 4316 
3 4321 4318 4317 
1 4305 
3 4320 4319 4305 
1 4305 
2 5000 4305 
3 4326 4322 5000 
2 4323 5000 
1 4324 
2 4325 5000 
1 5000 
1 4327 
1 4328 
1 4325 
2 4330 4316 
1 4331 
2 4332 5000 
2 4333 5000 
3 4340 4336 4334 
1 4335 
1 5000 
1 4337 
2 4340 4338 
1 4339 
2 4340 5000 
2 5000 4341 
1 4342 
3 5000 4392 4343 
3 4391 4390 4344 
2 4346 4345 
1 5000 
1 4347 
1 4348 
3 4388 4386 4349 
2 4350 5000 
3 4384 4351 5000 
1 4352 
1 4353 
2 4384 4354 
3 4384 4355 5000 
3 4374 4356 5000 
3 4366 4365 4357 
3 4363 4358 5000 
3 4360 4359 5000 
1 4360 
3 4363 5000 4361 
1 4362 
1 5000 
2 5000 4364 
1 5000 
1 4363 
3 4373 4367 4363 
2 4370 4368 
2 4370 4369 
1 4363 
3 4372 5000 4371 
1 5000 
1 4373 
1 5000 
3 5000 4383 4375 
3 5000 4382 4376 
3 4381 4377 4366 
1 4378 
1 4379 
2 4380 4366 
2 5000 4373 
1 4377 
1 4380 
2 5000 4375 
2 4386 4385 
2 5000 4374 
1 4387 
1 4385 
2 4389 4387 
1 4385 
1 4348 
1 4392 
2 5000 4393 
3 5000 4394 4388 
1 4395 
2 4400 4396 
2 4398 4397 
1 4398 
2 4400 4399 
1 4388 
1 4401 
3 4419 4402 4399 
2 4419 4403 
3 4418 4407 4404 
2 4389 4405 
1 4406 
1 4399 
2 4411 4408 
1 4409 
2 4410 4389 
1 4389 
1 4412 
3 4414 4413 4408 
1 4409 
2 4415 4389 
2 4417 4416 
1 4417 
1 5000 
1 5000 
3 4476 4420 4418 
2 4424 4421 
2 4422 5000 
2 4423 5000 
1 5000 
3 4427 4425 4422 
1 4426 
1 4423 
1 4428 
2 4429 4423 
2 4475 4430 
1 4431 
2 4432 4423 
2 4475 4433 
3 4475 4442 4434 
3 4437 4436 4435 
1 4436 
1 4423 
2 4438 4423 
2 4439 5000 
1 4440 
1 4441 
1 4442 
3 4475 4474 4443 
2 4447 4444 
2 4446 4445 
1 5000 
1 5000 
2 5000 4448 
3 5000 4472 4449 
3 4465 4450 5000 
2 4464 4451 
2 5000 4452 
3 4461 4453 5000 
1 4454 
1 4455 
2 4457 4456 
1 5000 
2 4463 4458 
2 4462 4459 
1 4460 
1 4461 
1 5000 
1 4463 
1 4461 
1 5000 
2 4473 4466 
2 4472 4467 
3 4472 4470 4468 
1 4469 
1 4470 
1 4471 
1 5000 
1 4471 
1 4472 
1 4475 
1 4476 
2 5000 4477 
2 5000 4478 
2 5000 4479 
2 4480 5000 
2 5000 4481 
2 5000 4482 
2 5000 4483 
2 4486 4484 
2 4485 5000 
1 5000 
2 5000 4487 
1 4488 
2 5000 4489 
2 5000 4490 
3 5000 4491 4484 
1 4492 
1 4493 
1 4494 
2 4497 4495 
1 4496 
1 4484 
1 4498 
3 4500 4484 4499 
2 4484 4495 
2 4501 5000 
2 4502 5000 
3 4506 4503 5000 
2 4504 5000 
2 4505 5000 
1 4506 
2 5000 4507 
3 4533 4518 4508 
1 4509 
3 4516 4510 5000 
3 4512 4511 5000 
1 5000 
1 4513 
2 4516 4514 
2 4515 5000 
1 4516 
3 4518 4517 5000 
1 5000 
1 4519 
3 4532 4520 4517 
2 4524 4521 
2 4522 5000 
2 4523 5000 
2 4524 5000 
1 4525 
2 4532 4526 
3 4529 5000 4527 
2 4528 5000 
1 5000 
3 5000 4531 4530 
2 4531 5000 
1 5000 
1 4533 
2 4534 4529 
2 4535 5000 
2 4568 4536 
3 4568 4567 4537 
2 4543 4538 
2 4540 4539 
1 5000 
1 4541 
1 4542 
2 5000 4539 
3 4567 4544 4542 
2 4554 4545 
1 4546 
1 4547 
2 4553 4548 
1 4549 
1 4550 
2 4552 4551 
1 5000 
1 5000 
2 4554 5000 
2 4565 4555 
3 4558 4564 4556 
2 4563 4557 
1 4558 
2 5000 4559 
1 4560 
2 5000 4561 
2 4562 5000 
1 5000 
1 4558 
1 4556 
2 4567 4566 
1 4567 
2 4568 4555 
2 5000 4569 
2 5000 4570 
3 5000 4571 4558 
3 4577 4572 4558 
2 4574 4573 
1 5000 
2 4573 4575 
1 4576 
1 4573 
3 4579 4578 4573 
1 4579 
2 4580 5000 
2 5000 4581 
2 5000 4582 
2 4584 4583 
2 4584 5000 
2 5000 4585 
2 5000 4586 
1 4587 
2 4594 4588 
1 4589 
2 4591 4590 
1 5000 
1 4592 
1 4593 
1 4590 
2 4595 5000 
1 4596 
3 4638 4600 4597 
2 4599 4598 
1 5000 
1 5000 
1 4601 
1 4602 
2 4604 4603 
2 5000 4599 
2 4638 4605 
2 4606 4603 
2 4617 4607 
2 4609 4608 
1 4603 
2 4610 5000 
2 4613 4611 
1 4612 
1 4613 
2 4614 5000 
1 4615 
2 5000 4616 
1 5000 
3 4619 4618 4613 
1 5000 
3 4627 4622 4620 
2 4621 5000 
1 5000 
1 4623 
1 4624 
2 4626 4625 
1 5000 
1 5000 
2 4638 4628 
1 4629 
2 4635 4630 
1 4631 
2 4635 4632 
2 4634 4633 
1 4626 
1 4626 
1 4636 
1 4637 
2 4638 4634 
2 5000 4639 
2 4640 4626 
1 4641 
2 5000 4642 
3 4649 4644 4643 
2 4644 4626 
2 4647 4645 
1 4646 
1 4647 
2 4649 4648 
1 4626 
3 4650 5000 4626 
2 5000 4651 
2 5000 4652 
1 4653 
2 5000 4654 
2 4655 5000 
2 4657 4656 
1 5000 
1 4658 
2 5000 4659 
1 4660 
1 4661 
2 4665 4662 
3 4664 4663 4656 
2 5000 4656 
1 4663 
2 4671 4666 
2 4670 4667 
2 5000 4668 
1 4669 
1 4664 
1 5000 
1 4672 
1 4673 
3 5000 4678 4674 
2 4677 4675 
3 4677 4670 4676 
2 4670 4666 
2 4678 4670 
2 4679 4670 
3 5000 4693 4680 
3 4693 4691 4681 
2 4690 4682 
2 4688 4683 
3 4685 4684 4670 
1 5000 
2 5000 4686 
2 4687 5000 
1 5000 
1 4689 
1 4685 
1 5000 
3 4693 4692 5000 
1 4693 
2 5000 4694 
3 4710 4696 4695 
1 5000 
1 4697 
3 4699 4698 4695 
1 5000 
3 4707 4700 5000 
2 4706 4701 
2 4702 5000 
1 4703 
1 4704 
2 4705 5000 
1 5000 
2 4707 4702 
1 4708 
1 4709 
1 4710 
2 4711 4705 
2 5000 4712 
2 4714 4713 
2 4714 5000 
1 4715 
2 4716 5000 
1 4717 
3 5000 4719 4718 
1 5000 
1 4720 
2 5000 4721 
2 5000 4722 
1 4723 
2 4734 4724 
3 4733 4725 4718 
2 4730 4726 
1 4727 
3 4729 4728 5000 
1 5000 
1 5000 
2 4733 4731 
1 4732 
1 4729 
1 5000 
2 4735 4733 
3 4801 4798 4736 
2 4783 4737 
3 4740 4739 4738 
1 4733 
1 4733 
3 4783 4781 4741 
3 4775 4774 4742 
2 4743 5000 
1 4744 
3 4753 4752 4745 
2 4750 4746 
2 4748 4747 
1 5000 
1 4749 
1 4747 
2 4752 4751 
2 5000 4746 
2 5000 4751 
3 4756 4754 4752 
1 4755 
2 5000 4752 
3 4762 4757 5000 
2 4758 5000 
2 5000 4759 
2 4760 5000 
2 4761 5000 
1 5000 
1 4763 
2 4766 4764 
2 5000 4765 
1 5000 
3 4769 4768 4767 
1 4764 
1 4764 
3 4770 4764 4768 
1 4771 
1 4772 
2 4773 4764 
1 5000 
1 4771 
2 4780 4776 
1 4777 
1 4778 
2 4772 4779 
1 4771 
2 5000 4777 
2 5000 4782 
1 5000 
3 4797 4784 5000 
1 4785 
1 4786 
1 4787 
2 4796 4788 
1 4789 
2 4790 5000 
2 4791 5000 
2 5000 4792 
2 5000 4793 
2 4794 5000 
2 5000 4795 
1 5000 
1 4790 
2 4790 4784 
2 4800 4799 
2 5000 4797 
1 4799 
3 5000 4804 4802 
2 4804 4803 
3 5000 4799 4800 
1 4805 
2 4806 5000 
2 4807 5000 
2 4833 4808 
3 4833 4832 4809 
1 4810 
2 5000 4811 
2 4812 5000 
1 4813 
3 5000 4830 4814 
2 4815 5000 
2 4822 4816 
1 4817 
1 4818 
2 4820 4819 
1 5000 
1 4821 
1 5000 
1 4823 
3 4829 4824 4817 
1 4825 
3 4827 4820 4826 
1 4818 
2 4828 4820 
2 4821 4820 
1 5000 
1 4831 
2 5000 4814 
1 4810 
2 4841 4834 
2 4838 4835 
2 4838 4836 
2 4837 4832 
2 4838 4810 
3 4840 4839 4810 
1 4840 
2 4841 5000 
2 5000 4842 
2 4844 4843 
1 4844 
2 5000 4845 
1 4846 
2 5000 4847 
1 4848 
2 4849 5000 
2 4852 4850 
2 4851 5000 
1 5000 
3 4853 5000 4851 
2 5000 4854 
2 5000 4855 
2 4885 4856 
2 4884 4857 
1 4858 
3 4884 4859 5000 
1 4860 
3 4869 4861 5000 
3 4863 4862 5000 
2 4863 5000 
3 4867 4866 4864 
2 4865 5000 
1 5000 
1 4864 
2 4869 4868 
1 4866 
3 4880 4878 4870 
2 4871 5000 
3 4875 4872 5000 
1 4873 
2 4874 5000 
1 5000 
2 4876 4872 
1 4877 
1 5000 
1 4879 
1 4880 
2 4884 4881 
1 4882 
2 4883 4870 
1 4871 
1 4885 
2 5000 4886 
1 4887 
3 5000 4888 4875 
2 4889 4877 
3 4895 4894 4890 
1 4891 
1 4892 
1 4893 
2 4894 5000 
1 5000 
3 5000 4901 4896 
1 4897 
3 4899 4898 4894 
2 4899 5000 
2 4900 5000 
1 4901 
2 4902 5000 
2 4904 4903 
1 5000 
1 4905 
3 5000 4911 4906 
1 4907 
2 4908 4903 
2 4909 5000 
1 4910 
1 5000 
2 5000 4912 
1 4913 
2 4914 4908 
3 5000 4915 4909 
3 4920 4917 4916 
2 5000 4910 
1 4918 
1 4919 
1 4920 
3 5000 4931 4921 
1 4922 
2 4931 4923 
1 4924 
2 4931 4925 
2 4931 4926 
2 4929 4927 
2 4928 5000 
1 4929 
1 4930 
1 4931 
3 5000 4934 4932 
2 4934 4933 
1 5000 
2 5000 4935 
3 4937 4936 4933 
3 4937 5000 4933 
1 4938 
3 4942 4941 4939 
2 4940 5000 
1 5000 
1 4939 
1 4943 
3 5000 4954 4944 
1 4945 
1 4946 
2 5000 4947 
2 4949 4948 
1 4941 
3 4951 4950 4941 
1 4940 
2 4952 4940 
1 4953 
1 5000 
2 4955 4945 
2 5000 4956 
2 5000 4957 
2 5000 4958 
2 4959 5000 
1 4960 
3 5000 4962 4961 
1 5000 
1 4963 
2 5000 4964 
1 4965 
2 5000 4966 
2 5000 4967 
3 5000 4970 4968 
1 4969 
1 4970 
2 4979 4971 
2 4978 4972 
2 5000 4973 
2 4977 4974 
2 4976 4975 
1 4976 
2 4977 5000 
1 5000 
1 4979 
2 5000 4980 
1 4981 
2 4985 4982 
2 5000 4983 
1 4984 
1 5000 
2 5000 4986 
2 5000 4987 
2 4991 4988 
1 4989 
2 4990 5000 
1 5000 
2 5000 4992 
2 4996 4993 
2 4995 4994 
1 4995 
2 4996 4988 
2 5000 4997 
2 5000 4998 
2 4989 4999 
2 4989 4988 
