4998
1 8601
2 5523
3 6585
4 9327
5 6624
6 5836
7 5581
8 7842
9 9411
10 5460
11 6537
12 5890
13 6594
14 7688
15 9485
16 5175
17 6192
18 7207
19 5627
20 8263
21 8736
22 9549
23 6459
24 5094
25 9027
26 7491
27 6970
28 6766
29 8702
30 9772
31 5241
32 5263
33 5855
34 7897
35 6476
36 8971
37 5258
38 7282
39 5224
40 7878
41 5020
42 9142
43 9102
44 8843
45 8420
46 7413
47 7581
48 7243
49 6799
50 7268
51 9728
52 9902
53 7666
54 6528
55 6321
56 9936
57 6117
58 9609
59 6095
60 5429
61 6518
62 6501
63 8858
64 5795
65 8279
66 6243
67 6535
68 7421
69 9909
70 9491
71 8703
72 6106
73 6694
74 7669
75 9415
76 7050
77 5756
78 5883
79 5498
80 9319
81 8254
82 8276
83 6104
84 9786
85 5732
86 6705
87 8228
88 8788
89 8084
90 8589
91 5335
92 9544
93 9113
94 6701
95 9861
96 9534
97 5336
98 5236
99 8779
100 6752
101 8169
102 5618
103 9882
104 8676
105 6884
106 7788
107 5724
108 7042
109 5538
110 6262
111 8896
112 8586
113 5701
114 5713
115 7907
116 9757
117 9964
118 7753
119 6726
120 8753
121 5256
122 9921
123 9986
124 5135
125 6220
126 6303
127 5858
128 6444
129 8083
130 6772
131 6986
132 9489
133 5012
134 7118
135 9896
136 9868
137 7554
138 8270
139 7613
140 8188
141 8868
142 9283
143 7525
144 5300
145 5462
146 9748
147 9091
148 5797
149 8792
150 6191
151 6892
152 7436
153 5832
154 9382
155 6878
156 5889
157 9182
158 6386
159 5600
160 6414
161 5397
162 9570
163 8002
164 5431
165 6814
166 6504
167 8145
168 7004
169 8029
170 6430
171 7822
172 5695
173 7287
174 6510
175 8731
176 9679
177 9783
178 7423
179 8919
180 9886
181 8238
182 9594
183 7220
184 7609
185 5910
186 6983
187 8952
188 6871
189 8884
190 5386
191 5933
192 9608
193 9664
194 7427
195 5913
196 5842
197 9295
198 9136
199 8442
200 7811
201 9587
202 5870
203 8107
204 8697
205 7460
206 5880
207 5981
208 7382
209 9901
210 7643
211 5664
212 9649
213 8820
214 7476
215 8532
216 9973
217 6995
218 8810
219 6003
220 7231
221 7507
222 7508
223 9809
224 6039
225 9023
226 5183
227 9392
228 7234
229 7925
230 8738
231 8480
232 9559
233 8639
234 8384
235 5415
236 8785
237 6960
238 9156
239 9057
240 5593
241 9845
242 7466
243 8647
244 8347
245 7653
246 7464
247 7734
248 5864
249 9448
250 9215
251 5964
252 5506
253 9762
254 5096
255 8012
256 9183
257 5200
258 5778
259 9931
260 6109
261 6067
262 6743
263 8357
264 5168
265 9343
266 7192
267 6199
268 5120
269 9781
270 9089
271 5354
272 5759
273 7700
274 8707
275 6467
276 7911
277 7516
278 7985
279 7749
280 9813
281 7330
282 6245
283 6379
284 6164
285 9652
286 9866
287 7145
288 6700
289 7989
290 6415
291 7744
292 7087
293 9399
294 6797
295 7453
296 7276
297 5693
298 5359
299 8174
300 5073
301 7790
302 7519
303 6596
304 7020
305 9430
306 8752
307 9010
308 6675
309 7730
310 5607
311 5844
312 9395
313 5962
314 6514
315 9185
316 9846
317 5339
318 5133
319 7785
320 6586
321 9593
322 7139
323 5251
324 9920
325 6047
326 5453
327 5786
328 9877
329 6734
330 8974
331 7005
332 6367
333 5630
334 5217
335 7323
336 7332
337 9218
338 9170
339 5450
340 7795
341 6659
342 7834
343 6114
344 9699
345 9401
346 5929
347 7148
348 7178
349 7169
350 6470
351 7136
352 6454
353 9755
354 7157
355 9752
356 8849
357 5818
358 6554
359 5935
360 7594
361 9627
362 6791
363 9115
364 7916
365 7738
366 7848
367 7384
368 5648
369 8546
370 7377
371 9290
372 7918
373 7589
374 6936
375 6754
376 9098
377 9994
378 8311
379 6000
380 9548
381 9678
382 5441
383 6651
384 5246
385 7626
386 9209
387 7906
388 7401
389 7097
390 5755
391 5591
392 5192
393 8528
394 5879
395 8259
396 9330
397 6304
398 6987
399 7736
400 9656
401 6761
402 8777
403 8483
404 7013
405 5294
406 9564
407 7533
408 7992
409 8841
410 8576
411 5967
412 7905
413 9302
414 5403
415 7986
416 6205
417 5571
418 7846
419 8247
420 6242
421 6254
422 5805
423 7629
424 8898
425 5900
426 7872
427 8544
428 7328
429 6388
430 9928
431 8031
432 5150
433 6263
434 9626
435 8585
436 8969
437 8774
438 9229
439 6681
440 6534
441 9515
442 7672
443 5629
444 6053
445 8968
446 9770
447 6773
448 7676
449 5586
450 9639
451 6267
452 6238
453 6190
454 9048
455 6610
456 9519
457 8055
458 8638
459 7452
460 9305
461 6296
462 9956
463 5351
464 8744
465 5734
466 6919
467 5793
468 6251
469 8038
470 5289
471 6517
472 6827
473 6541
474 5970
475 7998
476 5965
477 5274
478 9618
479 6524
480 8627
481 8183
482 5078
483 5638
484 8724
485 5515
486 6947
487 7271
488 8545
489 6451
490 7595
491 7896
492 7641
493 5470
494 5731
495 9766
496 5911
497 9100
498 5710
499 7380
500 8330
501 8526
502 5380
503 5036
504 7474
505 8934
506 5173
507 5995
508 9632
509 9756
510 5990
511 9012
512 8175
513 6699
514 6325
515 7390
516 7619
517 6228
518 8398
519 7836
520 5849
521 7217
522 5517
523 7699
524 6606
525 5076
526 5255
527 7651
528 8730
529 7134
530 9137
531 9979
532 9055
533 7866
534 8278
535 8139
536 7558
537 7344
538 9983
539 5029
540 9960
541 5407
542 9704
543 8923
544 6198
545 8071
546 5166
547 7709
548 9441
549 9707
550 8675
551 5958
552 9710
553 6748
554 9095
555 5649
556 9799
557 7179
558 5484
559 8184
560 5235
561 9480
562 5945
563 9773
564 5358
565 6400
566 7297
567 6250
568 5556
569 9153
570 8215
571 6424
572 7446
573 5225
574 8811
575 8547
576 9733
577 7599
578 9918
579 5306
580 8455
581 7168
582 8472
583 5738
584 5606
585 7117
586 5292
587 8732
588 9940
589 6704
590 5688
591 7828
592 9250
593 9547
594 5624
595 7180
596 5822
597 5885
598 9922
599 7389
600 6750
601 5456
602 6021
603 7831
604 9109
605 6154
606 6078
607 5131
608 9337
609 5974
610 6575
611 7459
612 5091
613 5749
614 9206
615 5106
616 9539
617 7214
618 7260
619 6523
620 8257
621 9408
622 8123
623 7974
624 8505
625 9043
626 5492
627 7351
628 9810
629 5863
630 5035
631 8322
632 9355
633 9454
634 9058
635 5966
636 8416
637 5768
638 6226
639 8233
640 7138
641 5118
642 8556
643 7188
644 9176
645 6933
646 6299
647 9493
648 6543
649 6669
650 5077
651 6209
652 5665
653 7376
654 8817
655 6760
656 6006
657 9974
658 7638
659 8269
660 9357
661 8288
662 7064
663 8337
664 9745
665 7039
666 6080
667 7289
668 5180
669 9045
670 5953
671 6195
672 7926
673 8757
674 9445
675 9034
676 7078
677 5423
678 7451
679 8159
680 9418
681 9724
682 7415
683 9495
684 9873
685 9615
686 6856
687 5874
688 8460
689 9532
690 7673
691 7296
692 8865
693 9778
694 7455
695 9511
696 8056
697 5681
698 5375
699 8380
700 9328
701 8706
702 9443
703 5286
704 5728
705 8597
706 8901
707 9863
708 9244
709 8646
710 5040
711 7000
712 7768
713 5124
714 5212
715 7019
716 5308
717 6819
718 7167
719 8421
720 5561
721 7441
722 9071
723 7571
724 7921
725 6721
726 7348
727 6831
728 7484
729 8634
730 5536
731 7115
732 8117
733 7573
734 9523
735 5897
736 6042
737 7450
738 5552
739 5729
740 9737
741 9717
742 5672
743 7240
744 8400
745 7213
746 8463
747 8011
748 7615
749 9969
750 5480
751 6684
752 6548
753 8260
754 6940
755 7292
756 9304
757 7761
758 8334
759 6442
760 5647
761 9937
762 7556
763 7920
764 7153
765 6905
766 8802
767 7252
768 7122
769 8882
770 7807
771 7399
772 6383
773 6945
774 6422
775 9442
776 9791
777 5479
778 8391
779 6063
780 8102
781 5396
782 6347
783 6240
784 7684
785 8775
786 8408
787 6124
788 5831
789 6432
790 8671
791 6777
792 5742
793 9747
794 7281
795 8679
796 9777
797 5276
798 8089
799 6979
800 7731
801 5413
802 5535
803 9689
804 7851
805 8339
806 7947
807 9191
808 9860
809 5928
810 9779
811 8837
812 5487
813 5199
814 7712
815 5529
816 7538
817 5680
818 8783
819 7902
820 7733
821 8701
822 8933
823 9558
824 9950
825 5144
826 5671
827 9605
828 6052
829 7893
830 8964
831 6595
832 6343
833 7849
834 6026
835 7099
836 8876
837 9883
838 6759
839 8132
840 9651
841 7273
842 6627
843 6411
844 6505
845 8624
846 6876
847 6308
848 8131
849 9508
850 8715
851 5655
852 8650
853 5203
854 7823
855 9352
856 5198
857 9782
858 8214
859 7299
860 5349
861 5510
862 6163
863 5505
864 7092
865 8672
866 8637
867 9452
868 5108
869 7604
870 9865
871 8316
872 8414
873 7477
874 6094
875 6882
876 9178
877 6552
878 6413
879 5205
880 5374
881 8249
882 9270
883 7448
884 6924
885 5444
886 8426
887 5773
888 6763
889 9475
890 8261
891 5579
892 9397
893 9094
894 6016
895 9232
896 7875
897 6404
898 9375
899 7938
900 6465
901 8271
902 8844
903 9818
904 7181
905 5382
906 5088
907 8574
908 8548
909 9412
910 5244
911 6869
912 8436
913 9694
914 9723
915 8902
916 7336
917 8900
918 9242
919 8253
920 8760
921 9803
922 9692
923 5418
924 7995
925 8415
926 9077
927 9450
928 5565
929 5047
930 6305
931 6105
932 9935
933 6803
934 9871
935 5201
936 5862
937 7930
938 9854
939 7251
940 6512
941 7093
942 7922
943 8092
944 7183
945 5010
946 8978
947 6788
948 7978
949 9729
950 5676
951 8345
952 5847
953 9363
954 9008
955 5184
956 7664
957 5149
958 6565
959 5685
960 5326
961 5043
962 7728
963 9844
964 9164
965 5652
966 8305
967 6158
968 6368
969 9829
970 5949
971 6711
972 7919
973 9619
974 5610
975 8840
976 9525
977 8972
978 7555
979 7853
980 5605
981 8951
982 7559
983 9767
984 8821
985 7633
986 5050
987 7490
988 8363
989 9197
990 8689
991 9700
992 5580
993 7775
994 7498
995 9833
996 7979
997 8819
998 9151
999 6103
1000 5790
1001 6733
1002 5657
1003 6479
1004 7886
1005 6821
1006 7493
1007 8057
1008 9482
1009 6179
1010 8534
1011 9586
1012 6713
1013 9797
1014 8180
1015 6682
1016 9014
1017 8699
1018 8070
1019 9462
1020 5819
1021 6123
1022 6611
1023 6239
1024 9405
1025 6268
1026 7407
1027 8593
1028 7048
1029 8739
1030 6885
1031 8353
1032 6593
1033 7810
1034 6921
1035 5093
1036 8749
1037 8684
1038 7049
1039 5277
1040 8046
1041 9966
1042 8340
1043 5119
1044 7812
1045 8156
1046 5698
1047 5932
1048 6706
1049 9955
1050 7968
1051 9029
1052 6013
1053 9893
1054 9535
1055 8704
1056 8275
1057 5290
1058 8872
1059 5123
1060 6842
1061 5051
1062 9802
1063 7781
1064 9537
1065 7845
1066 9324
1067 5660
1068 5458
1069 9124
1070 9596
1071 5145
1072 6034
1073 5384
1074 5207
1075 6256
1076 9501
1077 7935
1078 6839
1079 7314
1080 6471
1081 8048
1082 5307
1083 9824
1084 9738
1085 6509
1086 8833
1087 8717
1088 6264
1089 9947
1090 8800
1091 7585
1092 9693
1093 7160
1094 9030
1095 5878
1096 9798
1097 8824
1098 5877
1099 6108
1100 8474
1101 6189
1102 5364
1103 5176
1104 9072
1105 6015
1106 7184
1107 9398
1108 5009
1109 7238
1110 5748
1111 9727
1112 6466
1113 5230
1114 7927
1115 6335
1116 9272
1117 9604
1118 8767
1119 7054
1120 8409
1121 8992
1122 8557
1123 8197
1124 9946
1125 7654
1126 5774
1127 7445
1128 8846
1129 9001
1130 9823
1131 9807
1132 6810
1133 7642
1134 8245
1135 9420
1136 7226
1137 8328
1138 7557
1139 9725
1140 6582
1141 6302
1142 6969
1143 8497
1144 6014
1145 9676
1146 6376
1147 9571
1148 6420
1149 7504
1150 7310
1151 8317
1152 9203
1153 9625
1154 8026
1155 9646
1156 8834
1157 7611
1158 9346
1159 9261
1160 7542
1161 7063
1162 9384
1163 7681
1164 7277
1165 9602
1166 6421
1167 5001
1168 7711
1169 5837
1170 9163
1171 9613
1172 5253
1173 8218
1174 8430
1175 7804
1176 8575
1177 9041
1178 8655
1179 5352
1180 7075
1181 7482
1182 8652
1183 6660
1184 9237
1185 7891
1186 7006
1187 5740
1188 5737
1189 5436
1190 9298
1191 6365
1192 5513
1193 7967
1194 6680
1195 7305
1196 7085
1197 8794
1198 5389
1199 6792
1200 9687
1201 6061
1202 9116
1203 6437
1204 5058
1205 9075
1206 7803
1207 5796
1208 8960
1209 9228
1210 7779
1211 8540
1212 9321
1213 7096
1214 9141
1215 7602
1216 5714
1217 7858
1218 9852
1219 6431
1220 5668
1221 7777
1222 6246
1223 5273
1224 7915
1225 6393
1226 7568
1227 6032
1228 6851
1229 9289
1230 9711
1231 5780
1232 5739
1233 9603
1234 7764
1235 8571
1236 8487
1237 7898
1238 8377
1239 7955
1240 7535
1241 8387
1242 6749
1243 5070
1244 6100
1245 6023
1246 7762
1247 9634
1248 8700
1249 6008
1250 9623
1251 6311
1252 8179
1253 8838
1254 6599
1255 9065
1256 9121
1257 9140
1258 6738
1259 5316
1260 8294
1261 8105
1262 6907
1263 9585
1264 8889
1265 5852
1266 9911
1267 5328
1268 7410
1269 8374
1270 8640
1271 6038
1272 6998
1273 9753
1274 9464
1275 9440
1276 7763
1277 8667
1278 7917
1279 8681
1280 6786
1281 8383
1282 6391
1283 8649
1284 7973
1285 9743
1286 7687
1287 6597
1288 6569
1289 7084
1290 7191
1291 6547
1292 9093
1293 6723
1294 9256
1295 5813
1296 9032
1297 9437
1298 7316
1299 5564
1300 8758
1301 5130
1302 9134
1303 6744
1304 5162
1305 8016
1306 5116
1307 8100
1308 7355
1309 7307
1310 8323
1311 5952
1312 9742
1313 6502
1314 5914
1315 8812
1316 9697
1317 7646
1318 8554
1319 8033
1320 9312
1321 8694
1322 7024
1323 5191
1324 9963
1325 7143
1326 9503
1327 7815
1328 6664
1329 9713
1330 6843
1331 5859
1332 6978
1333 7570
1334 8515
1335 9275
1336 8277
1337 8043
1338 7007
1339 6918
1340 5213
1341 8711
1342 7175
1343 7408
1344 9039
1345 6620
1346 6989
1347 5787
1348 5028
1349 7017
1350 7690
1351 6387
1352 9801
1353 6642
1354 5576
1355 7038
1356 7173
1357 5840
1358 9611
1359 8728
1360 7242
1361 7782
1362 8226
1363 9575
1364 9914
1365 7628
1366 7331
1367 5543
1368 7206
1369 7127
1370 8776
1371 8521
1372 5138
1373 6975
1374 6957
1375 9595
1376 6350
1377 6207
1378 7113
1379 6073
1380 7757
1381 8581
1382 9839
1383 9478
1384 9919
1385 8358
1386 9268
1387 5156
1388 6227
1389 6169
1390 7531
1391 8530
1392 9648
1393 8165
1394 5597
1395 7350
1396 6384
1397 6201
1398 5483
1399 8793
1400 7395
1401 9167
1402 8262
1403 9637
1404 5037
1405 8457
1406 8888
1407 7526
1408 5860
1409 5930
1410 5417
1411 5098
1412 6609
1413 7586
1414 5821
1415 6310
1416 8481
1417 7428
1418 7873
1419 5613
1420 6216
1421 7361
1422 9476
1423 6974
1424 6317
1425 7708
1426 6044
1427 6920
1428 5973
1429 6213
1430 8458
1431 9981
1432 5667
1433 8405
1434 7832
1435 5841
1436 7549
1437 6848
1438 6452
1439 5551
1440 7697
1441 7227
1442 6194
1443 9235
1444 6062
1445 9260
1446 9814
1447 6370
1448 8756
1449 6069
1450 7561
1451 5189
1452 7583
1453 9059
1454 8691
1455 8520
1456 6935
1457 5689
1458 6050
1459 7211
1460 5619
1461 8496
1462 8306
1463 8941
1464 7150
1465 8196
1466 9046
1467 7080
1468 9472
1469 5281
1470 6532
1471 6816
1472 8899
1473 8942
1474 9313
1475 5812
1476 9118
1477 9576
1478 7671
1479 6300
1480 9020
1481 6485
1482 8780
1483 5310
1484 6631
1485 6952
1486 8791
1487 5771
1488 5360
1489 7776
1490 8816
1491 9500
1492 9060
1493 9661
1494 9847
1495 8584
1496 8542
1497 8312
1498 8727
1499 9364
1500 8680
1501 5587
1502 9522
1503 7621
1504 8508
1505 5385
1506 7394
1507 7186
1508 8324
1509 8782
1510 7367
1511 9259
1512 9579
1513 9566
1514 5994
1515 9062
1516 5489
1517 6649
1518 6809
1519 8128
1520 6629
1521 7098
1522 6334
1523 9685
1524 9796
1525 7778
1526 5202
1527 6607
1528 7386
1529 9147
1530 5525
1531 8555
1532 5282
1533 7591
1534 7114
1535 5519
1536 5299
1537 8015
1538 5567
1539 5856
1540 6381
1541 7993
1542 9708
1543 7612
1544 9150
1545 7222
1546 7091
1547 8987
1548 7365
1549 8773
1550 7492
1551 7437
1552 9247
1553 9130
1554 9332
1555 7095
1556 8848
1557 9518
1558 8136
1559 7680
1560 8591
1561 6040
1562 8194
1563 9688
1564 5876
1565 7530
1566 5283
1567 5371
1568 6356
1569 8494
1570 6662
1571 9843
1572 5112
1573 7837
1574 5234
1575 5614
1576 9391
1577 9127
1578 6886
1579 5361
1580 8452
1581 5751
1582 9367
1583 5408
1584 8310
1585 7899
1586 8665
1587 5801
1588 6277
1589 9991
1590 9212
1591 9038
1592 6902
1593 6577
1594 5814
1595 7675
1596 5062
1597 6230
1598 7155
1599 7948
1600 9139
1601 5438
1602 7576
1603 6380
1604 8068
1605 5321
1606 7068
1607 9216
1608 6934
1609 6626
1610 6603
1611 7362
1612 8970
1613 5792
1614 8419
1615 7523
1616 8187
1617 8660
1618 7478
1619 6385
1620 6055
1621 8385
1622 9858
1623 6418
1624 8615
1625 6794
1626 9248
1627 9287
1628 7961
1629 8477
1630 6371
1631 5303
1632 7850
1633 5631
1634 7746
1635 5881
1636 5060
1637 5365
1638 8713
1639 6088
1640 6963
1641 7051
1642 7417
1643 7679
1644 5366
1645 8343
1646 8186
1647 6580
1648 7517
1649 9168
1650 5261
1651 5697
1652 8331
1653 6378
1654 5266
1655 5712
1656 9666
1657 8022
1658 7290
1659 6086
1660 5884
1661 8365
1662 6767
1663 6298
1664 9764
1665 8927
1666 7727
1667 7622
1668 9923
1669 7418
1670 5777
1671 5850
1672 8641
1673 8367
1674 5376
1675 5857
1676 6358
1677 8489
1678 5612
1679 5703
1680 6653
1681 5977
1682 7411
1683 6429
1684 6625
1685 7798
1686 9970
1687 9568
1688 5346
1689 8296
1690 5019
1691 6522
1692 9967
1693 8726
1694 9628
1695 6591
1696 9187
1697 8936
1698 6557
1699 8393
1700 7285
1701 9862
1702 8519
1703 6075
1704 6997
1705 9119
1706 5233
1707 8495
1708 8565
1709 8439
1710 6113
1711 9785
1712 9031
1713 8329
1714 6402
1715 5295
1716 6758
1717 7689
1718 9509
1719 5353
1720 8999
1721 8124
1722 7154
1723 8097
1724 9227
1725 9303
1726 6449
1727 7928
1728 7546
1729 7685
1730 7987
1731 9822
1732 6255
1733 5311
1734 5946
1735 5615
1736 8354
1737 7566
1738 7787
1739 5127
1740 8150
1741 5644
1742 6171
1743 6946
1744 5592
1745 7515
1746 6417
1747 9635
1748 8729
1749 5604
1750 8630
1751 9703
1752 7971
1753 8326
1754 8894
1755 6481
1756 8891
1757 7579
1758 9819
1759 8913
1760 5574
1761 7016
1762 5312
1763 5527
1764 5601
1765 8558
1766 7799
1767 9788
1768 7877
1769 6638
1770 5181
1771 5003
1772 7458
1773 8710
1774 6685
1775 9017
1776 8953
1777 5942
1778 7424
1779 6153
1780 7219
1781 9473
1782 6492
1783 6661
1784 9019
1785 5833
1786 5834
1787 7937
1788 9184
1789 8078
1790 7606
1791 5934
1792 6143
1793 6647
1794 6677
1795 5287
1796 8177
1797 5503
1798 8766
1799 7347
1800 9114
1801 8852
1802 6690
1803 9546
1804 6917
1805 7751
1806 7784
1807 8037
1808 7261
1809 7502
1810 8772
1811 7120
1812 7703
1813 8478
1814 7373
1815 7144
1816 8309
1817 9517
1818 5497
1819 8949
1820 5603
1821 5921
1822 9369
1823 5226
1824 6403
1825 6364
1826 6041
1827 5951
1828 6922
1829 6622
1830 9761
1831 5260
1832 7900
1833 5722
1834 6266
1835 5129
1836 5044
1837 6808
1838 5939
1839 7657
1840 6679
1841 5259
1842 6093
1843 7432
1844 7303
1845 9977
1846 5909
1847 5404
1848 6696
1849 5068
1850 9629
1851 7618
1852 9662
1853 9213
1854 8993
1855 8893
1856 8930
1857 8765
1858 6613
1859 8746
1860 6683
1861 6897
1863 8747
1864 6865
1865 9162
1866 5789
1867 6231
1868 5104
1869 5406
1870 6742
1871 7461
1872 7431
1873 6150
1874 6360
1875 8320
1876 8822
1877 8003
1878 6290
1879 5807
1880 7770
1881 6096
1882 9881
1883 8522
1884 7826
1885 7758
1886 5331
1887 7199
1888 7044
1889 7318
1890 5907
1891 5448
1892 7241
1893 6861
1894 9422
1895 5690
1896 6496
1897 6589
1898 7027
1899 9103
1900 5188
1901 8831
1902 5972
1903 8172
1904 5214
1905 8922
1906 6832
1907 8880
1908 5645
1909 6036
1910 5147
1911 7462
1912 7053
1913 7269
1914 7951
1915 9379
1916 9107
1917 7801
1918 8286
1919 6549
1920 8572
1921 5031
1922 9459
1923 9560
1924 5167
1925 8932
1926 7011
1927 7215
1928 8054
1929 8050
1930 8719
1931 5976
1932 6309
1933 9047
1934 6877
1935 6657
1936 8688
1937 6060
1938 8596
1939 5940
1940 8602
1941 9828
1942 9169
1943 7003
1944 9265
1945 5440
1946 8644
1947 5357
1948 5486
1949 6269
1950 6029
1951 7357
1952 7695
1953 5493
1954 7065
1955 8005
1956 8583
1957 6765
1958 6332
1959 5963
1960 7339
1961 8479
1962 8287
1963 8943
1964 7941
1965 8098
1966 8492
1967 6540
1968 9917
1969 9165
1970 8533
1971 8325
1972 6233
1973 5082
1974 5267
1975 6210
1976 9000
1977 5708
1978 9775
1979 9390
1980 6081
1981 9780
1982 6328
1983 8000
1984 8013
1985 8484
1986 5174
1987 5765
1988 8444
1989 5904
1990 5620
1991 7444
1992 7819
1993 7499
1994 9718
1995 6355
1996 8877
1997 6346
1998 8291
1999 9954
2000 5764
2001 9220
2002 8661
2003 9409
2004 5163
2005 5370
2006 9948
2007 9377
2008 9792
2009 8195
2010 8127
2011 5153
2012 7208
2013 7337
2014 8006
2015 9444
2016 5715
2017 7200
2018 7317
2019 7563
2020 5705
2021 9463
2022 5555
2023 5208
2024 8845
2025 6237
2026 8473
2027 7352
2028 5558
2029 9133
2030 9731
2031 5221
2032 9385
2033 8686
2034 8438
2035 6463
2036 5839
2037 5654
2038 9832
2039 5178
2040 6064
2041 9550
2042 8806
2043 9671
2044 6493
2045 5143
2046 6165
2047 8977
2048 8621
2049 9434
2050 8592
2051 8573
2052 7578
2053 5514
2054 7497
2055 9110
2056 8441
2057 6881
2058 8795
2059 6895
2060 8176
2061 9528
2062 8096
2063 8202
2064 6770
2065 7224
2066 5922
2067 5092
2068 6550
2069 9617
2070 5691
2071 8273
2072 6352
2073 8879
2074 7449
2075 8091
2076 8839
2077 6173
2078 9985
2079 7596
2080 9533
2081 6416
2082 6592
2083 6182
2084 9196
2085 8148
2086 8536
2087 9186
2088 7440
2089 8248
2090 9194
2091 9238
2092 8162
2093 6212
2094 9084
2095 7232
2096 9527
2097 9421
2098 6019
2099 8240
2100 6398
2101 7800
2102 6139
2103 8088
2104 7012
2105 6248
2106 5245
2107 7895
2108 9998
2109 9890
2110 9149
2111 5521
2112 7043
2113 6719
2114 5041
2115 9243
2116 5763
2117 6572
2118 5021
2119 5762
2120 5504
2121 8491
2122 5315
2123 6536
2124 7340
2125 6215
2126 5334
2127 6859
2128 7205
2129 8759
2130 9281
2131 7062
2132 8281
2133 8787
2134 6406
2135 6312
2136 8095
2137 9800
2138 6348
2139 8853
2140 5264
2141 5978
2142 6630
2143 6099
2144 9152
2145 5875
2146 5806
2147 7046
2148 7130
2149 9376
2150 9358
2151 7346
2152 8454
2153 7218
2154 9199
2155 8808
2156 7808
2157 5247
2158 8155
2159 5373
2160 5984
2161 8059
2162 5179
2163 6259
2164 7942
2165 7488
2166 5296
2167 7627
2168 8502
2169 8116
2170 5103
2171 9574
2172 5468
2173 7791
2174 7661
2175 9806
2176 6576
2177 9174
2178 8200
2179 7416
2180 6261
2181 7409
2182 9383
2183 8234
2184 5333
2185 7082
2186 6914
2187 6981
2188 7522
2189 8763
2190 7729
2191 5547
2192 5134
2193 6782
2194 5544
2195 7997
2196 5368
2197 7398
2198 9789
2199 9037
2200 5925
2201 6566
2202 9033
2203 7286
2204 9647
2205 5533
2206 9815
2207 7634
2208 6232
2209 8551
2210 6323
2211 8406
2212 5960
2213 6820
2214 5158
2215 6608
2216 8924
2217 6864
2218 9427
2219 6423
2220 9486
2221 8965
2222 5621
2223 8931
2224 8035
2225 9691
2226 5146
2227 6635
2228 7177
2229 8440
2230 6273
2231 5570
2232 8517
2233 8906
2234 6539
2235 6757
2236 7868
2237 7820
2238 6857
2239 5190
2240 9808
2241 7740
2242 8499
2243 5090
2244 8531
2245 5937
2246 7371
2247 6236
2248 9402
2249 9225
2250 9009
2251 6085
2252 6022
2253 9630
2254 9910
2255 9563
2256 7582
2257 7706
2258 5709
2259 9730
2260 5254
2261 8823
2262 7874
2263 6860
2264 9735
2265 5901
2266 6991
2267 6177
2268 9003
2269 7587
2270 6805
2271 8264
2272 7816
2273 9669
2274 8449
2275 7597
2276 7783
2277 8401
2278 5301
2279 8216
2280 7329
2281 8857
2282 5917
2283 5481
2284 9429
2285 6751
2286 8633
2287 5704
2288 8976
2289 8466
2290 6643
2291 9876
2292 7735
2293 7743
2294 6890
2295 7014
2296 7435
2297 5185
2298 9961
2299 6783
2300 7397
2301 6072
2302 6292
2303 8914
2304 8282
2305 9502
2306 9079
2307 8351
2308 6707
2309 5008
2310 5548
2311 8666
2312 6477
2313 5395
2314 7722
2315 8313
2316 7356
2317 9759
2318 5903
2319 6162
2320 5784
2321 5045
2322 8133
2323 8207
2324 5683
2325 8231
2326 5024
2327 9993
2328 5268
2329 8829
2330 9658
2331 6868
2332 6908
2333 8099
2334 7871
2335 9277
2336 5702
2337 6438
2338 6990
2339 6949
2340 7663
2341 9177
2342 6560
2343 7190
2344 7614
2345 9645
2346 7471
2347 8908
2348 8027
2349 9709
2350 6628
2351 6941
2352 5409
2353 6666
2354 6468
2355 6314
2356 8255
2357 8911
2358 7483
2359 8303
2360 9888
2361 8750
2362 7152
2363 5716
2364 8428
2365 9315
2366 9307
2367 8346
2368 5769
2369 5692
2370 8645
2371 5706
2372 8101
2373 6390
2374 7674
2375 9053
2376 8204
2377 9498
2378 5943
2379 6342
2380 6896
2381 9373
2382 6344
2383 6301
2384 9968
2385 5416
2386 6909
2387 6853
2388 5392
2389 7454
2390 5723
2391 5488
2392 5892
2393 7025
2394 9219
2395 6089
2396 8892
2397 7536
2398 5534
2399 8120
2400 8769
2401 5229
2402 9389
2403 9837
2404 7198
2405 6480
2406 5906
2407 7457
2408 6982
2409 6507
2410 8957
2411 8051
2412 9499
2413 5803
2414 6141
2415 7073
2416 9414
2417 8890
2418 6867
2419 7266
2420 6976
2421 9514
2422 7342
2423 9353
2424 6605
2425 9492
2426 6834
2427 9049
2428 5530
2429 6563
2430 9641
2431 9068
2432 5018
2433 8158
2434 5171
2435 5023
2436 9879
2437 5111
2438 8814
2439 6776
2440 8364
2441 6461
2442 7565
2443 7840
2444 6181
2445 9885
2446 8577
2447 8239
2448 9712
2449 7909
2450 6829
2451 9179
2452 9108
2453 5223
2454 6614
2455 8459
2456 5767
2457 6265
2458 6687
2459 9768
2460 6315
2461 7862
2462 6602
2463 5126
2464 7404
2465 5711
2466 5912
2467 8375
2468 9715
2469 7302
2470 6570
2471 5944
2472 6128
2473 5101
2474 6211
2475 8663
2476 6279
2477 8642
2478 7189
2479 8910
2480 9573
2481 9577
2482 8223
2483 9294
2484 9286
2485 9524
2486 6382
2487 8873
2488 9740
2489 5559
2490 7141
2491 7901
2492 5461
2493 5583
2494 8209
2495 9953
2496 6439
2497 8559
2498 9424
2499 6508
2500 5414
2501 7692
2502 7600
2503 8720
2504 9790
2505 6018
2506 6247
2507 9158
2508 9842
2509 5086
2510 7745
2511 7957
2512 7313
2513 7158
2514 9592
2515 7047
2516 7593
2517 5025
2518 6426
2519 6408
2520 9925
2521 6116
2522 9439
2523 6858
2524 8488
2525 9565
2526 5653
2527 5578
2528 9567
2529 6686
2530 9600
2531 9631
2532 9404
2533 6407
2534 8723
2535 7650
2536 5161
2537 7032
2538 6879
2539 6588
2540 7176
2541 9173
2542 7972
2543 8413
2544 9123
2545 8944
2546 7965
2547 8486
2548 5848
2549 7301
2550 9252
2551 6131
2552 5750
2553 9335
2554 8850
2555 8464
2556 6670
2557 7265
2558 8682
2559 8755
2560 8154
2561 8446
2562 7702
2563 6931
2564 9705
2565 8151
2566 7263
2567 5122
2568 6399
2569 5941
2570 7946
2571 5779
2572 5992
2573 6938
2574 5557
2575 8284
2576 9111
2577 6219
2578 6531
2579 5887
2580 5084
2581 9795
2582 7759
2583 8394
2584 6289
2585 5269
2586 9393
2587 7288
2588 6722
2589 6891
2590 5447
2591 6578
2592 5948
2593 6806
2594 8874
2595 5347
2596 9051
2597 7659
2598 9927
2599 7864
2600 8335
2601 7667
2602 9425
2603 7691
2604 5172
2605 7359
2606 7577
2607 6495
2608 6844
2609 8104
2610 9233
2611 8762
2612 8007
2613 7843
2614 7704
2615 6964
2616 7319
2617 6923
2618 5030
2619 5563
2620 7755
2621 9794
2622 8244
2623 9052
2624 7069
2625 5908
2626 6571
2627 7162
2628 8626
2629 8144
2630 9908
2631 5378
2632 9469
2633 5752
2634 9531
2635 6111
2636 8069
2637 6244
2638 6024
2639 5810
2640 9913
2641 9386
2642 6915
2643 8871
2644 5980
2645 5288
2646 9208
2647 7345
2648 8077
2649 8010
2650 5898
2651 9074
2652 8737
2653 9308
2654 6774
2655 5590
2656 7110
2657 8222
2658 9078
2659 8030
2660 6937
2661 7140
2662 8171
2663 5553
2664 6956
2665 7392
2666 8143
2667 9458
2668 7752
2669 5511
2670 9504
2671 9205
2672 6091
2673 7419
2674 7956
2675 6208
2676 8754
2677 8112
2678 6293
2679 7015
2680 7381
2681 9423
2682 7794
2683 6138
2684 7518
2685 8315
2686 9999
2687 5186
2688 9461
2689 6270
2690 7908
2691 5802
2692 7146
2693 9674
2694 7936
2695 7489
2696 7210
2697 6137
2698 6046
2699 6866
2700 8433
2701 6818
2702 7279
2703 7196
2704 9758
2705 8748
2706 7503
2707 5916
2708 9996
2709 7364
2710 9085
2711 9962
2712 8948
2713 5743
2714 9428
2715 9616
2716 9288
2717 9126
2718 5741
2719 7163
2720 7686
2721 6932
2722 7976
2723 5635
2724 5595
2725 6140
2726 8425
2727 7166
2728 9251
2729 9166
2730 8314
2731 8617
2732 8258
2733 6118
2734 5902
2735 5372
2736 8683
2737 5016
2738 6074
2739 8090
2740 8388
2741 7358
2742 7327
2743 8093
2744 6506
2745 5446
2746 7472
2747 6112
2748 8570
2749 5013
2750 8302
2751 7267
2752 5783
2753 7037
2754 5825
2755 9479
2756 7300
2757 9746
2758 9348
2759 7887
2760 7324
2761 9465
2762 9606
2763 7233
2764 5304
2765 9013
2766 5015
2767 6513
2768 6297
2769 8125
2770 5240
2771 8600
2772 8778
2773 7056
2774 7696
2775 6836
2776 9572
2777 8926
2778 9096
2779 7959
2780 5659
2781 9128
2782 5467
2783 7640
2784 5730
2785 6618
2786 9497
2787 9132
2788 5661
2789 7953
2790 5034
2791 6486
2792 9131
2793 8130
2794 7511
2795 9278
2796 9684
2797 5433
2798 9721
2799 6616
2800 7623
2801 5329
2802 8390
2803 9293
2804 7370
2805 8567
2806 5006
2807 9530
2808 9892
2809 9859
2810 6345
2811 6584
2812 8047
2813 7513
2814 8163
2815 7193
2816 8014
2817 7058
2818 6146
2819 5646
2820 8023
2821 9317
2822 8378
2823 8903
2824 5475
2825 9804
2826 6458
2827 9734
2828 7033
2829 5988
2830 7182
2831 7524
2832 5087
2833 6249
2834 5330
2835 9894
2836 5081
2837 7539
2838 6650
2839 6307
2840 7026
2841 7374
2842 8025
2843 7870
2844 7754
2845 5309
2846 6427
2847 6561
2848 6958
2849 9701
2850 9064
2851 9971
2852 5377
2853 6319
2854 8299
2855 9787
2856 8072
2857 8137
2858 9607
2859 6331
2860 7059
2861 7662
2862 8252
2863 9436
2864 7541
2865 6101
2866 9453
2867 6223
2868 5049
2869 9276
2870 7954
2871 7748
2872 7737
2873 7747
2874 5666
2875 5219
2876 7066
2877 8549
2878 9552
2879 9714
2880 5569
2881 6119
2882 6340
2883 7694
2884 5539
2885 7229
2886 7088
2887 6598
2888 7028
2889 8770
2890 5717
2891 6870
2892 8224
2893 8693
2894 7378
2895 8582
2896 8265
2897 9553
2898 9360
2899 6756
2900 7393
2901 5893
2902 5476
2903 6823
2904 5808
2905 6955
2906 5340
2907 5443
2908 6703
2909 7034
2910 8369
2911 8612
2912 7121
2913 9241
2914 9291
2915 8118
2916 7262
2917 8698
2918 5843
2919 8742
2920 7333
2921 9827
2922 6354
2923 8827
2924 9812
2925 9455
2926 7126
2927 9750
2928 9011
2929 8462
2930 6434
2931 8445
2932 8867
2933 7637
2934 6132
2935 6971
2936 9431
2937 6498
2938 8122
2939 7045
2940 7221
2941 9686
2942 6835
2943 8418
2944 9834
2945 6497
2946 9344
2947 5678
2948 5895
2949 6992
2950 5182
2951 5027
2952 7644
2953 9460
2954 5042
2955 8134
2956 7036
2957 6873
2958 6329
2959 8835
2960 8552
2961 9816
2962 5656
2963 8036
2964 8111
2965 7796
2966 6559
2967 7108
2968 9554
2969 5056
2970 6448
2971 6283
2972 5052
2973 6883
2974 6133
2975 5871
2976 8115
2977 9323
2978 5324
2979 7944
2980 6234
2981 6487
2982 5747
2983 9024
2984 5435
2985 7713
2986 6730
2987 6409
2988 9144
2989 6874
2990 7002
2991 9470
2992 5954
2993 8062
2994 6076
2995 7904
2996 7052
2997 9340
2998 9101
2999 9374
3000 9513
3001 8060
3002 7403
3003 6846
3004 8389
3005 9958
3006 9403
3007 6875
3008 8289
3009 5055
3010 7806
3011 9825
3012 8268
3013 7106
3014 6771
3015 8963
3016 5117
3017 9891
3018 8588
3019 6436
3020 7572
3021 7890
3022 8407
3023 8094
3024 8422
3025 8985
3026 7071
3027 8789
3028 8504
3029 8206
3030 7647
3031 8740
3032 8298
3033 6574
3034 7983
3035 8028
3036 9695
3037 7797
3038 8610
3039 9257
3040 8511
3041 8141
3042 6503
3043 6640
3044 9510
3045 9387
3046 5640
3047 8670
3048 6059
3049 6193
3050 8543
3051 5083
3052 8722
3053 7116
3054 9934
3055 9056
3056 8220
3057 8371
3058 8995
3059 5894
3060 9310
3061 8336
3062 5975
3063 5947
3064 8938
3065 8437
3066 8611
3067 9620
3068 5987
3069 6716
3070 8878
3071 8213
3072 8937
3073 6634
3074 7023
3075 8983
3076 6678
3077 7635
3078 5824
3079 9192
3080 9951
3081 5381
3082 5577
3083 9468
3084 9754
3085 6327
3086 8883
3087 7304
3088 5687
3089 5815
3090 9322
3091 6077
3092 7325
3093 9044
3094 9836
3095 7335
3096 9451
3097 6065
3098 6187
3099 9529
3100 9487
3101 9878
3102 9984
3103 9831
3104 8018
3105 7102
3106 8019
3107 6351
3108 9069
3109 9090
3110 7438
3111 9680
3112 9864
3113 5500
3114 9683
3115 7658
3116 5782
3117 8461
3118 5770
3119 6854
3120 6926
3121 6619
3122 6781
3123 5452
3124 5075
3125 8905
3126 8243
3127 5165
3128 8864
3129 6288
3130 6009
3131 5886
3132 6170
3133 9853
3134 9254
3135 6755
3136 8604
3137 8503
3138 6166
3139 6623
3140 6361
3141 9599
3142 6954
3143 7510
3144 8119
3145 7716
3146 7964
3147 9190
3148 9264
3149 9035
3150 6405
3151 6562
3152 7543
3153 7969
3154 8396
3155 9582
3156 6079
3157 6057
3158 6735
3159 9638
3160 8935
3161 7605
3162 5531
3163 6012
3164 6447
3165 5998
3166 5919
3167 8212
3168 7008
3169 6025
3170 6852
3171 6161
3172 9997
3173 5776
3174 8008
3175 9811
3176 5491
3177 8211
3178 8235
3179 6729
3180 5248
3181 9449
3182 8561
3183 5573
3184 5956
3185 8361
3186 5439
3187 7670
3188 9083
3189 7129
3190 9297
3191 5896
3192 9269
3193 5113
3194 6615
3195 8912
3196 5490
3197 5639
3198 8126
3199 9432
3200 5136
3201 7422
3202 9007
3203 5412
3204 7076
3205 8506
3206 7981
3207 9080
3208 5432
3209 6090
3210 7863
3211 8578
3212 9512
3213 8498
3214 7867
3215 7061
3216 8928
3217 8751
3218 5602
3219 5262
3220 8507
3221 7506
3222 9371
3223 5696
3224 8695
3225 9916
3226 7187
3227 9557
3228 9200
3229 8283
3230 5927
3231 9872
3232 7683
3233 6769
3234 8032
3235 9944
3236 9088
3237 7817
3238 9211
3239 5474
3240 9982
3241 8138
3242 7202
3243 8417
3244 5348
3245 8372
3246 9716
3247 9063
3248 5222
3249 6031
3250 8073
3251 6049
3252 5609
3253 8190
3254 9054
3255 8887
3256 7161
3257 7501
3258 5828
3259 8344
3260 7496
3261 7041
3262 6272
3263 8241
3264 8427
3265 7631
3266 6184
3267 9361
3268 8685
3269 6473
3270 6967
3271 5410
3272 8412
3273 5137
3274 8450
3275 8280
3276 9413
3277 6206
3278 7090
3279 8403
3280 6636
3281 7553
3282 8355
3283 9990
3284 9838
3285 5383
3286 7698
3287 7741
3288 8607
3289 5141
3290 8040
3291 9028
3292 7950
3293 5053
3294 6135
3295 7320
3296 6692
3297 9180
3298 9898
3299 7473
3300 7368
3301 5817
3302 6944
3303 5634
3304 5524
3305 8164
3306 5982
3307 7721
3308 6395
3309 7001
3310 8863
3311 6196
3312 8881
3313 7112
3314 7247
3315 5829
3316 8246
3317 9975
3318 7275
3319 5046
3320 5159
3321 8929
3322 8579
3323 8210
3324 6252
3325 9105
3326 5305
3327 6440
3328 9488
3329 9407
3330 9202
3331 8064
3332 8087
3333 7934
3334 9040
3335 8024
3336 5215
3337 6159
3338 6815
3339 9400
3340 6401
3341 6010
3342 8917
3343 9830
3344 9659
3345 8467
3346 8058
3347 8431
3348 7520
3349 7994
3350 7372
3351 9447
3352 8292
3353 8781
3354 7256
3355 6260
3356 6655
3357 8603
3358 8109
3359 6441
3360 7923
3361 6894
3362 6129
3363 7949
3364 6804
3365 6002
3366 9172
3367 8916
3368 5250
3369 6494
3370 6097
3371 6020
3372 6043
3373 5038
3374 5528
3375 9520
3376 8524
3377 8490
3378 6147
3379 6048
3380 6291
3381 9677
3382 7590
3383 5736
3384 8678
3385 7991
3386 8304
3387 9915
3388 9760
3389 7825
3390 8860
3391 7021
3392 6984
3393 8379
3394 5314
3395 6488
3396 9551
3397 6519
3398 9589
3399 8360
3400 6183
3401 9073
3402 8709
3403 6330
3404 5367
3405 6134
3406 7562
3407 8170
3408 7203
3409 6155
3410 5720
3411 5686
3412 5867
3413 9640
3414 6151
3415 5658
3416 8712
3417 9765
3418 8569
3419 9396
3420 8620
3421 6280
3422 9889
3423 5284
3424 6579
3425 6098
3426 6736
3427 7821
3428 9125
3429 5637
3430 9284
3431 5099
3432 6445
3433 7334
3434 8381
3435 6373
3436 6204
3437 9826
3438 7369
3439 8854
3440 7194
3441 6126
3442 9588
3443 9349
3444 5599
3445 9106
3446 8982
3447 5642
3448 6714
3449 9326
3450 8221
3451 9004
3452 5344
3453 6564
3454 5532
3455 8996
3456 8514
3457 5670
3458 6511
3459 5611
3460 5210
3461 5482
3462 5761
3463 5866
3464 9870
3465 5891
3466 9015
3467 9875
3468 6994
3469 9584
3470 6800
3471 5512
3472 7723
3473 9356
3474 8080
3475 5485
3476 7598
3477 8341
3478 7475
3479 7544
3480 9362
3481 7945
3482 6004
3483 9311
3484 8256
3485 8448
3486 6708
3487 8017
3488 8851
3489 5466
3490 8039
3491 5195
3492 9835
3493 8319
3494 7766
3495 5545
3496 9122
3497 5022
3498 8082
3499 9224
3500 9591
3501 5775
3502 7982
3503 5039
3504 5115
3505 6645
3506 6324
3507 6374
3508 6110
3509 8049
3510 5924
3511 8482
3512 6725
3513 9590
3514 7705
3515 6601
3516 6120
3517 9720
3518 5562
3519 8798
3520 6218
3521 7847
3522 5632
3523 5872
3524 7426
3525 9849
3526 7903
3527 6747
3528 7786
3529 5401
3530 8979
3531 8332
3532 6156
3533 6741
3534 8236
3535 6893
3536 9331
3537 6412
3538 5220
3539 7010
3540 6217
3541 9347
3542 7726
3543 5788
3544 7246
3545 8598
3546 7880
3547 6746
3548 9736
3549 8869
3550 9350
3551 9061
3552 7469
3553 5238
3554 6066
3555 5469
3556 9769
3557 7425
3558 5005
3559 5727
3560 6780
3561 5285
3562 5209
3563 5337
3564 7649
3565 7235
3566 5455
3567 6993
3568 7060
3569 8984
3570 5641
3571 9081
3572 5800
3573 5072
3574 8140
3575 8945
3576 6035
3577 9702
3578 8886
3579 6790
3580 9341
3581 6130
3582 9221
3583 9171
3584 6425
3585 8980
3586 6070
3587 6326
3588 8114
3589 5421
3590 7914
3591 8595
3592 8509
3593 5002
3594 5216
3595 7248
3596 7540
3597 7966
3598 8805
3599 8045
3600 5682
3601 6999
3602 8734
3603 9941
3604 9263
3605 8842
3606 8801
3607 6375
3608 9097
3609 5128
3610 5785
3611 6953
3612 7660
3613 6028
3614 6157
3615 8799
3616 7402
3617 7237
3618 8628
3619 7639
3620 5923
3621 9446
3622 6972
3623 9972
3624 5323
3625 7824
3626 5537
3627 6802
3628 6775
3629 7170
3630 9438
3631 9262
3632 7625
3633 6202
3634 7272
3635 5419
3636 9410
3637 7739
3638 6011
3639 6587
3640 7070
3641 8988
3642 8290
3643 8469
3644 7228
3645 7528
3646 6007
3647 7456
3648 5496
3649 5625
3650 9739
3651 6168
3652 5549
3653 8208
3654 8191
3655 8956
3656 7057
3657 7990
3658 9784
3659 7701
3660 6825
3661 6942
3662 6973
3663 7147
3664 5193
3665 8086
3666 8550
3667 8921
3668 8168
3669 9207
3670 8997
3671 7537
3672 8804
3673 7603
3674 8705
3675 5554
3676 9899
3677 9112
3678 8669
3679 8348
3680 9426
3681 6235
3682 6144
3683 6728
3684 8382
3685 7632
3686 5798
3687 7550
3688 9581
3689 8052
3690 9505
3691 5342
3692 6276
3693 9365
3694 6544
3695 5017
3696 9817
3697 8920
3698 6339
3699 6275
3700 5501
3701 7253
3702 9249
3703 7547
3704 5057
3705 9226
3706 5673
3707 5271
3708 9805
3709 9417
3710 8471
3711 6349
3712 7174
3713 7682
3714 8318
3715 8895
3716 9907
3717 5643
3718 7035
3719 7881
3720 5675
3721 8648
3722 5420
3723 9188
3724 6178
3725 6739
3726 7970
3727 6676
3728 5809
3729 6453
3730 8181
3731 5959
3732 6172
3733 7031
3734 6392
3735 7443
3736 7197
3737 7665
3738 5733
3739 5969
3740 6939
3741 7414
3742 7295
3743 9336
3744 9457
3745 8451
3746 6807
3747 7545
3748 5430
3749 6515
3750 6888
3751 9239
3752 5350
3753 7322
3754 5390
3755 7353
3756 5794
3757 8065
3758 8399
3759 5869
3760 8815
3761 8368
3762 6285
3763 8423
3764 5568
3765 8103
3766 8192
3767 9309
3768 8350
3769 9612
3770 9732
3771 5628
3772 8525
3773 9329
3774 9204
3775 6855
3776 9378
3777 9266
3778 7480
3779 8745
3780 6840
3781 6573
3782 5996
3783 5089
3784 9848
3785 6641
3786 6372
3787 5851
3788 7977
3789 9980
3790 7245
3791 6197
3792 6316
3793 6274
3794 8297
3795 9255
3796 8475
3797 9067
3798 8826
3799 7086
3800 6457
3801 5206
3802 5445
3803 5237
3804 8790
3805 8909
3806 9536
3807 6910
3808 6904
3809 5636
3810 8250
3811 7230
3812 6516
3813 6702
3814 8907
3815 8529
3816 9930
3817 5400
3818 8975
3819 6787
3820 5033
3821 9542
3822 9267
3823 9066
3824 5242
3825 5899
3826 8392
3827 6556
3828 5915
3829 8516
3830 8859
3831 6812
3832 6224
3833 7495
3834 7892
3835 6082
3836 5753
3837 8041
3838 7284
3839 5684
3840 8696
3841 9193
3842 5026
3843 7655
3844 8885
3845 6801
3846 5830
3847 8513
3848 6410
3849 7239
3850 8456
3851 9952
3852 7931
3853 5494
3854 6667
3855 6948
3856 5694
3857 5735
3858 9614
3859 6318
3860 7857
3861 8741
3862 9253
3863 7171
3864 5428
3865 9210
3866 5170
3867 9675
3868 7128
3869 9155
3870 7430
3871 8161
3872 5196
3873 7293
3874 9924
3875 9135
3876 8708
3877 6927
3878 8813
3879 7724
3880 7521
3881 7988
3882 7780
3883 8623
3884 7354
3885 5437
3886 8034
3887 8110
3888 5861
3889 9146
3890 8185
3891 9006
3892 5187
3893 9086
3894 8764
3895 7349
3896 8395
3897 5826
3898 8366
3899 8807
3900 8410
3901 7311
3902 8718
3903 7715
3904 7774
3905 6174
3906 9157
3907 6258
3908 6637
3909 6558
3910 6068
3911 8476
3912 6901
3913 7856
3914 9223
3915 7720
3916 9793
3917 7802
3918 7338
3919 9696
3920 6037
3921 9856
3922 8946
3923 5845
3924 9840
3925 5007
3926 6798
3927 9214
3928 9474
3929 7889
3930 5471
3931 8468
3932 7732
3933 8205
3934 6648
3935 6824
3936 5674
3937 8443
3938 9316
3939 6590
3940 9820
3941 6644
3942 5048
3943 5011
3944 7984
3945 5772
3946 9506
3947 9989
3948 8251
3949 7841
3950 7029
3951 9092
3952 9258
3953 5744
3954 5151
3955 5332
3956 7270
3957 7567
3958 7838
3959 5726
3960 8370
3961 6796
3962 7830
3963 9181
3964 6813
3965 7656
3966 7960
3967 9976
3968 5391
3969 5132
3970 8654
3971 8594
3972 5177
3973 6691
3974 8342
3975 7912
3976 5718
3977 7859
3978 8832
3979 6961
3980 8293
3981 7677
3982 6826
3983 9763
3984 9076
3985 7209
3986 9388
3987 5663
3988 8725
3989 6353
3990 6136
3991 5194
3992 5270
3993 7420
3994 6672
3995 6717
3996 6727
3997 9306
3998 6568
3999 8237
4000 5140
4001 9905
4002 5434
4003 7360
4004 7529
4005 6612
4006 7879
4007 8021
4008 6849
4009 5575
4010 6214
4011 7388
4012 8687
4013 5582
4014 6764
4015 9933
4016 7131
4017 8743
4018 5279
4019 6740
4020 8986
4021 8664
4022 9774
4023 7216
4024 5585
4025 6520
4026 8219
4027 7668
4028 9236
4029 9120
4030 6369
4031 9541
4032 7624
4033 5499
4034 8227
4035 9965
4036 6443
4037 7616
4038 9481
4039 8959
4040 6652
4041 8173
4042 5280
4043 9381
4044 6899
4045 7835
4046 5272
4047 7204
4048 8616
4049 5993
4050 8189
4051 5526
4052 8797
4053 6617
4054 8435
4055 7933
4056 6287
4057 9320
4058 6313
4059 8635
4060 8327
4061 7717
4062 7400
4063 7465
4064 6965
4065 9624
4066 5164
4067 5920
4068 6962
4069 5379
4070 9022
4071 8129
4072 8066
4073 7932
4074 5074
4075 9749
4076 8113
4077 9663
4078 6621
4079 7366
4080 5838
4081 9621
4082 7379
4083 7236
4084 7789
4085 6656
4086 7283
4087 9569
4088 6693
4089 7813
4090 6322
4091 9719
4092 9490
4093 9002
4094 5014
4095 9751
4096 9672
4097 5560
4098 8958
4099 8338
4100 7742
4101 9285
4102 7592
4103 8668
4104 8429
4105 8146
4106 8523
4107 9556
4108 9222
4109 8599
4110 6718
4111 5085
4112 5079
4113 5633
4114 5398
4115 8404
4116 9280
4117 5598
4118 9380
4119 6203
4120 8153
4121 7156
4122 7999
4123 7132
4124 9507
4125 5725
4126 9957
4127 9939
4128 9471
4129 5472
4130 7882
4131 6341
4132 5298
4133 5622
4134 8619
4135 9296
4136 8662
4137 6654
4138 9494
4139 9271
4140 5540
4141 7123
4142 6186
4143 8580
4144 6817
4145 9722
4146 7159
4147 6911
4148 8362
4149 9526
4150 6366
4151 6152
4152 7645
4153 8295
4154 5566
4155 7718
4156 9467
4157 9597
4158 6001
4159 9706
4160 7315
4161 5102
4162 5066
4163 5936
4164 8761
4165 7913
4166 7505
4167 6446
4168 8166
4169 5071
4170 5121
4171 8527
4172 8786
4173 6087
4174 5651
4175 6889
4176 6397
4177 5402
4178 7771
4179 8266
4180 8053
4181 5243
4182 9690
4183 5110
4184 6689
4185 6530
4186 7223
4187 7135
4188 6900
4189 6278
4190 6084
4191 6281
4192 6863
4193 8510
4194 8632
4195 6469
4196 5873
4197 8539
4198 5791
4199 6762
4200 8432
4201 6337
4202 6581
4203 8939
4204 8001
4205 7280
4206 7326
4207 7079
4208 6966
4209 6912
4210 7710
4211 9070
4212 9301
4213 5426
4214 8563
4215 9016
4216 5823
4217 5766
4218 5239
4219 6017
4220 7855
4221 7341
4222 8836
4223 7852
4224 8622
4225 6841
4226 6241
4227 8714
4228 7769
4229 5985
4230 7383
4231 7434
4232 7486
4233 6698
4234 5478
4235 5197
4236 9345
4237 8629
4238 5594
4239 6027
4240 5231
4241 8915
4242 5369
4243 9372
4244 8229
4245 5541
4246 7607
4247 9555
4248 6526
4249 5463
4250 5425
4251 8272
4252 5986
4253 5411
4254 9562
4255 9394
4256 7385
4257 7083
4258 9318
4259 6056
4260 5327
4261 5154
4262 7094
4263 6045
4264 8643
4265 9771
4266 6478
4267 9668
4268 7250
4269 9959
4270 7405
4271 6122
4272 5249
4273 8333
4274 9978
4275 9945
4276 5679
4277 9992
4278 9988
4279 8625
4280 8809
4281 5387
4282 9932
4283 9129
4284 5617
4285 6054
4286 6435
4287 7500
4288 7255
4289 5971
4290 5204
4291 6673
4292 6284
4293 5302
4294 5758
4295 8447
4296 8402
4297 9912
4298 6555
4299 5257
4300 5107
4301 9406
4302 7119
4303 9240
4304 5799
4305 8609
4306 7137
4307 5596
4308 6977
4309 6071
4310 7259
4311 6092
4312 6546
4313 7100
4314 5338
4315 6833
4316 6928
4317 7212
4318 8230
4319 5827
4320 7958
4321 8242
4322 6583
4323 6887
4324 9655
4325 6639
4326 6127
4327 8692
4328 7527
4329 9841
4330 6811
4331 6663
4332 6527
4333 5160
4334 5721
4335 8796
4336 6951
4337 7910
4338 7467
4339 7470
4340 7678
4341 8063
4342 8568
4343 8954
4344 6271
4345 9821
4346 5142
4347 8875
4348 7439
4349 5318
4350 6460
4351 6688
4352 6125
4353 7442
4354 6980
4355 7172
4356 9368
4357 6221
4358 6456
4359 8004
4360 7257
4361 5065
4362 6433
4363 7479
4364 7249
4365 5477
4366 5588
4367 8631
4368 7040
4369 8771
4370 5650
4371 8716
4372 7306
4373 8856
4374 9300
4375 5623
4376 6359
4377 9642
4378 7312
4379 8673
4380 8989
4381 8076
4382 9005
4383 8121
4384 7924
4385 6847
4386 5465
4387 8735
4388 7429
4389 8167
4390 7793
4391 8537
4392 8659
4393 5317
4394 6462
4395 5507
4396 8085
4397 7707
4398 8656
4399 8613
4400 7089
4401 8198
4402 7693
4403 6419
4404 8397
4405 5473
4406 9416
4407 6145
4408 5227
4409 8690
4410 7258
4411 5669
4412 8009
4413 6222
4414 7827
4415 5677
4416 7620
4417 5997
4418 7652
4419 9018
4420 7149
4421 6521
4422 7560
4423 8203
4424 7869
4425 6542
4426 6333
4427 7865
4428 7839
4429 5345
4430 7939
4431 7298
4432 8541
4433 9543
4434 8961
4435 9897
4436 9314
4437 6389
4438 5114
4439 7574
4440 7109
4441 8605
4442 5457
4443 8267
4444 5059
4445 5509
4446 7124
4447 7854
4448 5152
4449 9654
4450 6632
4451 6784
4452 9299
4453 5459
4454 7760
4455 6483
4456 6121
4457 6229
4458 7772
4459 9496
4460 8079
4461 9104
4462 8352
4463 8733
4464 7072
4465 9636
4466 8950
4467 7601
4468 5451
4469 7756
4470 5252
4471 8108
4472 5061
4473 8674
4474 5950
4475 9159
4476 7636
4477 5516
4478 5757
4479 5745
4480 6916
4481 8947
4482 6968
4483 8784
4484 8157
4485 9370
4486 8067
4487 7225
4488 5888
4489 7844
4490 8925
4491 8225
4492 7022
4493 8553
4494 5868
4495 8560
4496 9741
4497 9339
4498 9036
4499 6768
4500 5313
4501 8411
4502 7630
4503 8485
4504 5399
4505 9154
4506 9099
4507 9217
4508 7294
4509 8149
4510 9578
4511 7714
4512 8918
4513 9456
4514 5004
4515 6474
4516 7244
4517 7876
4518 9561
4519 5905
4520 9776
4521 8828
4522 7940
4523 8020
4524 7809
4525 7133
4526 7975
4527 6720
4528 6489
4529 6188
4530 9880
4531 7767
4532 6830
4533 5918
4534 7765
4535 8562
4536 6930
4537 5063
4538 5781
4539 6033
4540 5931
4541 6294
4542 6464
4543 8606
4544 9540
4545 8768
4546 8981
4547 9138
4548 9938
4549 7447
4550 6286
4551 5520
4552 7509
4553 8493
4554 6185
4555 6753
4556 6115
4557 9145
4558 9857
4559 9601
4560 5816
4561 8386
4562 5495
4563 5343
4564 6779
4565 5393
4566 7884
4567 8359
4568 5064
4569 8657
4570 7142
4571 5325
4572 7278
4573 9273
4574 7648
4575 8966
4576 7406
4577 5422
4578 9433
4579 8651
4580 7805
4581 9351
4582 9903
4583 5100
4584 9245
4585 9650
4586 8376
4587 8147
4588 8300
4589 6336
4590 5846
4591 5968
4592 5754
4593 7610
4594 7792
4595 6176
4596 5109
4597 6600
4598 9583
4599 6357
4600 8274
4601 6671
4602 7201
4603 5069
4604 5424
4605 9334
4606 9342
4607 8160
4608 6745
4609 9189
4610 9538
4611 6828
4612 6633
4613 8201
4614 6880
4615 7894
4616 8564
4617 5355
4618 9682
4619 8855
4620 7860
4621 8538
4622 5265
4623 7580
4624 6604
4625 5356
4626 7617
4627 9282
4628 5388
4629 7584
4630 5983
4631 5746
4632 5054
4633 9633
4634 9274
4635 9148
4636 7532
4637 5882
4638 9484
4639 5155
4640 6377
4641 9851
4642 5394
4643 6525
4644 7514
4645 7481
4646 6929
4647 6795
4648 8566
4649 6906
4650 9477
4651 5811
4652 5320
4653 6030
4654 7291
4655 9082
4656 7943
4657 7433
4658 6253
4659 7719
4660 7564
4661 5097
4662 6167
4663 5297
4664 5322
4665 7833
4666 8193
4667 9644
4668 8512
4669 5278
4670 9516
4671 6102
4672 5454
4673 5955
4674 7055
4675 6545
4676 5961
4677 6985
4678 5991
4679 9869
4680 8897
4681 6107
4682 6363
4683 6697
4684 9359
4685 6712
4686 6724
4687 8042
4688 9943
4689 5157
4690 7608
4691 5211
4692 5363
4693 9900
4694 9929
4695 9198
4696 8434
4697 9926
4698 8653
4699 7074
4700 7391
4701 6149
4702 9904
4703 5707
4704 7103
4705 6709
4706 7952
4707 5999
4708 5989
4709 8940
4710 7725
4711 9338
4712 6674
4713 9726
4714 9673
4715 6996
4716 9598
4717 7534
4718 7773
4719 9021
4720 9175
4721 7067
4722 7552
4723 6083
4724 7485
4725 6959
4726 9665
4727 8618
4728 7343
4729 8081
4730 9292
4731 6148
4732 8285
4733 5616
4734 9231
4735 6903
4736 5169
4737 8870
4738 7569
4739 8973
4740 6658
4741 7165
4742 7105
4743 5865
4744 7274
4745 7883
4746 6837
4747 8470
4748 8994
4749 6484
4750 5589
4751 9580
4752 9895
4753 5464
4754 9483
4755 9087
4756 5584
4757 7929
4758 8825
4759 5502
4760 9653
4761 9867
4762 6282
4763 5139
4764 6789
4765 5319
4766 7548
4767 9622
4768 9855
4769 6943
4770 7264
4771 5341
4772 9987
4773 7111
4774 5662
4775 7814
4776 8424
4777 7463
4778 7962
4779 6850
4780 6695
4781 5080
4782 5938
4783 8453
4784 9643
4785 5608
4786 7030
4787 6257
4788 8465
4789 5979
4790 6785
4791 8866
4792 8308
4793 5427
4794 5508
4795 9744
4796 9884
4797 6472
4798 9521
4799 8199
4800 9230
4801 5700
4802 8847
4803 6306
4804 6175
4805 5442
4806 5032
4807 8074
4808 5926
4809 9161
4810 8217
4811 9143
4812 9117
4813 6450
4814 9874
4815 7009
4816 6715
4817 7308
4818 8862
4819 8518
4820 9670
4821 7164
4822 8307
4823 8990
4824 8182
4825 5854
4826 5293
4827 6551
4828 9667
4829 8614
4830 8142
4831 6872
4832 6529
4833 9995
4834 6394
4835 9234
4836 6200
4837 5804
4838 5699
4839 8587
4840 6793
4841 6845
4842 9698
4843 6567
4844 9201
4845 8803
4846 5291
4847 5095
4848 6362
4849 6838
4850 7888
4851 6180
4852 6862
4853 6051
4854 9942
4855 7885
4856 7125
4857 9160
4858 6225
4859 8301
4860 6732
4861 5820
4862 7387
4863 5760
4864 6778
4865 8535
4866 7101
4867 6710
4868 6950
4869 6988
4870 5853
4871 7077
4872 9466
4873 9279
4874 9025
4875 8106
4876 5148
4877 5218
4878 5626
4879 6665
4880 9333
4881 9949
4882 9366
4883 6668
4884 7254
4885 8636
4886 7818
4887 7551
4888 5957
4889 8677
4890 9195
4891 6646
4892 5522
4893 6731
4894 9050
4895 7104
4896 8955
4897 6396
4898 7829
4899 7185
4900 9850
4901 6428
4902 7195
4903 8321
4904 5362
4905 6338
4906 6058
4907 5405
4908 6499
4909 8962
4910 5546
4911 8356
4912 5572
4913 8608
4914 5125
4915 8135
4916 7321
4917 6482
4918 7996
4919 6490
4920 6553
4921 8721
4922 9660
4923 6533
4924 6455
4925 5542
4926 7151
4927 9545
4928 9906
4929 9042
4930 6913
4931 6898
4932 8044
4933 6925
4934 7494
4935 9435
4936 6295
4937 7107
4938 8373
4939 8830
4940 8991
4941 6500
4942 9681
4943 5228
4944 5067
4945 7309
4946 7018
4947 6475
4948 8075
4949 7487
4950 7468
4951 9246
4952 9026
4953 9657
4954 8178
4955 7588
4956 5518
4957 8590
4958 8349
4959 8967
4960 7575
4961 5719
4962 6005
4963 5232
4964 6822
4965 5835
4966 8152
4967 9354
4968 7963
4969 9610
4970 8998
4971 9419
4972 7861
4973 8501
4974 9887
4975 5275
4976 8904
4977 5550
4978 7750
4979 7512
4980 7375
4981 7081
4982 8861
4983 8658
4984 5449
4985 8500
4986 6160
4987 6142
4988 7412
4989 8232
4990 7980
4991 8061
4992 8818
4993 9325
4994 7396
4995 7363
4996 6320
4997 6538
4998 6491
4999 5105
