0 0
0 0
110350 110349
98872 98871
0 0
0 0
0 0
0 0
0 0
48838 48837
0 0
47086 47085
0 0
0 0
124956 124955
0 0
77086 77085
92216 92215
0 0
52056 52055
0 0
0 0
94318 94317
0 0
72842 72841
0 0
77184 77183
0 0
0 0
0 0
93620 93619
0 0
0 0
0 0
0 0
0 0
0 0
38642 38641
0 0
45444 45443
75250 75249
51354 51353
0 0
0 0
0 0
52768 52767
0 0
107806 107805
48202 48201
0 0
0 0
0 0
97886 97885
0 0
48974 48973
115238 115237
86366 86365
125332 125331
0 0
0 0
62122 62121
0 0
0 0
107870 107869
0 0
0 0
0 0
64060 64059
0 0
0 0
37710 37709
0 0
99938 99937
124388 124387
0 0
0 0
0 0
0 0
0 0
0 0
0 0
53438 53437
0 0
0 0
0 0
97040 97039
90844 90843
57900 57899
0 0
0 0
80714 80713
106312 106311
68816 68815
0 0
0 0
73258 73257
0 0
99094 99093
0 0
61344 61343
0 0
99334 99333
115350 115349
0 0
77968 77967
37852 37851
61748 61747
0 0
85830 85829
0 0
0 0
79164 79163
62580 62579
0 0
0 0
0 0
74568 74567
0 0
0 0
36966 36965
115186 115185
43190 43189
0 0
54196 54195
61510 61509
0 0
0 0
56350 56349
125326 125325
69246 69245
0 0
85472 85471
0 0
0 0
0 0
50176 50175
0 0
0 0
0 0
36736 36735
0 0
0 0
87388 87387
0 0
66696 66695
60228 60227
58766 58765
63076 63075
120190 120189
95666 95665
39930 39929
0 0
0 0
0 0
59266 59265
83292 83291
80602 80601
0 0
78460 78459
0 0
0 0
48208 48207
77724 77723
0 0
119554 119553
0 0
0 0
0 0
0 0
0 0
49306 49305
113468 113467
64504 64503
45866 45865
0 0
0 0
0 0
0 0
0 0
0 0
0 0
47354 47353
0 0
72816 72815
0 0
0 0
0 0
66574 66573
57486 57485
63056 63055
34256 34255
0 0
36108 36107
48820 48819
0 0
0 0
0 0
0 0
38660 38659
114332 114331
0 0
125520 125519
64636 64635
0 0
0 0
0 0
36648 36647
35016 35015
0 0
53832 53831
0 0
79116 79115
0 0
0 0
0 0
95676 95675
0 0
108384 108383
46610 46609
124362 124361
0 0
0 0
63756 63755
72390 72389
36106 36105
0 0
73926 73925
92012 92011
107558 107557
0 0
98574 98573
85822 85821
87172 87171
0 0
59564 59563
61422 61421
51676 51675
40836 40835
102260 102259
94558 94557
0 0
68206 68205
0 0
125450 125449
37384 37383
0 0
0 0
59920 59919
0 0
100410 100409
0 0
33814 33813
0 0
121972 121971
104046 104045
123534 123533
0 0
82166 82165
96504 96503
63962 63961
100920 100919
0 0
58272 58271
0 0
0 0
71906 71905
0 0
62606 62605
93940 93939
0 0
44790 44789
36754 36753
0 0
62960 62959
0 0
0 0
121282 121281
0 0
52576 52575
0 0
0 0
0 0
0 0
59528 59527
0 0
0 0
0 0
0 0
117580 117579
0 0
70470 70469
0 0
112888 112887
117792 117791
0 0
0 0
102428 102427
0 0
38064 38063
46682 46681
44026 44025
0 0
0 0
110370 110369
76198 76197
120936 120935
0 0
0 0
0 0
40986 40985
47500 47499
0 0
0 0
0 0
0 0
0 0
0 0
45178 45177
0 0
0 0
51258 51257
52842 52841
0 0
46256 46255
0 0
0 0
62734 62733
119856 119855
0 0
0 0
0 0
0 0
0 0
59126 59125
0 0
41786 41785
35828 35827
0 0
62808 62807
71250 71249
88766 88765
119026 119025
34270 34269
58786 58785
82438 82437
61146 61145
0 0
0 0
0 0
96990 96989
50894 50893
44340 44339
0 0
89620 89619
0 0
116738 116737
60844 60843
0 0
0 0
98280 98279
58910 58909
107566 107565
0 0
0 0
75060 75059
0 0
0 0
50816 50815
0 0
0 0
47964 47963
0 0
54754 54753
0 0
119728 119727
81004 81003
0 0
42592 42591
0 0
0 0
38092 38091
0 0
38812 38811
38498 38497
103202 103201
0 0
0 0
0 0
0 0
85312 85311
0 0
0 0
105198 105197
114682 114681
0 0
76424 76423
0 0
49236 49235
0 0
0 0
35686 35685
117944 117943
0 0
0 0
0 0
0 0
80022 80021
68570 68569
89344 89343
61168 61167
120434 120433
56184 56183
46168 46167
0 0
34738 34737
0 0
37466 37465
0 0
97052 97051
0 0
45998 45997
0 0
0 0
55730 55729
0 0
0 0
0 0
0 0
0 0
0 0
114188 114187
0 0
0 0
87280 87279
102108 102107
84892 84891
44220 44219
109454 109453
35636 35635
0 0
125460 125459
100012 100011
92404 92403
109414 109413
125590 125589
0 0
77112 77111
0 0
59796 59795
0 0
46596 46595
52206 52205
0 0
110640 110639
65016 65015
0 0
0 0
52446 52445
0 0
0 0
58022 58021
0 0
0 0
0 0
0 0
48508 48507
69394 69393
0 0
98836 98835
111578 111577
110830 110829
0 0
0 0
0 0
53210 53209
0 0
0 0
90680 90679
112468 112467
0 0
53110 53109
43350 43349
101354 101353
0 0
0 0
0 0
0 0
0 0
101362 101361
0 0
0 0
109318 109317
69364 69363
51476 51475
0 0
0 0
72326 72325
0 0
60768 60767
0 0
77138 77137
0 0
0 0
73108 73107
0 0
0 0
0 0
0 0
0 0
0 0
38918 38917
57784 57783
0 0
35922 35921
90858 90857
0 0
0 0
63398 63397
78856 78855
43134 43133
76286 76285
0 0
0 0
53724 53723
46996 46995
0 0
0 0
34794 34793
69070 69069
55238 55237
0 0
0 0
0 0
100176 100175
0 0
0 0
98796 98795
0 0
0 0
0 0
0 0
71432 71431
0 0
0 0
0 0
0 0
101510 101509
116674 116673
0 0
0 0
0 0
0 0
0 0
91154 91153
35700 35699
0 0
0 0
0 0
115404 115403
0 0
108660 108659
55470 55469
0 0
77632 77631
0 0
0 0
0 0
59550 59549
0 0
84946 84945
0 0
0 0
0 0
116148 116147
0 0
0 0
0 0
0 0
0 0
0 0
81212 81211
115350 115349
0 0
38350 38349
0 0
0 0
0 0
81410 81409
0 0
91656 91655
0 0
0 0
92318 92317
0 0
72248 72247
103628 103627
0 0
0 0
0 0
75558 75557
40836 40835
0 0
48290 48289
58394 58393
112380 112379
54204 54203
0 0
40576 40575
0 0
88502 88501
105028 105027
78360 78359
0 0
0 0
0 0
0 0
0 0
0 0
0 0
0 0
0 0
0 0
46984 46983
0 0
0 0
64482 64481
89222 89221
0 0
117790 117789
63008 63007
37670 37669
0 0
0 0
0 0
0 0
65436 65435
82428 82427
71888 71887
0 0
0 0
46494 46493
97550 97549
0 0
0 0
0 0
0 0
0 0
0 0
112368 112367
0 0
53730 53729
0 0
0 0
0 0
40364 40363
0 0
0 0
0 0
0 0
0 0
79828 79827
46722 46721
79408 79407
0 0
0 0
0 0
0 0
46528 46527
0 0
0 0
0 0
54818 54817
0 0
59152 59151
102770 102769
0 0
119072 119071
0 0
38106 38105
0 0
0 0
0 0
0 0
0 0
0 0
103592 103591
120998 120997
42204 42203
0 0
112082 112081
57550 57549
0 0
0 0
118416 118415
0 0
0 0
55494 55493
0 0
47104 47103
0 0
75312 75311
70714 70713
0 0
0 0
0 0
91216 91215
125028 125027
0 0
36862 36861
0 0
0 0
34790 34789
0 0
102630 102629
0 0
0 0
0 0
0 0
0 0
0 0
120708 120707
0 0
39812 39811
81430 81429
53428 53427
59502 59501
37270 37269
105976 105975
0 0
0 0
0 0
0 0
0 0
0 0
118362 118361
0 0
123926 123925
0 0
0 0
0 0
0 0
121724 121723
0 0
0 0
65336 65335
42712 42711
0 0
34386 34385
0 0
94166 94165
36594 36593
68878 68877
51518 51517
0 0
0 0
0 0
0 0
52802 52801
114394 114393
69540 69539
93708 93707
0 0
0 0
0 0
0 0
0 0
79784 79783
0 0
80130 80129
0 0
95294 95293
53068 53067
92750 92749
0 0
0 0
38278 38277
0 0
37088 37087
55990 55989
37436 37435
94562 94561
58226 58225
113142 113141
0 0
103112 103111
0 0
0 0
77662 77661
0 0
100868 100867
0 0
0 0
0 0
0 0
84116 84115
0 0
37466 37465
99144 99143
51646 51645
70672 70671
110402 110401
0 0
0 0
0 0
47036 47035
0 0
44988 44987
49870 49869
0 0
0 0
113618 113617
0 0
0 0
122818 122817
49036 49035
0 0
0 0
60036 60035
0 0
0 0
41616 41615
79514 79513
0 0
44596 44595
0 0
65980 65979
49930 49929
0 0
0 0
71196 71195
0 0
59190 59189
0 0
0 0
0 0
0 0
35960 35959
42320 42319
85082 85081
114888 114887
0 0
74318 74317
0 0
0 0
62936 62935
74174 74173
63158 63157
93702 93701
100582 100581
0 0
0 0
0 0
0 0
0 0
0 0
0 0
0 0
37088 37087
0 0
0 0
76622 76621
0 0
69774 69773
0 0
72542 72541
103642 103641
74002 74001
0 0
84704 84703
0 0
0 0
117666 117665
0 0
33834 33833
39054 39053
93694 93693
70114 70113
91756 91755
0 0
0 0
0 0
0 0
0 0
0 0
57550 57549
0 0
0 0
0 0
88348 88347
0 0
89362 89361
0 0
0 0
52792 52791
0 0
0 0
109608 109607
85582 85581
0 0
0 0
0 0
0 0
79478 79477
0 0
112160 112159
0 0
38618 38617
115506 115505
0 0
55994 55993
0 0
0 0
83370 83369
40146 40145
103092 103091
88140 88139
0 0
35912 35911
60470 60469
54340 54339
70396 70395
0 0
0 0
66150 66149
46886 46885
0 0
37494 37493
38318 38317
0 0
0 0
0 0
54818 54817
0 0
0 0
0 0
0 0
34266 34265
97628 97627
107566 107565
38484 38483
38400 38399
51650 51649
0 0
118870 118869
0 0
0 0
0 0
68756 68755
87616 87615
0 0
0 0
0 0
0 0
0 0
0 0
0 0
40344 40343
115434 115433
56750 56749
0 0
36842 36841
60300 60299
60078 60077
0 0
78392 78391
65460 65459
114008 114007
45522 45521
55192 55191
39484 39483
0 0
94032 94031
0 0
0 0
0 0
0 0
0 0
106672 106671
0 0
0 0
0 0
117052 117051
84962 84961
0 0
0 0
0 0
0 0
69298 69297
67444 67443
79584 79583
0 0
93018 93017
48016 48015
0 0
0 0
96542 96541
117760 117759
99264 99263
113326 113325
0 0
103040 103039
113556 113555
0 0
0 0
0 0
0 0
0 0
0 0
63440 63439
0 0
0 0
89470 89469
0 0
0 0
0 0
0 0
0 0
0 0
0 0
60604 60603
105770 105769
118538 118537
53248 53247
53838 53837
36484 36483
38532 38531
0 0
0 0
53100 53099
59744 59743
0 0
85446 85445
123284 123283
0 0
68594 68593
0 0
93766 93765
0 0
0 0
0 0
36968 36967
0 0
0 0
86364 86363
0 0
82956 82955
50638 50637
46984 46983
102504 102503
67380 67379
56854 56853
0 0
82578 82577
0 0
0 0
0 0
0 0
40584 40583
95220 95219
0 0
112196 112195
0 0
0 0
0 0
0 0
0 0
40742 40741
97710 97709
0 0
0 0
0 0
0 0
42472 42471
121200 121199
0 0
34376 34375
67242 67241
0 0
123138 123137
43126 43125
0 0
0 0
0 0
0 0
0 0
0 0
0 0
0 0
0 0
82406 82405
0 0
0 0
0 0
88488 88487
0 0
92560 92559
0 0
0 0
43590 43589
0 0
0 0
73896 73895
76736 76735
0 0
55658 55657
0 0
0 0
0 0
46706 46705
0 0
0 0
48078 48077
0 0
0 0
56574 56573
0 0
0 0
0 0
0 0
89286 89285
0 0
0 0
0 0
74552 74551
65400 65399
77832 77831
116852 116851
123620 123619
50776 50775
0 0
0 0
42556 42555
57416 57415
53846 53845
0 0
0 0
45968 45967
91420 91419
44448 44447
60044 60043
0 0
52354 52353
106808 106807
0 0
0 0
104562 104561
0 0
0 0
55372 55371
0 0
0 0
0 0
36034 36033
0 0
0 0
0 0
0 0
34390 34389
0 0
0 0
122602 122601
43472 43471
0 0
0 0
35776 35775
0 0
46232 46231
72448 72447
38718 38717
0 0
0 0
43536 43535
0 0
0 0
119726 119725
94572 94571
0 0
107504 107503
107644 107643
119934 119933
43872 43871
0 0
0 0
0 0
54720 54719
0 0
75340 75339
119554 119553
122914 122913
0 0
0 0
0 0
38508 38507
0 0
0 0
0 0
0 0
0 0
101246 101245
77332 77331
0 0
77824 77823
0 0
0 0
59040 59039
109508 109507
97720 97719
85068 85067
0 0
115776 115775
34778 34777
79476 79475
123798 123797
122792 122791
53632 53631
0 0
92824 92823
77918 77917
0 0
0 0
62750 62749
0 0
0 0
44124 44123
95522 95521
0 0
34252 34251
120420 120419
0 0
113452 113451
0 0
41006 41005
74728 74727
0 0
73852 73851
0 0
41420 41419
49276 49275
0 0
54942 54941
71572 71571
37240 37239
0 0
84358 84357
0 0
0 0
71872 71871
113846 113845
0 0
0 0
80016 80015
0 0
0 0
44446 44445
0 0
81722 81721
54464 54463
97808 97807
100258 100257
0 0
34476 34475
0 0
0 0
0 0
0 0
64600 64599
0 0
0 0
0 0
39294 39293
0 0
0 0
69034 69033
0 0
89656 89655
0 0
0 0
0 0
0 0
0 0
0 0
0 0
52364 52363
38298 38297
0 0
45984 45983
0 0
0 0
0 0
113208 113207
0 0
54038 54037
0 0
51802 51801
0 0
0 0
74584 74583
63564 63563
114954 114953
0 0
0 0
0 0
0 0
0 0
0 0
49452 49451
0 0
47680 47679
0 0
39502 39501
49590 49589
0 0
39742 39741
90202 90201
120178 120177
0 0
79534 79533
0 0
0 0
120412 120411
68688 68687
42116 42115
109412 109411
0 0
117636 117635
0 0
93310 93309
0 0
48896 48895
0 0
54302 54301
0 0
0 0
0 0
119430 119429
88202 88201
0 0
0 0
51900 51899
75926 75925
0 0
65286 65285
63840 63839
78440 78439
0 0
122254 122253
0 0
0 0
0 0
0 0
43324 43323
0 0
73334 73333
0 0
62656 62655
0 0
47916 47915
46042 46041
0 0
0 0
0 0
40408 40407
0 0
77178 77177
86644 86643
49196 49195
0 0
0 0
0 0
0 0
65526 65525
50988 50987
49270 49269
0 0
54438 54437
107348 107347
0 0
0 0
0 0
0 0
0 0
0 0
0 0
0 0
91206 91205
48986 48985
0 0
0 0
0 0
0 0
51078 51077
37536 37535
0 0
67832 67831
0 0
0 0
0 0
115286 115285
49078 49077
98696 98695
0 0
0 0
0 0
0 0
0 0
34484 34483
43028 43027
72402 72401
109318 109317
50022 50021
94022 94021
0 0
0 0
0 0
66526 66525
95378 95377
45398 45397
122374 122373
43782 43781
0 0
46696 46695
83166 83165
84540 84539
0 0
47648 47647
0 0
0 0
0 0
0 0
124646 124645
71188 71187
45962 45961
100048 100047
0 0
113588 113587
92772 92771
86880 86879
72416 72415
81314 81313
117020 117019
56254 56253
0 0
0 0
55732 55731
0 0
0 0
0 0
0 0
98368 98367
113692 113691
0 0
0 0
0 0
0 0
45402 45401
74198 74197
101024 101023
0 0
0 0
0 0
0 0
66156 66155
0 0
64074 64073
54418 54417
0 0
34490 34489
98374 98373
115810 115809
0 0
79956 79955
94372 94371
0 0
0 0
71554 71553
0 0
118382 118381
0 0
70534 70533
0 0
0 0
0 0
0 0
0 0
84870 84869
74068 74067
93466 93465
91090 91089
100660 100659
112238 112237
0 0
0 0
46324 46323
0 0
77340 77339
0 0
0 0
48562 48561
87464 87463
0 0
34762 34761
0 0
41488 41487
0 0
0 0
0 0
40232 40231
42492 42491
0 0
0 0
0 0
94052 94051
120924 120923
35648 35647
0 0
0 0
0 0
0 0
0 0
42658 42657
52164 52163
0 0
0 0
0 0
42546 42545
0 0
77992 77991
45682 45681
0 0
0 0
71426 71425
49364 49363
40008 40007
0 0
100976 100975
89272 89271
66960 66959
72996 72995
35298 35297
0 0
46536 46535
46010 46009
0 0
0 0
83216 83215
89970 89969
0 0
0 0
101168 101167
63240 63239
92398 92397
0 0
65352 65351
87182 87181
0 0
0 0
0 0
0 0
0 0
77098 77097
108500 108499
51632 51631
0 0
0 0
100468 100467
96496 96495
83406 83405
96090 96089
0 0
85936 85935
91740 91739
0 0
64864 64863
38072 38071
0 0
0 0
35058 35057
0 0
0 0
0 0
92580 92579
0 0
106032 106031
73884 73883
113344 113343
0 0
90876 90875
0 0
0 0
36610 36609
44212 44211
116300 116299
48556 48555
73854 73853
0 0
95864 95863
57800 57799
0 0
0 0
34270 34269
54454 54453
68378 68377
43142 43141
48056 48055
0 0
0 0
0 0
90272 90271
122840 122839
0 0
0 0
0 0
0 0
0 0
37198 37197
50008 50007
0 0
65774 65773
83420 83419
122066 122065
0 0
74494 74493
0 0
0 0
78536 78535
0 0
55436 55435
104680 104679
72354 72353
53528 53527
0 0
0 0
0 0
0 0
52970 52969
39530 39529
0 0
0 0
0 0
0 0
39882 39881
0 0
41902 41901
0 0
0 0
53408 53407
49032 49031
0 0
0 0
100588 100587
61960 61959
0 0
82912 82911
0 0
46422 46421
0 0
58978 58977
101916 101915
0 0
48176 48175
96730 96729
63240 63239
121060 121059
0 0
88600 88599
47410 47409
0 0
78076 78075
51412 51411
0 0
0 0
113046 113045
34098 34097
0 0
0 0
0 0
0 0
83612 83611
54566 54565
64284 64283
0 0
43200 43199
0 0
70286 70285
90350 90349
57832 57831
55708 55707
69748 69747
34130 34129
0 0
36362 36361
0 0
0 0
0 0
74278 74277
78564 78563
0 0
111342 111341
0 0
0 0
94842 94841
0 0
52402 52401
70652 70651
0 0
50192 50191
0 0
0 0
117508 117507
0 0
0 0
123440 123439
114670 114669
91508 91507
0 0
0 0
0 0
46390 46389
0 0
0 0
0 0
108630 108629
0 0
121980 121979
47300 47299
74760 74759
82966 82965
0 0
0 0
34154 34153
0 0
109112 109111
0 0
33996 33995
0 0
0 0
0 0
0 0
61366 61365
0 0
0 0
76694 76693
0 0
104012 104011
0 0
0 0
0 0
0 0
0 0
55982 55981
0 0
0 0
53192 53191
68886 68885
0 0
56466 56465
0 0
41774 41773
72600 72599
0 0
110510 110509
115708 115707
0 0
0 0
0 0
0 0
0 0
78282 78281
59784 59783
0 0
0 0
67418 67417
0 0
0 0
0 0
90212 90211
116360 116359
0 0
40102 40101
34854 34853
0 0
0 0
0 0
64750 64749
0 0
89316 89315
34552 34551
0 0
115786 115785
67774 67773
0 0
0 0
112570 112569
0 0
53534 53533
0 0
45918 45917
0 0
0 0
122804 122803
0 0
0 0
122392 122391
35254 35253
0 0
0 0
99034 99033
0 0
37416 37415
0 0
88950 88949
0 0
0 0
110274 110273
54608 54607
0 0
0 0
60798 60797
45776 45775
0 0
35080 35079
0 0
99528 99527
67456 67455
84332 84331
53646 53645
34764 34763
0 0
0 0
0 0
0 0
88790 88789
115678 115677
59976 59975
79902 79901
0 0
0 0
63784 63783
66068 66067
0 0
42984 42983
0 0
49812 49811
0 0
0 0
0 0
0 0
0 0
0 0
88248 88247
70430 70429
0 0
0 0
67102 67101
45312 45311
120030 120029
57752 57751
80540 80539
0 0
0 0
0 0
35384 35383
53966 53965
38200 38199
93708 93707
0 0
66412 66411
0 0
108932 108931
0 0
84258 84257
65094 65093
46436 46435
87778 87777
0 0
0 0
40528 40527
0 0
0 0
0 0
42306 42305
0 0
0 0
0 0
0 0
98024 98023
0 0
0 0
0 0
112098 112097
0 0
82048 82047
0 0
49538 49537
0 0
116468 116467
100058 100057
0 0
57226 57225
0 0
0 0
0 0
0 0
123000 122999
77666 77665
0 0
48766 48765
123770 123769
0 0
0 0
106884 106883
0 0
0 0
54164 54163
106594 106593
41810 41809
0 0
74140 74139
67258 67257
0 0
67150 67149
0 0
85234 85233
0 0
76210 76209
0 0
41316 41315
0 0
48026 48025
40280 40279
0 0
112148 112147
95342 95341
0 0
36514 36513
55076 55075
113468 113467
0 0
0 0
0 0
0 0
36272 36271
82028 82027
0 0
0 0
0 0
0 0
0 0
0 0
99202 99201
51900 51899
0 0
95800 95799
0 0
0 0
53606 53605
0 0
44976 44975
0 0
110580 110579
122086 122085
0 0
118910 118909
55144 55143
97584 97583
120428 120427
0 0
51868 51867
68002 68001
95316 95315
101364 101363
0 0
0 0
37848 37847
47748 47747
0 0
0 0
0 0
35244 35243
53094 53093
69904 69903
112904 112903
57158 57157
101164 101163
63142 63141
0 0
88982 88981
0 0
47490 47489
61282 61281
67798 67797
89634 89633
0 0
0 0
0 0
0 0
119720 119719
66920 66919
98276 98275
48044 48043
113992 113991
67322 67321
0 0
110606 110605
62874 62873
69226 69225
52692 52691
58276 58275
35918 35917
0 0
60862 60861
111806 111805
34818 34817
94890 94889
86908 86907
35988 35987
0 0
0 0
0 0
0 0
69904 69903
105384 105383
122856 122855
0 0
0 0
48812 48811
0 0
101602 101601
0 0
46064 46063
0 0
115058 115057
0 0
34936 34935
0 0
0 0
114774 114773
90242 90241
53506 53505
118738 118737
63460 63459
0 0
0 0
0 0
0 0
0 0
0 0
0 0
0 0
0 0
115598 115597
0 0
44128 44127
100970 100969
0 0
0 0
36718 36717
0 0
0 0
0 0
123100 123099
34546 34545
0 0
43340 43339
0 0
102358 102357
43282 43281
0 0
39932 39931
114754 114753
0 0
0 0
57400 57399
0 0
119592 119591
0 0
47242 47241
78382 78381
72176 72175
67008 67007
107128 107127
0 0
0 0
63576 63575
0 0
58570 58569
0 0
106908 106907
0 0
0 0
82026 82025
0 0
0 0
67420 67419
39008 39007
45080 45079
54236 54235
125470 125469
56004 56003
55404 55403
108622 108621
39666 39665
40692 40691
0 0
64688 64687
0 0
67886 67885
34408 34407
78384 78383
51180 51179
68054 68053
91182 91181
39680 39679
0 0
47272 47271
0 0
0 0
0 0
109652 109651
0 0
70308 70307
67324 67323
0 0
0 0
0 0
0 0
0 0
0 0
0 0
0 0
0 0
0 0
0 0
79120 79119
0 0
0 0
100958 100957
0 0
80370 80369
114422 114421
0 0
0 0
104058 104057
0 0
0 0
52872 52871
101090 101089
0 0
0 0
0 0
0 0
41256 41255
112266 112265
87592 87591
66052 66051
0 0
0 0
0 0
0 0
123000 122999
38762 38761
55710 55709
0 0
0 0
82720 82719
89684 89683
0 0
0 0
40872 40871
0 0
71510 71509
0 0
0 0
0 0
63024 63023
83694 83693
121330 121329
64680 64679
91170 91169
91650 91649
93588 93587
112680 112679
0 0
114004 114003
36002 36001
43654 43653
0 0
51916 51915
0 0
36660 36659
87806 87805
0 0
0 0
100352 100351
0 0
109360 109359
0 0
59932 59931
0 0
0 0
0 0
74682 74681
0 0
0 0
0 0
55110 55109
85498 85497
52434 52433
0 0
113816 113815
92388 92387
0 0
80548 80547
0 0
0 0
0 0
0 0
0 0
0 0
0 0
0 0
0 0
48462 48461
74290 74289
0 0
125892 125891
0 0
0 0
0 0
0 0
119034 119033
0 0
0 0
0 0
42422 42421
115308 115307
0 0
0 0
0 0
105970 105969
105064 105063
0 0
85180 85179
39660 39659
0 0
0 0
87368 87367
56844 56843
123732 123731
114424 114423
0 0
94998 94997
47756 47755
0 0
98914 98913
0 0
124220 124219
0 0
84590 84589
0 0
76464 76463
0 0
0 0
41170 41169
72218 72217
47376 47375
118930 118929
0 0
0 0
0 0
0 0
112476 112475
77128 77127
0 0
81712 81711
117472 117471
0 0
0 0
100356 100355
0 0
0 0
0 0
0 0
0 0
41692 41691
42692 42691
114432 114431
0 0
93288 93287
92180 92179
0 0
0 0
0 0
123374 123373
34230 34229
0 0
0 0
84428 84427
93532 93531
0 0
0 0
0 0
0 0
0 0
0 0
59298 59297
49428 49427
48866 48865
57982 57981
107418 107417
0 0
0 0
0 0
0 0
86752 86751
0 0
0 0
58838 58837
0 0
68966 68965
98324 98323
37456 37455
0 0
92942 92941
81502 81501
0 0
35438 35437
48134 48133
0 0
0 0
0 0
123064 123063
39474 39473
0 0
0 0
118768 118767
0 0
69550 69549
0 0
75216 75215
112660 112659
0 0
0 0
40918 40917
0 0
0 0
0 0
0 0
0 0
71204 71203
0 0
52820 52819
0 0
0 0
0 0
0 0
0 0
117912 117911
0 0
0 0
58504 58503
0 0
98486 98485
108666 108665
0 0
114054 114053
0 0
0 0
39010 39009
54154 54153
70766 70765
0 0
0 0
0 0
59534 59533
97952 97951
0 0
54906 54905
0 0
34560 34559
0 0
0 0
46338 46337
0 0
0 0
0 0
71938 71937
53054 53053
42284 42283
0 0
97132 97131
55642 55641
0 0
119766 119765
0 0
0 0
0 0
0 0
0 0
0 0
0 0
68290 68289
37646 37645
118046 118045
0 0
110774 110773
59000 58999
0 0
0 0
80072 80071
38626 38625
0 0
93526 93525
48046 48045
0 0
54796 54795
0 0
0 0
88948 88947
62430 62429
49394 49393
40678 40677
0 0
0 0
0 0
0 0
0 0
0 0
0 0
105640 105639
82766 82765
0 0
37272 37271
0 0
102156 102155
0 0
0 0
0 0
0 0
80514 80513
102206 102205
0 0
43178 43177
67908 67907
67646 67645
0 0
0 0
106606 106605
0 0
0 0
110716 110715
0 0
42786 42785
0 0
0 0
0 0
45610 45609
83590 83589
0 0
0 0
0 0
0 0
0 0
108272 108271
0 0
0 0
71238 71237
0 0
82430 82429
0 0
0 0
0 0
50194 50193
79922 79921
64778 64777
56452 56451
0 0
0 0
43028 43027
0 0
0 0
0 0
0 0
0 0
0 0
0 0
118122 118121
56086 56085
0 0
52000 51999
0 0
57530 57529
0 0
91192 91191
0 0
0 0
67964 67963
0 0
0 0
0 0
62556 62555
74532 74531
41516 41515
0 0
117802 117801
0 0
81052 81051
0 0
0 0
0 0
0 0
0 0
0 0
75942 75941
0 0
48342 48341
0 0
74944 74943
93594 93593
0 0
0 0
0 0
0 0
120726 120725
0 0
40848 40847
0 0
0 0
54564 54563
0 0
0 0
52476 52475
37346 37345
50352 50351
37146 37145
70272 70271
0 0
34320 34319
0 0
45882 45881
108160 108159
0 0
0 0
84466 84465
0 0
36216 36215
125644 125643
0 0
48334 48333
0 0
0 0
0 0
0 0
81644 81643
80200 80199
72024 72023
45476 45475
114738 114737
59664 59663
0 0
0 0
49610 49609
0 0
66884 66883
0 0
88712 88711
110088 110087
58690 58689
0 0
105438 105437
109920 109919
33828 33827
48536 48535
0 0
79020 79019
74256 74255
58656 58655
52528 52527
0 0
115656 115655
0 0
58730 58729
117272 117271
101258 101257
106078 106077
0 0
0 0
103852 103851
0 0
38228 38227
54010 54009
114896 114895
67758 67757
0 0
37250 37249
40342 40341
0 0
63832 63831
55108 55107
85050 85049
0 0
121808 121807
0 0
72118 72117
72982 72981
111218 111217
54628 54627
0 0
0 0
59956 59955
0 0
67996 67995
0 0
0 0
0 0
91396 91395
73002 73001
0 0
0 0
120112 120111
77944 77943
0 0
86524 86523
0 0
0 0
0 0
95244 95243
91448 91447
60516 60515
58708 58707
34090 34089
112022 112021
0 0
83342 83341
0 0
0 0
63052 63051
0 0
0 0
113298 113297
89538 89537
57062 57061
57750 57749
0 0
0 0
64936 64935
120868 120867
0 0
0 0
0 0
0 0
0 0
44326 44325
37378 37377
36654 36653
0 0
112916 112915
54464 54463
0 0
0 0
0 0
0 0
0 0
65452 65451
88444 88443
0 0
0 0
0 0
123922 123921
0 0
0 0
0 0
0 0
65800 65799
0 0
67390 67389
43848 43847
0 0
115946 115945
108316 108315
59408 59407
0 0
119026 119025
0 0
0 0
0 0
0 0
0 0
0 0
0 0
0 0
0 0
0 0
0 0
73866 73865
0 0
74644 74643
103194 103193
0 0
0 0
0 0
0 0
0 0
0 0
109478 109477
0 0
0 0
86194 86193
43096 43095
0 0
107334 107333
0 0
0 0
0 0
105144 105143
66682 66681
0 0
71642 71641
34770 34769
0 0
0 0
0 0
90092 90091
0 0
0 0
0 0
0 0
0 0
0 0
62638 62637
0 0
57680 57679
55134 55133
37106 37105
0 0
0 0
0 0
0 0
0 0
123824 123823
77222 77221
57160 57159
0 0
0 0
40358 40357
0 0
62456 62455
0 0
40164 40163
0 0
0 0
125800 125799
67824 67823
41556 41555
0 0
0 0
0 0
0 0
0 0
95950 95949
69158 69157
54330 54329
95968 95967
96366 96365
0 0
105372 105371
0 0
63902 63901
0 0
91564 91563
93728 93727
0 0
0 0
0 0
0 0
41642 41641
91798 91797
0 0
69410 69409
0 0
0 0
0 0
0 0
0 0
91822 91821
58814 58813
0 0
35330 35329
43806 43805
0 0
0 0
53648 53647
0 0
0 0
0 0
0 0
67716 67715
0 0
35740 35739
78066 78065
101008 101007
55330 55329
112654 112653
0 0
99336 99335
76952 76951
0 0
87070 87069
36394 36393
0 0
0 0
109056 109055
0 0
0 0
0 0
84730 84729
0 0
64328 64327
0 0
0 0
0 0
0 0
35592 35591
96920 96919
96682 96681
101920 101919
41612 41611
0 0
0 0
103002 103001
0 0
123754 123753
0 0
0 0
0 0
42678 42677
0 0
88172 88171
0 0
0 0
0 0
0 0
49916 49915
121112 121111
0 0
37314 37313
48670 48669
55918 55917
74764 74763
91876 91875
0 0
0 0
0 0
105218 105217
0 0
86180 86179
0 0
71442 71441
47374 47373
61862 61861
0 0
0 0
75890 75889
0 0
63042 63041
0 0
0 0
0 0
0 0
0 0
0 0
124044 124043
50578 50577
0 0
0 0
0 0
0 0
110734 110733
0 0
0 0
55732 55731
35828 35827
104220 104219
0 0
0 0
0 0
0 0
0 0
97164 97163
0 0
0 0
0 0
61924 61923
0 0
49630 49629
99644 99643
36902 36901
0 0
0 0
0 0
0 0
105012 105011
0 0
0 0
56230 56229
76418 76417
121822 121821
0 0
0 0
0 0
79272 79271
88932 88931
0 0
77324 77323
0 0
0 0
0 0
0 0
0 0
92980 92979
95784 95783
0 0
0 0
42116 42115
0 0
113090 113089
74438 74437
48312 48311
0 0
103584 103583
34248 34247
50028 50027
0 0
124264 124263
94148 94147
0 0
37006 37005
0 0
0 0
0 0
0 0
0 0
0 0
0 0
109992 109991
94274 94273
0 0
0 0
111990 111989
58616 58615
0 0
45884 45883
38182 38181
109230 109229
0 0
0 0
0 0
0 0
49818 49817
34450 34449
52094 52093
36784 36783
0 0
0 0
0 0
63910 63909
113118 113117
0 0
47380 47379
0 0
0 0
46432 46431
0 0
0 0
41136 41135
0 0
121172 121171
0 0
77712 77711
72146 72145
0 0
45476 45475
0 0
42396 42395
0 0
0 0
52194 52193
0 0
0 0
78812 78811
0 0
0 0
84198 84197
38402 38401
41720 41719
108648 108647
85990 85989
69556 69555
0 0
0 0
45320 45319
0 0
0 0
0 0
89750 89749
0 0
77010 77009
0 0
89186 89185
73884 73883
43438 43437
0 0
70158 70157
47970 47969
67908 67907
0 0
0 0
49114 49113
115510 115509
0 0
76924 76923
92032 92031
0 0
66660 66659
80792 80791
67604 67603
70358 70357
0 0
0 0
0 0
64470 64469
97190 97189
0 0
51786 51785
41274 41273
34048 34047
0 0
0 0
0 0
76142 76141
0 0
60434 60433
0 0
0 0
0 0
0 0
56826 56825
0 0
46120 46119
0 0
52268 52267
38764 38763
0 0
56960 56959
0 0
0 0
37148 37147
0 0
111868 111867
0 0
54690 54689
0 0
0 0
66078 66077
84014 84013
0 0
88570 88569
0 0
78870 78869
0 0
94120 94119
34068 34067
0 0
97354 97353
123058 123057
71692 71691
0 0
37438 37437
0 0
0 0
40908 40907
37140 37139
0 0
64830 64829
0 0
0 0
90946 90945
0 0
80638 80637
121142 121141
0 0
0 0
0 0
37820 37819
76606 76605
0 0
0 0
78982 78981
0 0
0 0
125374 125373
0 0
0 0
44506 44505
0 0
0 0
0 0
0 0
41940 41939
42410 42409
119520 119519
73510 73509
54036 54035
0 0
0 0
77020 77019
45380 45379
39518 39517
87394 87393
87082 87081
66622 66621
46344 46343
117556 117555
58854 58853
0 0
0 0
0 0
0 0
0 0
120660 120659
0 0
54110 54109
105622 105621
121610 121609
99982 99981
46302 46301
67244 67243
64218 64217
0 0
0 0
63460 63459
43244 43243
0 0
52550 52549
0 0
92806 92805
0 0
101214 101213
78316 78315
0 0
0 0
0 0
0 0
65732 65731
37788 37787
0 0
87872 87871
0 0
69296 69295
0 0
51808 51807
0 0
55378 55377
115798 115797
64966 64965
0 0
0 0
0 0
48550 48549
0 0
0 0
0 0
47936 47935
0 0
77900 77899
0 0
97862 97861
0 0
0 0
37954 37953
50740 50739
75104 75103
69502 69501
121754 121753
0 0
41974 41973
113022 113021
0 0
79466 79465
119240 119239
0 0
42568 42567
0 0
62690 62689
57414 57413
112756 112755
34342 34341
99356 99355
34058 34057
55758 55757
0 0
0 0
72194 72193
0 0
0 0
61400 61399
37302 37301
0 0
0 0
0 0
48528 48527
0 0
110766 110765
102112 102111
0 0
0 0
0 0
0 0
0 0
0 0
0 0
65904 65903
0 0
72372 72371
0 0
0 0
0 0
117200 117199
78090 78089
51912 51911
0 0
43588 43587
102672 102671
0 0
0 0
0 0
0 0
0 0
0 0
66106 66105
0 0
92876 92875
35544 35543
40158 40157
63698 63697
0 0
0 0
43712 43711
0 0
0 0
103286 103285
0 0
107490 107489
53436 53435
118194 118193
0 0
36098 36097
119922 119921
0 0
89612 89611
0 0
114882 114881
0 0
103720 103719
59434 59433
118786 118785
0 0
0 0
99370 99369
81706 81705
84738 84737
121722 121721
70514 70513
98036 98035
0 0
34044 34043
0 0
0 0
0 0
34482 34481
37770 37769
0 0
0 0
0 0
40702 40701
0 0
0 0
70724 70723
79540 79539
60668 60667
106360 106359
0 0
0 0
100692 100691
0 0
0 0
102064 102063
0 0
125436 125435
92708 92707
0 0
123118 123117
36466 36465
56432 56431
103768 103767
0 0
0 0
91634 91633
0 0
39024 39023
0 0
45324 45323
0 0
0 0
0 0
120934 120933
45364 45363
57424 57423
0 0
0 0
0 0
35854 35853
36216 36215
0 0
0 0
40928 40927
0 0
0 0
38076 38075
0 0
98758 98757
0 0
40508 40507
46920 46919
0 0
116282 116281
70090 70089
46160 46159
0 0
86104 86103
0 0
94098 94097
0 0
42884 42883
75726 75725
43642 43641
71092 71091
57412 57411
37394 37393
0 0
0 0
58180 58179
0 0
116566 116565
52636 52635
34826 34825
0 0
48198 48197
62314 62313
34956 34955
0 0
0 0
0 0
0 0
0 0
0 0
0 0
0 0
49546 49545
0 0
37498 37497
0 0
67554 67553
0 0
102956 102955
111948 111947
69048 69047
33984 33983
0 0
0 0
0 0
89836 89835
92002 92001
79400 79399
83640 83639
76420 76419
0 0
0 0
0 0
0 0
0 0
68740 68739
0 0
0 0
0 0
45884 45883
0 0
110316 110315
0 0
0 0
99264 99263
74338 74337
0 0
45148 45147
58226 58225
41500 41499
102772 102771
0 0
43552 43551
0 0
0 0
0 0
0 0
58740 58739
47232 47231
0 0
0 0
0 0
0 0
0 0
71662 71661
0 0
35178 35177
105326 105325
51830 51829
38512 38511
63528 63527
0 0
0 0
0 0
0 0
0 0
67972 67971
0 0
0 0
0 0
66880 66879
0 0
73564 73563
103512 103511
0 0
83512 83511
103394 103393
0 0
0 0
54030 54029
82916 82915
0 0
0 0
57752 57751
0 0
0 0
0 0
0 0
78192 78191
0 0
63186 63185
35578 35577
0 0
0 0
106730 106729
0 0
49012 49011
0 0
0 0
0 0
110470 110469
123734 123733
0 0
68098 68097
44068 44067
0 0
0 0
0 0
0 0
0 0
90538 90537
50564 50563
0 0
35432 35431
34376 34375
0 0
85200 85199
0 0
39394 39393
107508 107507
56254 56253
116402 116401
0 0
0 0
64176 64175
78198 78197
0 0
42250 42249
0 0
53124 53123
99028 99027
0 0
41992 41991
0 0
0 0
75110 75109
0 0
0 0
53018 53017
0 0
0 0
123404 123403
0 0
123372 123371
0 0
0 0
37048 37047
0 0
49968 49967
68184 68183
0 0
0 0
0 0
73798 73797
0 0
0 0
0 0
66354 66353
0 0
0 0
103036 103035
0 0
0 0
0 0
49658 49657
0 0
84662 84661
0 0
40734 40733
39620 39619
40964 40963
0 0
73176 73175
68850 68849
0 0
97140 97139
0 0
0 0
64772 64771
77534 77533
79552 79551
0 0
0 0
67924 67923
0 0
0 0
67856 67855
0 0
102930 102929
0 0
44020 44019
0 0
0 0
85848 85847
0 0
0 0
0 0
105482 105481
76834 76833
0 0
35580 35579
119058 119057
0 0
0 0
50136 50135
41204 41203
60328 60327
106926 106925
40248 40247
0 0
106592 106591
0 0
120754 120753
0 0
119030 119029
0 0
0 0
0 0
0 0
0 0
0 0
52968 52967
0 0
89498 89497
90140 90139
0 0
84680 84679
0 0
96282 96281
0 0
0 0
0 0
0 0
53452 53451
62386 62385
45190 45189
47192 47191
60554 60553
0 0
104608 104607
0 0
37362 37361
70454 70453
46780 46779
35846 35845
36790 36789
0 0
0 0
0 0
34488 34487
56570 56569
0 0
104654 104653
0 0
0 0
0 0
50460 50459
0 0
51334 51333
44108 44107
34470 34469
72284 72283
38946 38945
0 0
0 0
105974 105973
33768 33767
71880 71879
0 0
63000 62999
75290 75289
72718 72717
0 0
0 0
72504 72503
51866 51865
0 0
0 0
0 0
0 0
0 0
83536 83535
0 0
110556 110555
106350 106349
0 0
107510 107509
0 0
0 0
0 0
0 0
0 0
0 0
0 0
108946 108945
0 0
70832 70831
120958 120957
0 0
85222 85221
0 0
114814 114813
105450 105449
85246 85245
58290 58289
0 0
36392 36391
0 0
0 0
99648 99647
43546 43545
65038 65037
34164 34163
100306 100305
52012 52011
0 0
0 0
87262 87261
57490 57489
0 0
77792 77791
43176 43175
38866 38865
70290 70289
0 0
0 0
0 0
0 0
0 0
0 0
0 0
0 0
0 0
102580 102579
0 0
34864 34863
106200 106199
55824 55823
0 0
89774 89773
0 0
0 0
0 0
37394 37393
34864 34863
54248 54247
0 0
77128 77127
38306 38305
74888 74887
0 0
108940 108939
0 0
35058 35057
41758 41757
75306 75305
88724 88723
72706 72705
112920 112919
0 0
54468 54467
0 0
34878 34877
39964 39963
0 0
0 0
0 0
0 0
68974 68973
0 0
37964 37963
36310 36309
0 0
0 0
0 0
0 0
47192 47191
56126 56125
70630 70629
63078 63077
0 0
98420 98419
0 0
90920 90919
0 0
48244 48243
0 0
0 0
109314 109313
0 0
50950 50949
83278 83277
121070 121069
0 0
63914 63913
34546 34545
0 0
0 0
123192 123191
89422 89421
0 0
38758 38757
49882 49881
51386 51385
0 0
46972 46971
0 0
39594 39593
111778 111777
34628 34627
41944 41943
34444 34443
0 0
59810 59809
41022 41021
60544 60543
39764 39763
93694 93693
0 0
72830 72829
70780 70779
0 0
0 0
0 0
121902 121901
0 0
102546 102545
0 0
0 0
83302 83301
0 0
0 0
80402 80401
0 0
0 0
0 0
0 0
0 0
0 0
47708 47707
40788 40787
0 0
0 0
88816 88815
89910 89909
34656 34655
0 0
0 0
47492 47491
0 0
81856 81855
0 0
38998 38997
41294 41293
118166 118165
71802 71801
82088 82087
38140 38139
0 0
0 0
0 0
0 0
106372 106371
0 0
98506 98505
56414 56413
0 0
34658 34657
0 0
36390 36389
0 0
104898 104897
0 0
46438 46437
0 0
114246 114245
0 0
0 0
0 0
54550 54549
0 0
0 0
0 0
55792 55791
34590 34589
0 0
0 0
115400 115399
43430 43429
0 0
0 0
100546 100545
0 0
83322 83321
97912 97911
0 0
92190 92189
0 0
0 0
0 0
43794 43793
51558 51557
111940 111939
0 0
54738 54737
123704 123703
0 0
88102 88101
45864 45863
0 0
55194 55193
0 0
52282 52281
0 0
120982 120981
0 0
0 0
0 0
35354 35353
86730 86729
0 0
0 0
0 0
0 0
95460 95459
0 0
0 0
0 0
0 0
0 0
0 0
0 0
0 0
0 0
70072 70071
119886 119885
0 0
68282 68281
0 0
110148 110147
79234 79233
0 0
48528 48527
89464 89463
0 0
104720 104719
0 0
119682 119681
0 0
0 0
0 0
0 0
0 0
0 0
0 0
0 0
85308 85307
38574 38573
0 0
0 0
0 0
35248 35247
79342 79341
45226 45225
48630 48629
0 0
0 0
63762 63761
48498 48497
0 0
73618 73617
0 0
72528 72527
0 0
0 0
110928 110927
39312 39311
83876 83875
0 0
65642 65641
0 0
90824 90823
0 0
86556 86555
0 0
101966 101965
119218 119217
74670 74669
0 0
77536 77535
0 0
125534 125533
61692 61691
124074 124073
71540 71539
74210 74209
0 0
0 0
0 0
38064 38063
88418 88417
75634 75633
81430 81429
0 0
0 0
108666 108665
0 0
49166 49165
0 0
0 0
92144 92143
0 0
0 0
69174 69173
0 0
0 0
0 0
0 0
77220 77219
78012 78011
46090 46089
0 0
0 0
0 0
45414 45413
0 0
0 0
115904 115903
0 0
35692 35691
40530 40529
0 0
56406 56405
120042 120041
84980 84979
73698 73697
0 0
67816 67815
0 0
68100 68099
62382 62381
0 0
0 0
0 0
0 0
0 0
45820 45819
0 0
93588 93587
71432 71431
0 0
0 0
54458 54457
0 0
0 0
104170 104169
0 0
0 0
0 0
0 0
67408 67407
0 0
0 0
50744 50743
124942 124941
49376 49375
124632 124631
65262 65261
0 0
102340 102339
77632 77631
52146 52145
99606 99605
98488 98487
0 0
0 0
120708 120707
86506 86505
76362 76361
104308 104307
109102 109101
95346 95345
0 0
46222 46221
0 0
0 0
0 0
99108 99107
111022 111021
0 0
106778 106777
0 0
37496 37495
0 0
0 0
51904 51903
100772 100771
0 0
0 0
91252 91251
123530 123529
125942 125941
85034 85033
50968 50967
0 0
0 0
118976 118975
0 0
0 0
93842 93841
0 0
0 0
39720 39719
0 0
0 0
54442 54441
103614 103613
73594 73593
0 0
36796 36795
0 0
0 0
0 0
116934 116933
115388 115387
86820 86819
93282 93281
0 0
0 0
56752 56751
33950 33949
48752 48751
0 0
0 0
0 0
111022 111021
58948 58947
65450 65449
0 0
0 0
0 0
53226 53225
66476 66475
94604 94603
0 0
0 0
0 0
74476 74475
88942 88941
43368 43367
55254 55253
34398 34397
0 0
0 0
118102 118101
0 0
0 0
0 0
38246 38245
90934 90933
102988 102987
69050 69049
0 0
71442 71441
0 0
47364 47363
0 0
0 0
100030 100029
0 0
96128 96127
100874 100873
0 0
63350 63349
0 0
35834 35833
0 0
0 0
0 0
0 0
0 0
0 0
115214 115213
0 0
83538 83537
63136 63135
65340 65339
0 0
125902 125901
110672 110671
0 0
91104 91103
72588 72587
0 0
36942 36941
124230 124229
0 0
0 0
56798 56797
97880 97879
109552 109551
0 0
0 0
0 0
70628 70627
33858 33857
0 0
0 0
60644 60643
0 0
0 0
0 0
94854 94853
81798 81797
122172 122171
0 0
0 0
45932 45931
55128 55127
0 0
37366 37365
59182 59181
0 0
49350 49349
52768 52767
64754 64753
65104 65103
53190 53189
0 0
55614 55613
58284 58283
0 0
0 0
0 0
76102 76101
0 0
0 0
0 0
0 0
0 0
0 0
0 0
0 0
0 0
0 0
0 0
44930 44929
0 0
0 0
80644 80643
0 0
0 0
0 0
0 0
42010 42009
105188 105187
112326 112325
0 0
54260 54259
121576 121575
44328 44327
0 0
40120 40119
0 0
85284 85283
0 0
0 0
96084 96083
0 0
0 0
103474 103473
115254 115253
0 0
0 0
55946 55945
0 0
0 0
0 0
107710 107709
92662 92661
116326 116325
94410 94409
39424 39423
0 0
72784 72783
41412 41411
0 0
39738 39737
34250 34249
75332 75331
0 0
115358 115357
40236 40235
0 0
74206 74205
75462 75461
0 0
0 0
0 0
103448 103447
0 0
0 0
36012 36011
0 0
44726 44725
64322 64321
0 0
0 0
55162 55161
0 0
124006 124005
64098 64097
0 0
59508 59507
78752 78751
0 0
48442 48441
114886 114885
0 0
0 0
62042 62041
0 0
49898 49897
116556 116555
0 0
0 0
52516 52515
57876 57875
0 0
107968 107967
36096 36095
0 0
43894 43893
0 0
96926 96925
0 0
0 0
103112 103111
75988 75987
0 0
0 0
0 0
59380 59379
0 0
49274 49273
0 0
77686 77685
0 0
0 0
76208 76207
58734 58733
45814 45813
113750 113749
0 0
0 0
102348 102347
0 0
64464 64463
56988 56987
0 0
70384 70383
0 0
0 0
0 0
33972 33971
63588 63587
96874 96873
0 0
0 0
0 0
0 0
78692 78691
116966 116965
106486 106485
0 0
0 0
48184 48183
54696 54695
84886 84885
0 0
113908 113907
38368 38367
38706 38705
0 0
0 0
0 0
81412 81411
0 0
43782 43781
115756 115755
65084 65083
0 0
108240 108239
0 0
77520 77519
0 0
0 0
42712 42711
0 0
82344 82343
0 0
0 0
0 0
58742 58741
0 0
47586 47585
47868 47867
121950 121949
69050 69049
83776 83775
0 0
80238 80237
0 0
110512 110511
0 0
0 0
91368 91367
0 0
64966 64965
63272 63271
125646 125645
63076 63075
111016 111015
57450 57449
85004 85003
0 0
114412 114411
0 0
0 0
72762 72761
87350 87349
110472 110471
0 0
57256 57255
0 0
75988 75987
68692 68691
41054 41053
0 0
0 0
72888 72887
45076 45075
0 0
82714 82713
76250 76249
109542 109541
0 0
88036 88035
0 0
0 0
0 0
0 0
0 0
104376 104375
57258 57257
0 0
125162 125161
0 0
44220 44219
0 0
0 0
0 0
0 0
80086 80085
102626 102625
61596 61595
37414 37413
0 0
123810 123809
71876 71875
90860 90859
0 0
106944 106943
50336 50335
0 0
0 0
0 0
100306 100305
86218 86217
71056 71055
0 0
0 0
0 0
0 0
0 0
72670 72669
0 0
0 0
93244 93243
48090 48089
0 0
115284 115283
0 0
96766 96765
0 0
0 0
52268 52267
43568 43567
0 0
76286 76285
0 0
0 0
0 0
0 0
0 0
0 0
34044 34043
93852 93851
0 0
0 0
108726 108725
0 0
109038 109037
0 0
0 0
95518 95517
59084 59083
72226 72225
0 0
0 0
0 0
34860 34859
59902 59901
48964 48963
52462 52461
111350 111349
59092 59091
56994 56993
0 0
53616 53615
46110 46109
0 0
108432 108431
42104 42103
105530 105529
103478 103477
70562 70561
0 0
82980 82979
68258 68257
0 0
41462 41461
0 0
45452 45451
0 0
49854 49853
80464 80463
0 0
0 0
48254 48253
0 0
0 0
0 0
0 0
52932 52931
74154 74153
0 0
98940 98939
0 0
38880 38879
76008 76007
67236 67235
0 0
0 0
0 0
84246 84245
40440 40439
0 0
64594 64593
82084 82083
123148 123147
0 0
0 0
58868 58867
73770 73769
117082 117081
103968 103967
0 0
56622 56621
0 0
44568 44567
0 0
0 0
0 0
0 0
0 0
51936 51935
43312 43311
0 0
0 0
0 0
93980 93979
0 0
72888 72887
51528 51527
0 0
124676 124675
0 0
0 0
83500 83499
0 0
0 0
0 0
0 0
42478 42477
97762 97761
85480 85479
46306 46305
91054 91053
0 0
0 0
0 0
46280 46279
0 0
79562 79561
0 0
0 0
80258 80257
41754 41753
0 0
94580 94579
81264 81263
37162 37161
122148 122147
76782 76781
0 0
0 0
0 0
0 0
0 0
0 0
54448 54447
0 0
0 0
59698 59697
0 0
60436 60435
0 0
103516 103515
0 0
55622 55621
89810 89809
0 0
74878 74877
0 0
66968 66967
114508 114507
0 0
0 0
101186 101185
0 0
58796 58795
0 0
98252 98251
91168 91167
0 0
41534 41533
0 0
0 0
88918 88917
0 0
0 0
121312 121311
113166 113165
0 0
113218 113217
114108 114107
45790 45789
53908 53907
0 0
37492 37491
0 0
97292 97291
104056 104055
78456 78455
0 0
92418 92417
0 0
75608 75607
0 0
69946 69945
59052 59051
0 0
70608 70607
79188 79187
37452 37451
45748 45747
125656 125655
0 0
0 0
0 0
92216 92215
0 0
115228 115227
0 0
0 0
104254 104253
57410 57409
0 0
0 0
73808 73807
56480 56479
111296 111295
101170 101169
0 0
46986 46985
0 0
0 0
0 0
34432 34431
0 0
0 0
58362 58361
71376 71375
54916 54915
0 0
0 0
90646 90645
90094 90093
0 0
0 0
0 0
0 0
0 0
40982 40981
106014 106013
0 0
58614 58613
49940 49939
0 0
0 0
66352 66351
70966 70965
72440 72439
92428 92427
0 0
0 0
63532 63531
42728 42727
0 0
0 0
0 0
55954 55953
0 0
0 0
0 0
0 0
0 0
116060 116059
0 0
120948 120947
61366 61365
55502 55501
73874 73873
78294 78293
0 0
0 0
39974 39973
0 0
92654 92653
96786 96785
0 0
90776 90775
64640 64639
0 0
0 0
0 0
0 0
80326 80325
0 0
74140 74139
114980 114979
0 0
0 0
60758 60757
0 0
0 0
0 0
39582 39581
75338 75337
112782 112781
0 0
0 0
47234 47233
0 0
78014 78013
102522 102521
0 0
0 0
0 0
0 0
0 0
0 0
33928 33927
0 0
0 0
72074 72073
42868 42867
118882 118881
0 0
0 0
49668 49667
98712 98711
70990 70989
0 0
56808 56807
0 0
47976 47975
0 0
91792 91791
0 0
0 0
0 0
91730 91729
0 0
68536 68535
83196 83195
0 0
50440 50439
101702 101701
83264 83263
85876 85875
102438 102437
36240 36239
0 0
69412 69411
0 0
0 0
0 0
0 0
0 0
0 0
0 0
89898 89897
0 0
0 0
94924 94923
0 0
54996 54995
99516 99515
0 0
0 0
0 0
41568 41567
0 0
0 0
101858 101857
46876 46875
0 0
0 0
70086 70085
65624 65623
0 0
0 0
45824 45823
102498 102497
0 0
0 0
0 0
0 0
77090 77089
99330 99329
0 0
0 0
0 0
43918 43917
73484 73483
112422 112421
0 0
0 0
0 0
38548 38547
0 0
71924 71923
85442 85441
58684 58683
68960 68959
86220 86219
48794 48793
0 0
98136 98135
0 0
44188 44187
0 0
0 0
0 0
54430 54429
76882 76881
0 0
0 0
0 0
46926 46925
0 0
65078 65077
94384 94383
0 0
0 0
110140 110139
0 0
83608 83607
0 0
64542 64541
0 0
41824 41823
43846 43845
0 0
68528 68527
0 0
123710 123709
114812 114811
0 0
0 0
0 0
0 0
113494 113493
57844 57843
0 0
37334 37333
110900 110899
117014 117013
0 0
0 0
0 0
121436 121435
79984 79983
0 0
122634 122633
0 0
40650 40649
36632 36631
0 0
0 0
50776 50775
65002 65001
0 0
45952 45951
44736 44735
0 0
60284 60283
116918 116917
0 0
0 0
69570 69569
0 0
107128 107127
88252 88251
70482 70481
43196 43195
83868 83867
0 0
0 0
0 0
0 0
53320 53319
0 0
80810 80809
97658 97657
59958 59957
78246 78245
0 0
67954 67953
0 0
101134 101133
0 0
35880 35879
0 0
0 0
0 0
38748 38747
0 0
111188 111187
49256 49255
0 0
0 0
0 0
0 0
88882 88881
83590 83589
0 0
0 0
0 0
71584 71583
0 0
0 0
0 0
0 0
73694 73693
46210 46209
0 0
0 0
48496 48495
0 0
34384 34383
70134 70133
49040 49039
104770 104769
71464 71463
99150 99149
0 0
81790 81789
57354 57353
0 0
76742 76741
0 0
0 0
0 0
0 0
0 0
42502 42501
37930 37929
0 0
116076 116075
55840 55839
106340 106339
114468 114467
76178 76177
68034 68033
46776 46775
0 0
34350 34349
106810 106809
0 0
98770 98769
41864 41863
0 0
54952 54951
43202 43201
0 0
0 0
0 0
109744 109743
0 0
0 0
73498 73497
115152 115151
37692 37691
116234 116233
0 0
0 0
0 0
0 0
0 0
55504 55503
0 0
105672 105671
60914 60913
73524 73523
42192 42191
52738 52737
122568 122567
0 0
0 0
112516 112515
125196 125195
0 0
0 0
0 0
0 0
0 0
66032 66031
0 0
86368 86367
0 0
0 0
73782 73781
0 0
0 0
0 0
0 0
0 0
99554 99553
0 0
0 0
77552 77551
0 0
70158 70157
36014 36013
104652 104651
35644 35643
93354 93353
0 0
0 0
0 0
35706 35705
0 0
0 0
34438 34437
0 0
98286 98285
0 0
109404 109403
88398 88397
0 0
83774 83773
0 0
0 0
0 0
0 0
0 0
107458 107457
0 0
39046 39045
0 0
41102 41101
34920 34919
74552 74551
0 0
0 0
101284 101283
0 0
0 0
0 0
0 0
43536 43535
51022 51021
120874 120873
58454 58453
72198 72197
0 0
99374 99373
0 0
0 0
0 0
0 0
0 0
44070 44069
0 0
104046 104045
0 0
56298 56297
36534 36533
106876 106875
60726 60725
87472 87471
38050 38049
44822 44821
111670 111669
0 0
75884 75883
0 0
0 0
0 0
34082 34081
0 0
0 0
0 0
0 0
0 0
112554 112553
92548 92547
59292 59291
0 0
0 0
103676 103675
118418 118417
0 0
0 0
0 0
61414 61413
0 0
58580 58579
85152 85151
0 0
102992 102991
93930 93929
108850 108849
68714 68713
0 0
0 0
122056 122055
0 0
82260 82259
40740 40739
0 0
0 0
0 0
84610 84609
0 0
41850 41849
69702 69701
34214 34213
0 0
62202 62201
0 0
83542 83541
78258 78257
86984 86983
0 0
0 0
58252 58251
99736 99735
55680 55679
48190 48189
0 0
58884 58883
49438 49437
41244 41243
0 0
0 0
0 0
0 0
0 0
0 0
0 0
0 0
108452 108451
87308 87307
0 0
0 0
55306 55305
39894 39893
0 0
111522 111521
0 0
0 0
0 0
0 0
0 0
72228 72227
91072 91071
0 0
0 0
102650 102649
0 0
0 0
76602 76601
0 0
44612 44611
74200 74199
0 0
112112 112111
0 0
46456 46455
34744 34743
45228 45227
0 0
0 0
102342 102341
0 0
42970 42969
56534 56533
88156 88155
60110 60109
0 0
116698 116697
109834 109833
0 0
0 0
0 0
0 0
41214 41213
60228 60227
50542 50541
0 0
0 0
0 0
88404 88403
0 0
70494 70493
35226 35225
0 0
52364 52363
124806 124805
0 0
0 0
0 0
72814 72813
92322 92321
119542 119541
123668 123667
0 0
0 0
0 0
0 0
0 0
0 0
43546 43545
0 0
73764 73763
0 0
49714 49713
110176 110175
54480 54479
0 0
40286 40285
0 0
0 0
81384 81383
0 0
0 0
0 0
49434 49433
0 0
65686 65685
46582 46581
0 0
50476 50475
0 0
64814 64813
0 0
90350 90349
42586 42585
0 0
0 0
83156 83155
120822 120821
56106 56105
0 0
112078 112077
43958 43957
0 0
80778 80777
0 0
0 0
36356 36355
118028 118027
0 0
0 0
114108 114107
122464 122463
39088 39087
54050 54049
0 0
0 0
106452 106451
49920 49919
0 0
71156 71155
117180 117179
0 0
0 0
97986 97985
0 0
0 0
0 0
0 0
107046 107045
0 0
50854 50853
48094 48093
0 0
44690 44689
0 0
56130 56129
0 0
0 0
52106 52105
100330 100329
39450 39449
62800 62799
0 0
115236 115235
0 0
81184 81183
0 0
63340 63339
0 0
0 0
57624 57623
61534 61533
76658 76657
0 0
0 0
0 0
0 0
0 0
103278 103277
0 0
0 0
0 0
0 0
104994 104993
47170 47169
95354 95353
0 0
0 0
39774 39773
0 0
53350 53349
73486 73485
0 0
0 0
0 0
0 0
0 0
45482 45481
39426 39425
0 0
0 0
0 0
45732 45731
57368 57367
0 0
73106 73105
103428 103427
38340 38339
63994 63993
34770 34769
0 0
122984 122983
111050 111049
80816 80815
48610 48609
52998 52997
0 0
0 0
91548 91547
58248 58247
0 0
112430 112429
0 0
70480 70479
0 0
120820 120819
0 0
58662 58661
0 0
0 0
108374 108373
69564 69563
0 0
0 0
79662 79661
114760 114759
40048 40047
105328 105327
113714 113713
95396 95395
121018 121017
0 0
0 0
0 0
96706 96705
0 0
99040 99039
55918 55917
47738 47737
0 0
0 0
90846 90845
52672 52671
82058 82057
122616 122615
56802 56801
0 0
107466 107465
0 0
0 0
0 0
112604 112603
0 0
58312 58311
61056 61055
39150 39149
0 0
0 0
0 0
0 0
50134 50133
55746 55745
0 0
55312 55311
0 0
111276 111275
54620 54619
45246 45245
0 0
0 0
71670 71669
0 0
0 0
0 0
0 0
56984 56983
121158 121157
0 0
122282 122281
81706 81705
67576 67575
0 0
0 0
45844 45843
106424 106423
115932 115931
71972 71971
56404 56403
71190 71189
35688 35687
89086 89085
0 0
46514 46513
0 0
0 0
0 0
0 0
118138 118137
56870 56869
0 0
0 0
0 0
105304 105303
76166 76165
0 0
46236 46235
38300 38299
0 0
0 0
71126 71125
80060 80059
63476 63475
96274 96273
100832 100831
74454 74453
0 0
48078 48077
125428 125427
43290 43289
0 0
0 0
44858 44857
0 0
91576 91575
117248 117247
0 0
115374 115373
38220 38219
0 0
114738 114737
0 0
54774 54773
0 0
0 0
0 0
0 0
0 0
0 0
0 0
0 0
93096 93095
0 0
86516 86515
64318 64317
0 0
0 0
94368 94367
0 0
64168 64167
0 0
118930 118929
0 0
0 0
0 0
110504 110503
0 0
106066 106065
55358 55357
123412 123411
68062 68061
0 0
62994 62993
53718 53717
0 0
0 0
46528 46527
37474 37473
102878 102877
61210 61209
61614 61613
60862 60861
0 0
114934 114933
0 0
38606 38605
0 0
0 0
0 0
0 0
86460 86459
67670 67669
0 0
0 0
0 0
0 0
0 0
0 0
57374 57373
105946 105945
90434 90433
71334 71333
47634 47633
0 0
0 0
0 0
0 0
0 0
0 0
75544 75543
0 0
38614 38613
50532 50531
124232 124231
0 0
0 0
105402 105401
0 0
74676 74675
66540 66539
100472 100471
0 0
0 0
125876 125875
0 0
0 0
0 0
104082 104081
0 0
94638 94637
91798 91797
53366 53365
0 0
80706 80705
0 0
0 0
59602 59601
0 0
91956 91955
0 0
0 0
88012 88011
0 0
0 0
57248 57247
0 0
0 0
82150 82149
51204 51203
123366 123365
0 0
68344 68343
0 0
97446 97445
117770 117769
0 0
95596 95595
0 0
0 0
90380 90379
72374 72373
0 0
37230 37229
118802 118801
0 0
0 0
0 0
0 0
0 0
0 0
0 0
0 0
0 0
0 0
0 0
0 0
110064 110063
0 0
0 0
54204 54203
0 0
0 0
78530 78529
81968 81967
64396 64395
0 0
0 0
47730 47729
35204 35203
117400 117399
102474 102473
47636 47635
0 0
85378 85377
0 0
58918 58917
0 0
0 0
85012 85011
0 0
0 0
0 0
107568 107567
101268 101267
0 0
0 0
0 0
35784 35783
55948 55947
53884 53883
0 0
37084 37083
97794 97793
114468 114467
38656 38655
76090 76089
46100 46099
94618 94617
0 0
34908 34907
0 0
0 0
103114 103113
0 0
75090 75089
110456 110455
0 0
0 0
0 0
125350 125349
66170 66169
0 0
91906 91905
0 0
0 0
0 0
83102 83101
0 0
92146 92145
0 0
0 0
0 0
0 0
0 0
67412 67411
0 0
97990 97989
0 0
0 0
0 0
53084 53083
82184 82183
57646 57645
0 0
0 0
64904 64903
0 0
35572 35571
107208 107207
91036 91035
0 0
0 0
53176 53175
0 0
75686 75685
0 0
67938 67937
0 0
113718 113717
0 0
66906 66905
0 0
0 0
0 0
51278 51277
0 0
50188 50187
120702 120701
60696 60695
49854 49853
0 0
0 0
116392 116391
51234 51233
35542 35541
0 0
102176 102175
0 0
0 0
38010 38009
0 0
0 0
58436 58435
0 0
0 0
99438 99437
0 0
81594 81593
57308 57307
0 0
0 0
0 0
60486 60485
0 0
0 0
0 0
0 0
34672 34671
0 0
0 0
0 0
0 0
65586 65585
49556 49555
0 0
0 0
103812 103811
0 0
35304 35303
46958 46957
33882 33881
44040 44039
0 0
0 0
124144 124143
0 0
0 0
0 0
0 0
56022 56021
0 0
51872 51871
0 0
0 0
45946 45945
0 0
97694 97693
0 0
82286 82285
66990 66989
0 0
0 0
0 0
0 0
53850 53849
108464 108463
0 0
125944 125943
0 0
109800 109799
0 0
0 0
0 0
0 0
125514 125513
0 0
115816 115815
108228 108227
0 0
0 0
0 0
42026 42025
0 0
120018 120017
0 0
34276 34275
0 0
48254 48253
59942 59941
93668 93667
49884 49883
104110 104109
117594 117593
0 0
68116 68115
61516 61515
0 0
0 0
94188 94187
86582 86581
70220 70219
83004 83003
54690 54689
38270 38269
0 0
0 0
0 0
0 0
0 0
66218 66217
92516 92515
102080 102079
63192 63191
0 0
0 0
96060 96059
84550 84549
0 0
56758 56757
94130 94129
0 0
79086 79085
118932 118931
42546 42545
0 0
0 0
0 0
46214 46213
0 0
47044 47043
63818 63817
38780 38779
65114 65113
40030 40029
85356 85355
0 0
103780 103779
0 0
114888 114887
0 0
55230 55229
39398 39397
50784 50783
110580 110579
0 0
34074 34073
42874 42873
59514 59513
0 0
73270 73269
0 0
122764 122763
80346 80345
0 0
0 0
0 0
39892 39891
73230 73229
0 0
0 0
0 0
47760 47759
41552 41551
68544 68543
42914 42913
0 0
53410 53409
106142 106141
0 0
0 0
0 0
44350 44349
121436 121435
44922 44921
47190 47189
39350 39349
0 0
0 0
124712 124711
36386 36385
0 0
0 0
0 0
69250 69249
79222 79221
0 0
0 0
34940 34939
0 0
0 0
67100 67099
69116 69115
104256 104255
47088 47087
56650 56649
33966 33965
39252 39251
42742 42741
64122 64121
67126 67125
0 0
0 0
0 0
0 0
80778 80777
0 0
0 0
115188 115187
58884 58883
100308 100307
60894 60893
0 0
0 0
44556 44555
54694 54693
0 0
0 0
0 0
107522 107521
0 0
36114 36113
0 0
0 0
43890 43889
0 0
0 0
0 0
0 0
0 0
75656 75655
0 0
0 0
48474 48473
68584 68583
49118 49117
0 0
81358 81357
0 0
101822 101821
43894 43893
95660 95659
82744 82743
0 0
0 0
0 0
0 0
0 0
35962 35961
0 0
105874 105873
0 0
0 0
93140 93139
0 0
53676 53675
35472 35471
0 0
85480 85479
35144 35143
95756 95755
0 0
0 0
0 0
96924 96923
0 0
52242 52241
38470 38469
37216 37215
113114 113113
0 0
87996 87995
0 0
0 0
70006 70005
0 0
68422 68421
0 0
56904 56903
102992 102991
101536 101535
96660 96659
0 0
66426 66425
0 0
70136 70135
0 0
0 0
0 0
109686 109685
122358 122357
38014 38013
0 0
0 0
0 0
73564 73563
75258 75257
0 0
0 0
35160 35159
0 0
40108 40107
102546 102545
0 0
0 0
0 0
40198 40197
115332 115331
124716 124715
72054 72053
0 0
51924 51923
0 0
111732 111731
0 0
82390 82389
72198 72197
0 0
0 0
0 0
0 0
0 0
0 0
53874 53873
0 0
76798 76797
0 0
0 0
0 0
0 0
0 0
0 0
64966 64965
0 0
89196 89195
0 0
0 0
116538 116537
0 0
0 0
0 0
36198 36197
0 0
0 0
117282 117281
34190 34189
0 0
44548 44547
43116 43115
0 0
0 0
84370 84369
83446 83445
0 0
0 0
0 0
77658 77657
45348 45347
110822 110821
0 0
0 0
0 0
96706 96705
0 0
99206 99205
0 0
0 0
73828 73827
0 0
60892 60891
0 0
39148 39147
37590 37589
0 0
0 0
111390 111389
0 0
34730 34729
63646 63645
119356 119355
77824 77823
0 0
60924 60923
82864 82863
103820 103819
79422 79421
0 0
40158 40157
124736 124735
0 0
66412 66411
0 0
112326 112325
86856 86855
108684 108683
77818 77817
70592 70591
0 0
0 0
72584 72583
0 0
36906 36905
105670 105669
0 0
0 0
0 0
0 0
0 0
0 0
0 0
88934 88933
124848 124847
87222 87221
43396 43395
42372 42371
0 0
110814 110813
0 0
0 0
77436 77435
58618 58617
0 0
0 0
54526 54525
39370 39369
0 0
68274 68273
35934 35933
0 0
0 0
124496 124495
0 0
95092 95091
81550 81549
0 0
0 0
0 0
0 0
70466 70465
105144 105143
0 0
0 0
0 0
0 0
103252 103251
0 0
88106 88105
91240 91239
0 0
37662 37661
73576 73575
0 0
0 0
0 0
44846 44845
0 0
0 0
81920 81919
69836 69835
0 0
0 0
0 0
0 0
85258 85257
46918 46917
0 0
0 0
37962 37961
0 0
0 0
0 0
0 0
0 0
112420 112419
110298 110297
0 0
123016 123015
0 0
40364 40363
96580 96579
35436 35435
44468 44467
44890 44889
0 0
36066 36065
72102 72101
0 0
0 0
0 0
0 0
0 0
0 0
0 0
0 0
43242 43241
0 0
0 0
110762 110761
77106 77105
119264 119263
87872 87871
0 0
68936 68935
0 0
0 0
71138 71137
72596 72595
0 0
97284 97283
119468 119467
113346 113345
43334 43333
0 0
40362 40361
69308 69307
0 0
81398 81397
0 0
118468 118467
0 0
58372 58371
52564 52563
44036 44035
44006 44005
43292 43291
114890 114889
46500 46499
0 0
0 0
80982 80981
0 0
0 0
0 0
42264 42263
85104 85103
51788 51787
49214 49213
0 0
101664 101663
0 0
0 0
40168 40167
0 0
45548 45547
59866 59865
66396 66395
0 0
0 0
106042 106041
0 0
0 0
0 0
0 0
70160 70159
0 0
40282 40281
51318 51317
112054 112053
64234 64233
0 0
0 0
73944 73943
0 0
0 0
39298 39297
0 0
58308 58307
0 0
41626 41625
0 0
0 0
54502 54501
0 0
75476 75475
55838 55837
64266 64265
0 0
72542 72541
0 0
0 0
0 0
0 0
0 0
0 0
0 0
0 0
0 0
35878 35877
0 0
46152 46151
0 0
0 0
92666 92665
0 0
54820 54819
0 0
0 0
45456 45455
42404 42403
0 0
76042 76041
53520 53519
120390 120389
83394 83393
120008 120007
0 0
0 0
0 0
73582 73581
0 0
0 0
0 0
85670 85669
0 0
50064 50063
106604 106603
0 0
110574 110573
0 0
81474 81473
0 0
42184 42183
0 0
0 0
70268 70267
95574 95573
0 0
35132 35131
36786 36785
39100 39099
39052 39051
0 0
39050 39049
58138 58137
91402 91401
0 0
42000 41999
48422 48421
118876 118875
0 0
57944 57943
45182 45181
0 0
47660 47659
0 0
56462 56461
53144 53143
107008 107007
0 0
0 0
0 0
0 0
74104 74103
0 0
0 0
0 0
0 0
34168 34167
0 0
46734 46733
0 0
68502 68501
47960 47959
63552 63551
0 0
0 0
104184 104183
0 0
51580 51579
0 0
83438 83437
115168 115167
0 0
46036 46035
48552 48551
37304 37303
0 0
0 0
0 0
0 0
0 0
74236 74235
0 0
0 0
62310 62309
63448 63447
121598 121597
35952 35951
60160 60159
0 0
0 0
75722 75721
63516 63515
46196 46195
0 0
0 0
71638 71637
0 0
0 0
0 0
0 0
0 0
47434 47433
0 0
0 0
52706 52705
67166 67165
0 0
63918 63917
57658 57657
35866 35865
0 0
0 0
0 0
46790 46789
0 0
69102 69101
0 0
0 0
59430 59429
37038 37037
111098 111097
87356 87355
72182 72181
76278 76277
0 0
54868 54867
46734 46733
41334 41333
118908 118907
0 0
55508 55507
0 0
0 0
0 0
43894 43893
0 0
0 0
45498 45497
79124 79123
0 0
0 0
81504 81503
46678 46677
51216 51215
0 0
110866 110865
66266 66265
0 0
0 0
45134 45133
0 0
48312 48311
71368 71367
0 0
51930 51929
49176 49175
73690 73689
0 0
82186 82185
0 0
58860 58859
55982 55981
0 0
0 0
95004 95003
60570 60569
50808 50807
0 0
40380 40379
0 0
0 0
45764 45763
0 0
98716 98715
59700 59699
0 0
90372 90371
89444 89443
0 0
49000 48999
34746 34745
0 0
58206 58205
46598 46597
0 0
123128 123127
74222 74221
0 0
0 0
0 0
49696 49695
0 0
63198 63197
125714 125713
80994 80993
35864 35863
34878 34877
34462 34461
60586 60585
121340 121339
67860 67859
0 0
43124 43123
105934 105933
66268 66267
59426 59425
0 0
0 0
57336 57335
85724 85723
41970 41969
85090 85089
84252 84251
0 0
118334 118333
0 0
0 0
0 0
0 0
96614 96613
114152 114151
0 0
0 0
0 0
0 0
0 0
75956 75955
53578 53577
0 0
0 0
66442 66441
119764 119763
0 0
91150 91149
125776 125775
0 0
90086 90085
0 0
58710 58709
68268 68267
86128 86127
72330 72329
61894 61893
0 0
0 0
61092 61091
35158 35157
56934 56933
0 0
66504 66503
81578 81577
0 0
73050 73049
0 0
0 0
0 0
118178 118177
78604 78603
0 0
0 0
39806 39805
0 0
45970 45969
61534 61533
0 0
0 0
0 0
0 0
0 0
93488 93487
0 0
101884 101883
119372 119371
0 0
76616 76615
0 0
0 0
0 0
0 0
0 0
0 0
0 0
112324 112323
61530 61529
120418 120417
0 0
0 0
41532 41531
77944 77943
125684 125683
0 0
117276 117275
0 0
77952 77951
50268 50267
51964 51963
0 0
44188 44187
0 0
0 0
0 0
92574 92573
39432 39431
0 0
0 0
118146 118145
100046 100045
85380 85379
104164 104163
0 0
0 0
91488 91487
66684 66683
116394 116393
75604 75603
102692 102691
68506 68505
77680 77679
63920 63919
57714 57713
0 0
0 0
52462 52461
0 0
84190 84189
0 0
62290 62289
51084 51083
0 0
78706 78705
98888 98887
0 0
0 0
113926 113925
83778 83777
0 0
84832 84831
0 0
0 0
0 0
83318 83317
0 0
0 0
0 0
57718 57717
0 0
0 0
69270 69269
0 0
76976 76975
91242 91241
64764 64763
0 0
0 0
0 0
0 0
116786 116785
0 0
0 0
0 0
0 0
51116 51115
0 0
99698 99697
0 0
0 0
0 0
59540 59539
40146 40145
51770 51769
0 0
45832 45831
103956 103955
81514 81513
43984 43983
0 0
0 0
0 0
0 0
0 0
0 0
37258 37257
0 0
103888 103887
0 0
91574 91573
0 0
0 0
0 0
0 0
120134 120133
0 0
0 0
45856 45855
0 0
0 0
0 0
81410 81409
0 0
0 0
78602 78601
122914 122913
0 0
0 0
58860 58859
73254 73253
0 0
69518 69517
0 0
124460 124459
55824 55823
75444 75443
0 0
0 0
86724 86723
0 0
0 0
0 0
0 0
0 0
39904 39903
113676 113675
0 0
35812 35811
45134 45133
41422 41421
66910 66909
80588 80587
116610 116609
0 0
122280 122279
119616 119615
123348 123347
98002 98001
0 0
94130 94129
0 0
36726 36725
43714 43713
0 0
0 0
117982 117981
97034 97033
43094 43093
49454 49453
0 0
50240 50239
0 0
0 0
0 0
0 0
0 0
121166 121165
89082 89081
0 0
72682 72681
0 0
34284 34283
39768 39767
0 0
96690 96689
86562 86561
34078 34077
0 0
104330 104329
109032 109031
0 0
0 0
0 0
50434 50433
0 0
0 0
57296 57295
0 0
0 0
114854 114853
0 0
0 0
0 0
0 0
0 0
0 0
79974 79973
93114 93113
49740 49739
45506 45505
0 0
85442 85441
63380 63379
100808 100807
0 0
114112 114111
58404 58403
51942 51941
0 0
0 0
39704 39703
0 0
54906 54905
41434 41433
77120 77119
0 0
83400 83399
100962 100961
0 0
0 0
0 0
0 0
124130 124129
0 0
63102 63101
100452 100451
41038 41037
55210 55209
0 0
38578 38577
101010 101009
42356 42355
53960 53959
0 0
77184 77183
44946 44945
0 0
0 0
47586 47585
0 0
0 0
48052 48051
0 0
0 0
38010 38009
47034 47033
62488 62487
60366 60365
60466 60465
40890 40889
79356 79355
0 0
62230 62229
0 0
87352 87351
0 0
74338 74337
0 0
0 0
84838 84837
0 0
0 0
54816 54815
77006 77005
0 0
95196 95195
0 0
53140 53139
76320 76319
0 0
64604 64603
53508 53507
44612 44611
0 0
43188 43187
93062 93061
0 0
0 0
0 0
0 0
0 0
69976 69975
67284 67283
0 0
90854 90853
0 0
53262 53261
48424 48423
0 0
125170 125169
0 0
57140 57139
92156 92155
0 0
113738 113737
82098 82097
0 0
0 0
0 0
0 0
114196 114195
0 0
78246 78245
0 0
81252 81251
118998 118997
0 0
118430 118429
43278 43277
0 0
44430 44429
100906 100905
0 0
46264 46263
0 0
0 0
0 0
108830 108829
0 0
43430 43429
0 0
39564 39563
0 0
61830 61829
45036 45035
0 0
71290 71289
0 0
0 0
88076 88075
41276 41275
58404 58403
63204 63203
0 0
122294 122293
0 0
107984 107983
78280 78279
65412 65411
34312 34311
0 0
0 0
0 0
110050 110049
0 0
49420 49419
83748 83747
0 0
0 0
0 0
0 0
64630 64629
96028 96027
36054 36053
41222 41221
0 0
104734 104733
44436 44435
0 0
89636 89635
0 0
48458 48457
0 0
0 0
0 0
0 0
125706 125705
68582 68581
34734 34733
0 0
0 0
79784 79783
109292 109291
90774 90773
0 0
60548 60547
0 0
115614 115613
0 0
74644 74643
0 0
54600 54599
0 0
0 0
0 0
0 0
113936 113935
0 0
95714 95713
123890 123889
87272 87271
49506 49505
39816 39815
37364 37363
0 0
0 0
95372 95371
0 0
55076 55075
123802 123801
0 0
0 0
0 0
53470 53469
76350 76349
0 0
0 0
55054 55053
48982 48981
0 0
39442 39441
0 0
0 0
95358 95357
0 0
0 0
37778 37777
0 0
0 0
0 0
0 0
0 0
54990 54989
76186 76185
0 0
73344 73343
0 0
0 0
75782 75781
0 0
104226 104225
0 0
0 0
53968 53967
42104 42103
0 0
41376 41375
95448 95447
55000 54999
0 0
66396 66395
36324 36323
110614 110613
0 0
0 0
0 0
0 0
48840 48839
0 0
66846 66845
64064 64063
0 0
37304 37303
0 0
0 0
37894 37893
0 0
0 0
74442 74441
64348 64347
119902 119901
0 0
35524 35523
100100 100099
51148 51147
0 0
104180 104179
0 0
0 0
54584 54583
0 0
59072 59071
0 0
0 0
0 0
0 0
0 0
92158 92157
55542 55541
0 0
0 0
0 0
54742 54741
0 0
0 0
83122 83121
58806 58805
61316 61315
100672 100671
47358 47357
95928 95927
111144 111143
0 0
93322 93321
0 0
51798 51797
68792 68791
0 0
0 0
36534 36533
51784 51783
78304 78303
105586 105585
0 0
0 0
35662 35661
0 0
0 0
75178 75177
55814 55813
0 0
103060 103059
0 0
0 0
119084 119083
0 0
0 0
123748 123747
0 0
0 0
96148 96147
65882 65881
50356 50355
39140 39139
0 0
82156 82155
39790 39789
0 0
0 0
89856 89855
79184 79183
0 0
0 0
0 0
40818 40817
0 0
78496 78495
0 0
44194 44193
0 0
100908 100907
0 0
0 0
74644 74643
0 0
40856 40855
0 0
36632 36631
0 0
0 0
53128 53127
121426 121425
0 0
0 0
0 0
0 0
0 0
0 0
0 0
122292 122291
0 0
0 0
79500 79499
0 0
0 0
71398 71397
103978 103977
44328 44327
91304 91303
0 0
0 0
93166 93165
50250 50249
69314 69313
0 0
0 0
0 0
116028 116027
55866 55865
88754 88753
39048 39047
0 0
94288 94287
47540 47539
0 0
101104 101103
0 0
0 0
82426 82425
0 0
0 0
0 0
0 0
108364 108363
108032 108031
41580 41579
0 0
0 0
78106 78105
38348 38347
55786 55785
105430 105429
61382 61381
45370 45369
59988 59987
0 0
87692 87691
0 0
0 0
123578 123577
72334 72333
99404 99403
117492 117491
0 0
125690 125689
125584 125583
0 0
0 0
93960 93959
69780 69779
0 0
0 0
0 0
43236 43235
90990 90989
113986 113985
56082 56081
85646 85645
0 0
0 0
96250 96249
0 0
95786 95785
42268 42267
0 0
0 0
124508 124507
0 0
0 0
57396 57395
0 0
43114 43113
125412 125411
0 0
0 0
34174 34173
51950 51949
37016 37015
0 0
76576 76575
113444 113443
0 0
86834 86833
41606 41605
105816 105815
0 0
0 0
114704 114703
99138 99137
0 0
0 0
0 0
0 0
0 0
0 0
112952 112951
0 0
0 0
104076 104075
0 0
0 0
0 0
59450 59449
54024 54023
95606 95605
0 0
44490 44489
0 0
46862 46861
39998 39997
41132 41131
51324 51323
86518 86517
0 0
48466 48465
0 0
0 0
0 0
0 0
48104 48103
57920 57919
0 0
47668 47667
0 0
62040 62039
99908 99907
49806 49805
0 0
56250 56249
0 0
0 0
0 0
0 0
0 0
0 0
87764 87763
0 0
0 0
0 0
106290 106289
99098 99097
48964 48963
99336 99335
0 0
69326 69325
0 0
0 0
0 0
123256 123255
62440 62439
36236 36235
45416 45415
0 0
0 0
0 0
43380 43379
0 0
0 0
85724 85723
0 0
0 0
0 0
0 0
44794 44793
104444 104443
66940 66939
0 0
0 0
0 0
0 0
106092 106091
0 0
0 0
0 0
81628 81627
0 0
0 0
0 0
42408 42407
96850 96849
120792 120791
106988 106987
0 0
0 0
0 0
0 0
0 0
0 0
103062 103061
34230 34229
0 0
99248 99247
50966 50965
38530 38529
0 0
64266 64265
0 0
34308 34307
0 0
60178 60177
40438 40437
120708 120707
69636 69635
0 0
0 0
101202 101201
0 0
51992 51991
76116 76115
0 0
0 0
0 0
0 0
73852 73851
109996 109995
37810 37809
0 0
49420 49419
0 0
36352 36351
0 0
0 0
0 0
63048 63047
0 0
0 0
79504 79503
0 0
0 0
0 0
52888 52887
0 0
55574 55573
0 0
0 0
0 0
45322 45321
0 0
92576 92575
110336 110335
0 0
34254 34253
0 0
0 0
39242 39241
0 0
102184 102183
117036 117035
71138 71137
0 0
0 0
79042 79041
100028 100027
63726 63725
0 0
50518 50517
47062 47061
0 0
0 0
0 0
0 0
0 0
0 0
109710 109709
0 0
0 0
0 0
0 0
0 0
0 0
0 0
53924 53923
54932 54931
0 0
91190 91189
0 0
0 0
0 0
41282 41281
105496 105495
0 0
0 0
0 0
56144 56143
0 0
0 0
0 0
33956 33955
54038 54037
117780 117779
0 0
85392 85391
49208 49207
0 0
54388 54387
0 0
59738 59737
66310 66309
48054 48053
0 0
112768 112767
40296 40295
45774 45773
57670 57669
63934 63933
0 0
40224 40223
61096 61095
56520 56519
0 0
95476 95475
122860 122859
0 0
123264 123263
52330 52329
0 0
101618 101617
0 0
110574 110573
0 0
116188 116187
67960 67959
0 0
0 0
0 0
0 0
73688 73687
0 0
0 0
0 0
0 0
86048 86047
58482 58481
117654 117653
0 0
0 0
0 0
66080 66079
0 0
0 0
50276 50275
0 0
90356 90355
72984 72983
114754 114753
0 0
49408 49407
0 0
115158 115157
0 0
64060 64059
0 0
0 0
0 0
52916 52915
67634 67633
0 0
0 0
107436 107435
86698 86697
0 0
106150 106149
37476 37475
71686 71685
0 0
0 0
42152 42151
0 0
0 0
106198 106197
0 0
0 0
97404 97403
0 0
37586 37585
0 0
101872 101871
75576 75575
0 0
123362 123361
0 0
0 0
100820 100819
0 0
0 0
0 0
0 0
0 0
0 0
62224 62223
0 0
120702 120701
47656 47655
0 0
0 0
0 0
39858 39857
38368 38367
73500 73499
62952 62951
0 0
0 0
39118 39117
49098 49097
0 0
79544 79543
0 0
0 0
43674 43673
0 0
0 0
41888 41887
72188 72187
52408 52407
39016 39015
0 0
90498 90497
38364 38363
53966 53965
0 0
38564 38563
79978 79977
0 0
82236 82235
39244 39243
0 0
51576 51575
93312 93311
102500 102499
122524 122523
0 0
68974 68973
0 0
0 0
125352 125351
0 0
0 0
0 0
80654 80653
0 0
0 0
36630 36629
0 0
0 0
0 0
46538 46537
112128 112127
0 0
54902 54901
60350 60349
61734 61733
64564 64563
112676 112675
0 0
102462 102461
50064 50063
0 0
117046 117045
0 0
100900 100899
39500 39499
102434 102433
91790 91789
0 0
0 0
61658 61657
0 0
49454 49453
0 0
0 0
37514 37513
0 0
0 0
77740 77739
93166 93165
0 0
60006 60005
104050 104049
0 0
48550 48549
0 0
67598 67597
78924 78923
72770 72769
92770 92769
105748 105747
0 0
0 0
0 0
0 0
0 0
120606 120605
0 0
0 0
40676 40675
0 0
0 0
48598 48597
0 0
124866 124865
0 0
0 0
0 0
0 0
48084 48083
67416 67415
60708 60707
0 0
49676 49675
38350 38349
38762 38761
91438 91437
67066 67065
0 0
93904 93903
0 0
0 0
116894 116893
38168 38167
44958 44957
37056 37055
77240 77239
42174 42173
0 0
0 0
99302 99301
0 0
0 0
69184 69183
0 0
0 0
74146 74145
35216 35215
92026 92025
39628 39627
65980 65979
0 0
81680 81679
0 0
0 0
40336 40335
0 0
80944 80943
0 0
98346 98345
0 0
0 0
0 0
73842 73841
0 0
0 0
0 0
0 0
112368 112367
102636 102635
105404 105403
50050 50049
119910 119909
102068 102067
0 0
77920 77919
0 0
65702 65701
0 0
0 0
0 0
64768 64767
44448 44447
125640 125639
0 0
52726 52725
0 0
0 0
0 0
0 0
91138 91137
0 0
0 0
57514 57513
70198 70197
78880 78879
43992 43991
92462 92461
54198 54197
0 0
76242 76241
0 0
55260 55259
43242 43241
42042 42041
0 0
0 0
0 0
0 0
111824 111823
0 0
0 0
0 0
37672 37671
0 0
77616 77615
56750 56749
0 0
58236 58235
0 0
0 0
65264 65263
54722 54721
72084 72083
0 0
85426 85425
124046 124045
0 0
83812 83811
81094 81093
106600 106599
0 0
0 0
0 0
35302 35301
0 0
68886 68885
0 0
0 0
0 0
0 0
40756 40755
0 0
0 0
0 0
0 0
0 0
99436 99435
104332 104331
49834 49833
0 0
0 0
0 0
0 0
0 0
41824 41823
0 0
70522 70521
80980 80979
54714 54713
0 0
114368 114367
0 0
0 0
0 0
96580 96579
113314 113313
0 0
116344 116343
62760 62759
36802 36801
78106 78105
0 0
43920 43919
0 0
107366 107365
0 0
0 0
0 0
0 0
64208 64207
102800 102799
0 0
50802 50801
0 0
87416 87415
50190 50189
0 0
65370 65369
90718 90717
0 0
39926 39925
0 0
45238 45237
45090 45089
0 0
0 0
0 0
0 0
0 0
0 0
110574 110573
102274 102273
0 0
118260 118259
47802 47801
109676 109675
0 0
42572 42571
0 0
95602 95601
0 0
36466 36465
0 0
0 0
0 0
55406 55405
0 0
84652 84651
68616 68615
98802 98801
0 0
39722 39721
0 0
0 0
0 0
0 0
0 0
109134 109133
117708 117707
0 0
0 0
0 0
0 0
0 0
36532 36531
0 0
0 0
77308 77307
0 0
42680 42679
0 0
100284 100283
50450 50449
64814 64813
0 0
82684 82683
0 0
0 0
98134 98133
72024 72023
0 0
93328 93327
58872 58871
45040 45039
0 0
94870 94869
35422 35421
37514 37513
0 0
0 0
0 0
0 0
76838 76837
0 0
76204 76203
0 0
0 0
0 0
0 0
0 0
113674 113673
0 0
0 0
53920 53919
0 0
0 0
40836 40835
0 0
0 0
0 0
111214 111213
0 0
0 0
37812 37811
72192 72191
81084 81083
99648 99647
68466 68465
0 0
0 0
95534 95533
78370 78369
91608 91607
0 0
36996 36995
0 0
123834 123833
0 0
118148 118147
0 0
0 0
0 0
122914 122913
52864 52863
57660 57659
69024 69023
0 0
35494 35493
46230 46229
60858 60857
51230 51229
52102 52101
0 0
69878 69877
114186 114185
0 0
0 0
0 0
111652 111651
0 0
108596 108595
0 0
109052 109051
72106 72105
0 0
62568 62567
94042 94041
0 0
0 0
46814 46813
0 0
0 0
106872 106871
45732 45731
0 0
0 0
49424 49423
61988 61987
119998 119997
50910 50909
115998 115997
72776 72775
65394 65393
43524 43523
0 0
0 0
0 0
80930 80929
0 0
71512 71511
0 0
0 0
0 0
96070 96069
0 0
44358 44357
0 0
0 0
36600 36599
0 0
97670 97669
0 0
0 0
0 0
56234 56233
0 0
89812 89811
0 0
102370 102369
0 0
0 0
0 0
110880 110879
60862 60861
68204 68203
0 0
90326 90325
34446 34445
0 0
63000 62999
86688 86687
0 0
0 0
0 0
81180 81179
0 0
48212 48211
119344 119343
0 0
43940 43939
113984 113983
0 0
0 0
93046 93045
54192 54191
91202 91201
0 0
57662 57661
0 0
95716 95715
89482 89481
0 0
69666 69665
44186 44185
43266 43265
114994 114993
0 0
0 0
0 0
0 0
88590 88589
98000 97999
70520 70519
0 0
96530 96529
0 0
0 0
0 0
69854 69853
38308 38307
36258 36257
0 0
0 0
100892 100891
35244 35243
112794 112793
54932 54931
0 0
111864 111863
94676 94675
0 0
42178 42177
56364 56363
0 0
0 0
0 0
0 0
92400 92399
0 0
0 0
44674 44673
95266 95265
0 0
0 0
0 0
0 0
95894 95893
0 0
43658 43657
35872 35871
100160 100159
34616 34615
40024 40023
0 0
49778 49777
39672 39671
47860 47859
0 0
97562 97561
0 0
0 0
0 0
0 0
75386 75385
0 0
55258 55257
54976 54975
65342 65341
38726 38725
0 0
0 0
0 0
83190 83189
0 0
64254 64253
0 0
0 0
71952 71951
68630 68629
41866 41865
0 0
65458 65457
109214 109213
0 0
0 0
0 0
34534 34533
41320 41319
50270 50269
0 0
0 0
0 0
75588 75587
0 0
71244 71243
0 0
97928 97927
0 0
0 0
0 0
0 0
45846 45845
57948 57947
39286 39285
0 0
62928 62927
54450 54449
0 0
82514 82513
0 0
64940 64939
0 0
0 0
113662 113661
0 0
76634 76633
0 0
44450 44449
0 0
0 0
75622 75621
41646 41645
67772 67771
113778 113777
65364 65363
56764 56763
44452 44451
43794 43793
0 0
86042 86041
88868 88867
38044 38043
39622 39621
0 0
0 0
34312 34311
66524 66523
0 0
64822 64821
0 0
0 0
112970 112969
67038 67037
61382 61381
47298 47297
0 0
0 0
51924 51923
0 0
0 0
0 0
0 0
36344 36343
68416 68415
70198 70197
68094 68093
0 0
0 0
72512 72511
0 0
61908 61907
0 0
0 0
0 0
101326 101325
0 0
0 0
0 0
0 0
0 0
73004 73003
0 0
0 0
0 0
85622 85621
108168 108167
0 0
0 0
81056 81055
0 0
70602 70601
0 0
56908 56907
0 0
0 0
0 0
65360 65359
0 0
55416 55415
0 0
0 0
40454 40453
78378 78377
102940 102939
60432 60431
86848 86847
0 0
0 0
94766 94765
44656 44655
0 0
74824 74823
0 0
37622 37621
90196 90195
40074 40073
0 0
0 0
0 0
39446 39445
0 0
82764 82763
103826 103825
0 0
57834 57833
0 0
0 0
0 0
36320 36319
0 0
0 0
0 0
87880 87879
0 0
115930 115929
0 0
51632 51631
86876 86875
0 0
0 0
0 0
109106 109105
0 0
55032 55031
0 0
49600 49599
41012 41011
89046 89045
64476 64475
108606 108605
0 0
40246 40245
0 0
36400 36399
0 0
0 0
82562 82561
106394 106393
0 0
0 0
0 0
0 0
72880 72879
109362 109361
53644 53643
0 0
60994 60993
0 0
0 0
0 0
96934 96933
0 0
59680 59679
68402 68401
0 0
43702 43701
0 0
36018 36017
123220 123219
62582 62581
0 0
0 0
57396 57395
0 0
0 0
0 0
0 0
48802 48801
115148 115147
0 0
104186 104185
38120 38119
0 0
0 0
0 0
0 0
64704 64703
115226 115225
0 0
0 0
0 0
0 0
0 0
119026 119025
54786 54785
81348 81347
105236 105235
0 0
0 0
0 0
0 0
101966 101965
101150 101149
0 0
0 0
100218 100217
0 0
66970 66969
0 0
62286 62285
0 0
0 0
0 0
88238 88237
0 0
90262 90261
67782 67781
61426 61425
0 0
80892 80891
43790 43789
38508 38507
73712 73711
0 0
0 0
48984 48983
111922 111921
0 0
0 0
0 0
37984 37983
0 0
80842 80841
0 0
41804 41803
61630 61629
35632 35631
0 0
0 0
0 0
0 0
57222 57221
83790 83789
0 0
97026 97025
61976 61975
41896 41895
0 0
49192 49191
0 0
35548 35547
0 0
92604 92603
88628 88627
0 0
118552 118551
93570 93569
101900 101899
0 0
103784 103783
0 0
92698 92697
0 0
0 0
80710 80709
0 0
54992 54991
0 0
0 0
116062 116061
0 0
0 0
0 0
53938 53937
40606 40605
46480 46479
58504 58503
0 0
0 0
67952 67951
0 0
0 0
73120 73119
57102 57101
99528 99527
81424 81423
0 0
101280 101279
44592 44591
105652 105651
0 0
0 0
124280 124279
0 0
0 0
118162 118161
0 0
48578 48577
0 0
0 0
0 0
65750 65749
34818 34817
84744 84743
58640 58639
78152 78151
0 0
0 0
110990 110989
94534 94533
0 0
110260 110259
0 0
0 0
0 0
67584 67583
41654 41653
0 0
45728 45727
0 0
0 0
52028 52027
0 0
48360 48359
0 0
0 0
94920 94919
54670 54669
85504 85503
109460 109459
0 0
47252 47251
0 0
36148 36147
88390 88389
45188 45187
84148 84147
0 0
40320 40319
35518 35517
101124 101123
0 0
0 0
72062 72061
58020 58019
54806 54805
0 0
0 0
0 0
0 0
81206 81205
47728 47727
0 0
84138 84137
0 0
0 0
55872 55871
0 0
0 0
58194 58193
107408 107407
0 0
0 0
0 0
0 0
0 0
65314 65313
0 0
0 0
0 0
107574 107573
43850 43849
0 0
0 0
0 0
45486 45485
107464 107463
40866 40865
0 0
40190 40189
0 0
0 0
0 0
0 0
75646 75645
60212 60211
0 0
0 0
90576 90575
35756 35755
73776 73775
90276 90275
0 0
73186 73185
0 0
37832 37831
0 0
0 0
70004 70003
107900 107899
0 0
0 0
108512 108511
61860 61859
77028 77027
109596 109595
0 0
0 0
0 0
0 0
0 0
0 0
0 0
0 0
0 0
0 0
74738 74737
96116 96115
82868 82867
0 0
95318 95317
59282 59281
0 0
66372 66371
39314 39313
0 0
111920 111919
123014 123013
0 0
40206 40205
84276 84275
66896 66895
0 0
0 0
67906 67905
0 0
0 0
105596 105595
0 0
0 0
0 0
0 0
0 0
0 0
45570 45569
103786 103785
0 0
0 0
84190 84189
0 0
0 0
61266 61265
52504 52503
96442 96441
77982 77981
124150 124149
83406 83405
0 0
82678 82677
0 0
0 0
0 0
0 0
0 0
0 0
0 0
0 0
89240 89239
45014 45013
51182 51181
0 0
61990 61989
41096 41095
34588 34587
0 0
0 0
94332 94331
0 0
0 0
93498 93497
71424 71423
0 0
0 0
0 0
0 0
0 0
50452 50451
125030 125029
74208 74207
48688 48687
69012 69011
92356 92355
61476 61475
93488 93487
104224 104223
0 0
89226 89225
106428 106427
63208 63207
48028 48027
68332 68331
0 0
0 0
45484 45483
82024 82023
0 0
0 0
68194 68193
0 0
80954 80953
0 0
64346 64345
0 0
0 0
0 0
0 0
35534 35533
42054 42053
78502 78501
0 0
109250 109249
0 0
39250 39249
0 0
44414 44413
0 0
50142 50141
0 0
0 0
63942 63941
0 0
0 0
111512 111511
72890 72889
116534 116533
0 0
0 0
0 0
44142 44141
0 0
124580 124579
0 0
0 0
0 0
63712 63711
105282 105281
94304 94303
45696 45695
0 0
0 0
37758 37757
0 0
44900 44899
0 0
120760 120759
92224 92223
121106 121105
0 0
0 0
0 0
0 0
120144 120143
66530 66529
0 0
122896 122895
42490 42489
42694 42693
37114 37113
0 0
0 0
0 0
70984 70983
73466 73465
109364 109363
0 0
61350 61349
62612 62611
0 0
83502 83501
0 0
0 0
0 0
46990 46989
54066 54065
0 0
54032 54031
81306 81305
68236 68235
0 0
0 0
86178 86177
59604 59603
0 0
37542 37541
0 0
0 0
99350 99349
44174 44173
0 0
0 0
83858 83857
0 0
35318 35317
63300 63299
0 0
0 0
107870 107869
38106 38105
54700 54699
44362 44361
0 0
35536 35535
0 0
0 0
0 0
86640 86639
58566 58565
85352 85351
108700 108699
42680 42679
37782 37781
38416 38415
0 0
42088 42087
0 0
0 0
49298 49297
49382 49381
121198 121197
0 0
109310 109309
0 0
102950 102949
0 0
0 0
0 0
37532 37531
42220 42219
44700 44699
0 0
89632 89631
0 0
37826 37825
77970 77969
0 0
104620 104619
73334 73333
80988 80987
118694 118693
42916 42915
47836 47835
0 0
35778 35777
122450 122449
0 0
0 0
112808 112807
0 0
0 0
0 0
0 0
0 0
0 0
0 0
0 0
36090 36089
36834 36833
51782 51781
0 0
53860 53859
115550 115549
99274 99273
0 0
0 0
0 0
0 0
119698 119697
78526 78525
40668 40667
36064 36063
0 0
109024 109023
0 0
82068 82067
68864 68863
0 0
0 0
0 0
0 0
0 0
43292 43291
118040 118039
0 0
0 0
34332 34331
108780 108779
0 0
35180 35179
0 0
0 0
0 0
119892 119891
0 0
0 0
0 0
56508 56507
0 0
105068 105067
0 0
0 0
51000 50999
60800 60799
0 0
58054 58053
43578 43577
102428 102427
0 0
101572 101571
0 0
0 0
34730 34729
43504 43503
91314 91313
0 0
35452 35451
0 0
0 0
35882 35881
0 0
43442 43441
0 0
77820 77819
0 0
45864 45863
0 0
0 0
0 0
0 0
0 0
0 0
0 0
33876 33875
0 0
0 0
68538 68537
0 0
107128 107127
0 0
80096 80095
0 0
0 0
0 0
0 0
0 0
37396 37395
93760 93759
36488 36487
34636 34635
98760 98759
0 0
0 0
0 0
0 0
40260 40259
72776 72775
0 0
86732 86731
0 0
92528 92527
52838 52837
0 0
38178 38177
0 0
89538 89537
103604 103603
119590 119589
0 0
103680 103679
104068 104067
0 0
0 0
0 0
0 0
0 0
0 0
100876 100875
125694 125693
46814 46813
0 0
68780 68779
44334 44333
52084 52083
117638 117637
75880 75879
41212 41211
0 0
116904 116903
0 0
0 0
41282 41281
100074 100073
0 0
106788 106787
88182 88181
0 0
0 0
0 0
0 0
53110 53109
63848 63847
0 0
55254 55253
0 0
55544 55543
62032 62031
0 0
0 0
0 0
0 0
0 0
118886 118885
122474 122473
0 0
55084 55083
96748 96747
112948 112947
0 0
38792 38791
108436 108435
83524 83523
0 0
0 0
0 0
89964 89963
54678 54677
0 0
0 0
0 0
105116 105115
73952 73951
42198 42197
74614 74613
96304 96303
0 0
0 0
112622 112621
0 0
74456 74455
34980 34979
0 0
0 0
89986 89985
0 0
0 0
38298 38297
71126 71125
0 0
99126 99125
101662 101661
89546 89545
85590 85589
0 0
39038 39037
72270 72269
119216 119215
74028 74027
60612 60611
51956 51955
0 0
0 0
58464 58463
56476 56475
0 0
0 0
0 0
0 0
40008 40007
119810 119809
0 0
57572 57571
0 0
0 0
48916 48915
0 0
0 0
64982 64981
100036 100035
0 0
122652 122651
80868 80867
36142 36141
104184 104183
59610 59609
60614 60613
0 0
0 0
96520 96519
108358 108357
75716 75715
0 0
47420 47419
55004 55003
82246 82245
0 0
88052 88051
0 0
114758 114757
116464 116463
56944 56943
55102 55101
41186 41185
72418 72417
62818 62817
118202 118201
0 0
50892 50891
44922 44921
0 0
97192 97191
0 0
0 0
49950 49949
101368 101367
91896 91895
70340 70339
107516 107515
38788 38787
76208 76207
108448 108447
0 0
0 0
0 0
70818 70817
120892 120891
94358 94357
108122 108121
0 0
0 0
56292 56291
88158 88157
60482 60481
77222 77221
121394 121393
0 0
90236 90235
0 0
74122 74121
86532 86531
0 0
63174 63173
0 0
0 0
64682 64681
0 0
119700 119699
93828 93827
0 0
0 0
66672 66671
0 0
0 0
0 0
49380 49379
0 0
43950 43949
0 0
0 0
0 0
0 0
0 0
85284 85283
46216 46215
0 0
0 0
39228 39227
0 0
55140 55139
0 0
66422 66421
0 0
38072 38071
35786 35785
69898 69897
0 0
105488 105487
0 0
56868 56867
0 0
84714 84713
0 0
0 0
0 0
0 0
0 0
0 0
44570 44569
49836 49835
41416 41415
0 0
0 0
44764 44763
0 0
0 0
0 0
62800 62799
0 0
0 0
0 0
90522 90521
109958 109957
43230 43229
71378 71377
60692 60691
50734 50733
0 0
51116 51115
40598 40597
0 0
0 0
0 0
49362 49361
0 0
116830 116829
0 0
34410 34409
0 0
37036 37035
87688 87687
0 0
59182 59181
0 0
37004 37003
0 0
0 0
0 0
36750 36749
0 0
60428 60427
112676 112675
70684 70683
57948 57947
40728 40727
81390 81389
0 0
101230 101229
53122 53121
117434 117433
0 0
123124 123123
74708 74707
0 0
0 0
0 0
0 0
41596 41595
67146 67145
0 0
0 0
0 0
0 0
41316 41315
85474 85473
98952 98951
0 0
97834 97833
0 0
0 0
0 0
53344 53343
0 0
61178 61177
35540 35539
63950 63949
80282 80281
109386 109385
46332 46331
0 0
44924 44923
0 0
0 0
0 0
56100 56099
0 0
0 0
54732 54731
0 0
113488 113487
68898 68897
69232 69231
53218 53217
104720 104719
64718 64717
63042 63041
101402 101401
103734 103733
0 0
0 0
0 0
0 0
0 0
0 0
57546 57545
0 0
64230 64229
0 0
44806 44805
0 0
96526 96525
0 0
0 0
0 0
93350 93349
0 0
0 0
45804 45803
37678 37677
119312 119311
0 0
55216 55215
0 0
94508 94507
49664 49663
0 0
120348 120347
81152 81151
0 0
0 0
70390 70389
0 0
119218 119217
90958 90957
0 0
68644 68643
116830 116829
66410 66409
52004 52003
46422 46421
0 0
0 0
71084 71083
50948 50947
0 0
0 0
0 0
0 0
0 0
35052 35051
0 0
50036 50035
0 0
66726 66725
0 0
0 0
107036 107035
110576 110575
41926 41925
0 0
0 0
0 0
102852 102851
108692 108691
0 0
0 0
64274 64273
107256 107255
0 0
81802 81801
0 0
0 0
0 0
0 0
116140 116139
53358 53357
0 0
75976 75975
37566 37565
36670 36669
57144 57143
46274 46273
89578 89577
95838 95837
62364 62363
46930 46929
0 0
0 0
86432 86431
0 0
0 0
56386 56385
103184 103183
0 0
59710 59709
99076 99075
44316 44315
82404 82403
0 0
0 0
0 0
0 0
37596 37595
76216 76215
125402 125401
0 0
82558 82557
0 0
0 0
0 0
0 0
0 0
0 0
0 0
0 0
105368 105367
74274 74273
0 0
0 0
0 0
101842 101841
87588 87587
95016 95015
0 0
0 0
0 0
0 0
0 0
0 0
0 0
65620 65619
48360 48359
0 0
0 0
0 0
0 0
0 0
90638 90637
58718 58717
64134 64133
0 0
0 0
100332 100331
0 0
66018 66017
0 0
87824 87823
0 0
44708 44707
0 0
37004 37003
0 0
0 0
49852 49851
0 0
81870 81869
0 0
0 0
0 0
0 0
0 0
0 0
0 0
0 0
79782 79781
80276 80275
112974 112973
0 0
109160 109159
93394 93393
0 0
58978 58977
0 0
76262 76261
39116 39115
0 0
0 0
0 0
0 0
0 0
0 0
0 0
0 0
0 0
0 0
0 0
34180 34179
54952 54951
0 0
89894 89893
0 0
0 0
122504 122503
58758 58757
0 0
49066 49065
35082 35081
0 0
0 0
0 0
95614 95613
66258 66257
64100 64099
0 0
0 0
0 0
0 0
123426 123425
0 0
0 0
0 0
111456 111455
47620 47619
121228 121227
52676 52675
0 0
76846 76845
112780 112779
44680 44679
0 0
0 0
125716 125715
113634 113633
43990 43989
0 0
104900 104899
0 0
37888 37887
114760 114759
0 0
38412 38411
0 0
35030 35029
92252 92251
41628 41627
0 0
39990 39989
56544 56543
47922 47921
36086 36085
0 0
0 0
86552 86551
101384 101383
75066 75065
100230 100229
0 0
56254 56253
0 0
0 0
99646 99645
0 0
112322 112321
0 0
0 0
0 0
0 0
0 0
0 0
45754 45753
35932 35931
35664 35663
38580 38579
0 0
0 0
0 0
0 0
0 0
0 0
91628 91627
0 0
39990 39989
0 0
88100 88099
51422 51421
0 0
0 0
78210 78209
67834 67833
62806 62805
0 0
55546 55545
0 0
0 0
91922 91921
119382 119381
0 0
124044 124043
107694 107693
40462 40461
78836 78835
0 0
0 0
71638 71637
48844 48843
94882 94881
50312 50311
0 0
87334 87333
59370 59369
0 0
0 0
63302 63301
0 0
0 0
0 0
123926 123925
0 0
44364 44363
0 0
0 0
0 0
114736 114735
0 0
75690 75689
124170 124169
0 0
64230 64229
0 0
0 0
34112 34111
41928 41927
115582 115581
0 0
116142 116141
0 0
38600 38599
67338 67337
72868 72867
77580 77579
63058 63057
56540 56539
0 0
37832 37831
120778 120777
0 0
56630 56629
35894 35893
0 0
0 0
88050 88049
37892 37891
0 0
102474 102473
0 0
45628 45627
36480 36479
55818 55817
55910 55909
75698 75697
0 0
0 0
0 0
78912 78911
102998 102997
45420 45419
34838 34837
0 0
0 0
78128 78127
74992 74991
0 0
55672 55671
89662 89661
0 0
39824 39823
36450 36449
0 0
0 0
100808 100807
0 0
51596 51595
56274 56273
67598 67597
96672 96671
38120 38119
0 0
0 0
0 0
34114 34113
37124 37123
74668 74667
80388 80387
52894 52893
81862 81861
0 0
44006 44005
68898 68897
55430 55429
0 0
0 0
0 0
0 0
0 0
0 0
74986 74985
67534 67533
0 0
0 0
91872 91871
36416 36415
0 0
99610 99609
0 0
83164 83163
49812 49811
85938 85937
0 0
0 0
96848 96847
68232 68231
0 0
67352 67351
0 0
0 0
0 0
119974 119973
108886 108885
0 0
118904 118903
62210 62209
58138 58137
121468 121467
0 0
58900 58899
0 0
37218 37217
0 0
81342 81341
121916 121915
122026 122025
0 0
0 0
0 0
68546 68545
94750 94749
0 0
35768 35767
54996 54995
0 0
96288 96287
0 0
42006 42005
0 0
0 0
34842 34841
0 0
0 0
91496 91495
105626 105625
46546 46545
0 0
0 0
0 0
0 0
108550 108549
0 0
105074 105073
47480 47479
61588 61587
0 0
0 0
0 0
87486 87485
0 0
0 0
41688 41687
0 0
100392 100391
35106 35105
94522 94521
0 0
68446 68445
0 0
40836 40835
0 0
0 0
0 0
0 0
0 0
0 0
116770 116769
0 0
0 0
0 0
47756 47755
33820 33819
0 0
49972 49971
49084 49083
0 0
0 0
61194 61193
124796 124795
0 0
38302 38301
0 0
0 0
0 0
0 0
79476 79475
85460 85459
0 0
44362 44361
0 0
0 0
63446 63445
102396 102395
33840 33839
43630 43629
0 0
0 0
0 0
0 0
0 0
0 0
77012 77011
105706 105705
119554 119553
57396 57395
0 0
0 0
0 0
106980 106979
0 0
108256 108255
0 0
0 0
0 0
54870 54869
39444 39443
0 0
0 0
0 0
58308 58307
0 0
50880 50879
0 0
98222 98221
48310 48309
98004 98003
90128 90127
0 0
93184 93183
0 0
0 0
49522 49521
70926 70925
63370 63369
80692 80691
36054 36053
95394 95393
41924 41923
0 0
0 0
0 0
0 0
0 0
71888 71887
0 0
39312 39311
0 0
0 0
0 0
0 0
0 0
0 0
40338 40337
117786 117785
0 0
0 0
0 0
53562 53561
0 0
0 0
36988 36987
86252 86251
0 0
93288 93287
62740 62739
86556 86555
0 0
47560 47559
66306 66305
84808 84807
0 0
0 0
52366 52365
118092 118091
37620 37619
0 0
0 0
0 0
0 0
0 0
0 0
0 0
74584 74583
0 0
0 0
0 0
0 0
0 0
41122 41121
40288 40287
118868 118867
61484 61483
35532 35531
113216 113215
0 0
0 0
0 0
53152 53151
42046 42045
33844 33843
88284 88283
98180 98179
0 0
77072 77071
43150 43149
48714 48713
0 0
0 0
67348 67347
0 0
83546 83545
0 0
0 0
0 0
102026 102025
41268 41267
118992 118991
67404 67403
0 0
109258 109257
0 0
0 0
0 0
99116 99115
42834 42833
93096 93095
113530 113529
104288 104287
94334 94333
89534 89533
0 0
40816 40815
103400 103399
79460 79459
0 0
120202 120201
0 0
58596 58595
0 0
0 0
0 0
84182 84181
52738 52737
0 0
53122 53121
86630 86629
57668 57667
0 0
0 0
0 0
36158 36157
102306 102305
57196 57195
56370 56369
59244 59243
113688 113687
0 0
85468 85467
0 0
75422 75421
0 0
74972 74971
37756 37755
81296 81295
0 0
98876 98875
0 0
0 0
0 0
0 0
75168 75167
53630 53629
81406 81405
0 0
66722 66721
44816 44815
0 0
0 0
45102 45101
88408 88407
46736 46735
42376 42375
0 0
0 0
40850 40849
42596 42595
38402 38401
0 0
0 0
0 0
0 0
0 0
0 0
0 0
0 0
102910 102909
99526 99525
0 0
0 0
0 0
0 0
0 0
72936 72935
0 0
0 0
0 0
0 0
98900 98899
0 0
65616 65615
0 0
0 0
0 0
