70 700
1
57
13
51
46
47
52
54
19
25
61
56
70
45
69
54
47
12
45
11
4
3
7
69
5
23
61
2
16
40
40
44
31
38
37
8
6
50
1
10
65
35
49
8
12
63
16
37
68
30
42
12
65
6
59
19
38
7
21
3
45
38
29
19
19
69
58
4
32
70
14
33
63
62
3
2
39
12
33
22
40
51
59
56
12
30
23
5
19
54
12
52
67
67
11
64
23
10
27
67
9
9
40
59
2
38
20
30
64
15
70
28
11
32
51
55
62
28
54
14
50
37
50
9
32
9
55
20
50
21
9
30
30
51
52
22
63
21
70
62
38
28
68
35
49
26
19
6
11
32
50
29
9
25
20
63
67
67
10
40
54
9
47
17
52
37
53
61
61
57
59
49
19
46
31
56
31
35
9
59
9
9
11
32
33
7
28
29
54
65
1
30
8
41
14
30
32
25
70
33
4
41
45
60
29
35
27
63
62
18
42
28
67
69
32
69
36
27
47
55
51
6
1
68
44
67
43
11
67
6
22
70
25
65
26
4
57
3
44
64
56
23
43
23
55
51
25
45
54
50
64
57
14
5
49
51
33
62
29
61
48
48
60
24
30
68
9
48
59
65
62
24
15
53
53
27
56
7
70
1
37
27
2
69
2
6
34
51
4
23
51
12
4
13
18
20
47
50
12
60
25
29
57
12
30
65
16
37
13
65
64
44
59
38
7
35
43
64
49
30
5
39
26
61
38
51
32
41
21
66
60
25
53
24
63
60
1
37
64
65
10
9
1
68
37
11
23
19
59
66
37
51
32
13
52
68
41
35
58
69
16
21
51
49
67
7
38
20
55
41
21
67
64
48
45
34
13
1
4
63
10
7
7
1
30
11
66
51
47
54
11
9
15
16
32
7
26
48
4
56
59
31
36
13
51
47
34
40
10
52
54
49
31
63
27
8
31
52
46
38
20
63
39
45
50
2
60
32
66
46
43
14
39
56
24
28
58
15
44
40
36
56
7
48
12
33
19
19
20
36
18
3
68
23
42
8
68
56
60
28
7
10
21
50
38
45
15
39
35
39
40
55
14
31
57
40
21
33
37
17
65
30
49
4
16
39
14
4
1
35
38
17
59
61
5
5
49
23
14
60
1
68
13
34
59
55
58
55
21
11
56
13
47
49
46
44
43
12
47
67
44
62
12
1
45
10
55
29
13
35
68
47
47
61
51
60
58
54
13
31
13
27
47
52
3
66
26
70
47
60
52
17
24
40
6
30
35
58
13
26
30
13
63
42
56
48
61
4
26
12
5
26
30
38
39
70
59
3
54
41
69
25
36
21
32
68
57
64
65
26
64
69
7
47
66
29
51
68
46
16
27
39
58
7
5
45
55
35
12
17
29
4
10
33
32
34
6
25
69
42
67
57
35
54
12
44
52
10
57
22
37
28
42
25
64
61
46
16
43
16
23
7
34
17
53
9
34
6
2
55
30
23
10
53
25
50
61
2
40
67
27
30
22
44
33
57
67
42
17
34
9
45
67
37
57
13
31
20
59
23
65
14
3
45
38
28
57
16
46
12
22
19
60
5
15
61
18
1
49
66
