1
100 2 500
11613 69303 46735 34586 4205 55392 19430 33986 62299 67404 32836 94566 40741 94427 38240 92721 60520 68805 64698 18107 43010 54610 64244 34040 747 52627 72537 38554 78461 31772 97213 44910 50930 31419 54127 62696 4554 30894 88588 14729 84845 77307 80496 45921 82598 8077 70446 16935 45308 68903 69059 55694 29661 73007 2223 52787 56117 45228 41235 7007 44840 91162 21027 73809 75153 53251 4613 39653 77802 91674 24426 47643 66210 55880 31892 81327 72610 63881 44789 64009 92679 21924 81100 41101 69587 72874 57583 13984 11721 86970 22060 48445 78155 92596 93248 96537 98743 27112 54601 19345 
82 77330
79 5076
3 49901
72 91249
42 46068
97 48759
98 57529
57 44425
33 87300
79 38301
55 24676
58 84324
64 87210
56 89186
43 80336
82 89931
21 52157
39 10652
75 12771
9 83406
95 67947
43 54501
4 67371
80 50107
86 29416
26 1789
46 41419
39 69246
18 40192
4 6804
4 19952
92 75659
35 73353
16 46560
94 2499
34 3769
25 3585
97 70850
68 45501
80 43168
10 62367
1 3007
34 59171
77 90811
19 99010
24 7953
13 17850
43 23247
2 46756
42 94616
88 51423
26 10679
14 74601
34 25969
4 51234
45 39029
59 32482
25 54013
31 29129
16 57189
36 95854
78 90484
92 99549
99 46051
1 84685
99 11592
43 94601
26 60369
40 39045
97 54465
74 30977
87 48425
49 91739
4 91787
17 73972
58 14862
15 61101
88 55721
98 29269
41 91640
73 71954
41 13605
20 6495
4 47356
81 72540
86 42529
12 4905
54 95214
97 63087
19 10673
45 25237
46 59697
20 65949
4 11183
76 7461
49 74485
42 22101
89 37637
46 74915
46 61366
7 68705
32 14076
74 38418
4 19138
34 97348
81 3165
10 54709
46 79562
53 87413
93 30445
90 49320
78 39650
65 65373
41 22237
56 81347
85 28893
50 50562
72 84124
99 53344
89 65988
36 6709
39 88552
48 73099
76 81799
9 92667
42 17998
48 72434
30 86579
24 22690
82 46964
94 4938
80 12996
45 35415
97 72197
44 11553
5 14078
86 67036
46 1454
25 57776
15 91496
52 29193
85 12078
26 46837
71 97105
93 92888
75 22394
59 55543
48 23699
79 84963
20 91455
11 26852
42 13201
43 47441
77 2214
32 89876
8 18353
32 55370
3 89456
38 40334
95 44930
58 75071
64 45770
53 57398
27 51313
37 32946
65 40350
80 20764
82 55249
2 84236
10 84215
59 87520
76 23463
61 87738
51 2581
65 56803
48 59184
80 24287
17 22813
45 95678
80 93399
84 28629
81 21094
38 52761
13 46638
47 38181
86 7759
64 53214
71 2101
45 74236
25 58241
23 99122
40 50008
98 65485
50 20514
68 65861
95 68527
77 77151
9 80220
86 78735
14 46922
85 41846
87 30510
66 37920
14 36367
17 69743
68 98473
44 17768
20 11687
12 6054
76 74297
84 16232
46 25425
60 94040
93 6161
6 13219
91 80682
81 34955
24 62020
44 8239
42 25520
15 63570
56 62946
98 53751
79 79977
94 9158
63 11031
10 11010
67 51624
99 84413
50 8401
53 73076
6 73850
11 77337
94 13376
25 18140
89 75715
36 80459
90 65076
39 70127
58 44714
25 49662
58 46619
62 29977
43 49332
50 9868
92 42860
96 51923
33 29140
73 68512
83 96639
61 36237
9 9404
38 74620
13 87817
96 33170
10 6524
7 25420
32 54023
14 65332
98 79908
6 14172
8 25888
13 18242
25 41381
58 69079
13 12562
83 44865
76 7343
16 95220
26 82065
8 93992
88 74933
6 10432
6 23875
47 58046
46 8437
46 52863
71 93483
53 10415
36 10033
57 66211
72 86709
87 95915
20 92912
77 40370
33 15162
49 13497
43 72414
12 20154
20 69272
4 98400
2 41892
67 18355
10 63612
15 81652
26 10779
95 74908
21 93556
50 90378
92 45133
54 44227
40 83213
71 87444
32 90150
66 53127
5 13231
74 37226
37 81821
2 22554
63 58829
78 21173
77 52605
6 44801
68 10271
51 97290
10 12019
20 14727
87 32913
67 40993
66 68017
12 28379
48 29559
33 19035
100 82281
90 47734
35 27900
68 10589
88 76099
79 18927
42 63058
41 16371
65 94965
72 27827
10 27825
96 41456
55 48232
64 84206
7 41231
63 1867
89 7694
69 14038
91 62577
69 23270
30 88054
44 36410
58 81253
73 77353
3 59493
95 34380
22 84588
17 42629
16 43685
54 38212
65 5181
30 65356
37 11851
7 74647
77 96820
63 30377
21 72559
20 39435
5 68266
33 8540
19 5867
92 35513
6 85633
56 51669
79 18720
70 38257
59 25411
55 16346
43 17929
49 63132
54 54267
62 31667
2 91021
85 80515
47 5192
6 20013
87 35387
49 19082
95 4934
34 8776
38 47492
53 86387
76 11
81 19114
2 11023
4 93354
97 89975
84 14706
86 68051
19 19604
95 61292
100 39319
100 33567
36 1099
69 56578
33 4669
6 91764
28 19473
55 95775
7 6506
80 90079
25 76193
36 73372
84 19770
7 86312
64 69788
62 80786
79 47963
43 7401
73 20767
58 65046
25 65455
20 56092
92 74955
30 71800
87 31589
47 45750
5 98066
59 59366
5 99807
58 89015
65 180
44 11926
56 95680
40 18275
31 65526
62 93079
14 41233
57 52472
20 99927
8 92531
72 12703
98 87160
5 64840
79 82228
71 47001
58 33328
94 3138
54 58051
90 43369
21 29953
87 72474
22 66287
85 71793
14 80283
88 39255
93 17985
18 97065
78 22525
58 71477
60 37251
45 45340
32 30049
47 3286
73 38052
73 44154
38 26356
71 41375
40 46990
93 60420
70 3548
44 4536
44 63371
85 29277
21 27847
24 60851
69 66211
55 99129
78 38124
24 13683
75 22180
29 56537
18 53959
74 77009
51 79173
60 95870
33 83941
22 36924
32 72587
30 88290
100 36775
17 5168
86 93460
89 3934
1 63299
35 54155
50 17030
56 22768
10 71790
54 74521
48 49602
73 78181
81 31628
81 9301
63 6969
71 7121
16 92035
