400 0
11 19 35 62 71 73 127 141 144 171 176 185 196 199 202 257 259 265 272 278 297 368 369 0
16 20 23 49 58 59 142 146 154 175 218 247 252 256 259 290 303 318 336 367 0
1 53 62 101 102 112 135 137 140 145 155 161 192 202 251 260 309 325 326 328 331 349 390 391 400 0
25 32 47 56 71 75 76 91 97 133 183 193 209 215 222 231 234 250 256 271 272 287 307 308 353 374 377 383 393 0
3 9 19 50 98 124 127 167 205 226 234 244 270 283 295 318 346 356 369 376 384 393 397 0
8 16 20 22 31 36 43 65 68 84 94 127 142 153 178 188 196 198 220 254 257 266 313 319 336 385 388 392 0
5 37 38 57 61 63 67 68 79 103 149 156 157 171 187 192 196 222 246 267 337 352 360 372 390 392 0
14 26 38 46 52 81 89 105 110 131 159 166 184 187 192 209 229 237 249 277 286 298 313 330 358 368 0
10 89 92 133 137 181 197 211 214 220 222 293 298 299 350 396 0
16 28 73 133 173 269 274 276 282 335 0
24 33 57 59 64 84 97 99 144 156 179 194 216 218 271 306 308 314 334 340 362 372 379 0
16 28 31 53 63 112 132 148 221 225 262 285 297 299 301 308 343 344 355 360 366 369 391 0
2 5 24 69 77 146 169 171 203 208 210 217 226 235 267 269 271 279 284 323 363 365 369 0
16 28 29 31 53 61 97 99 102 112 137 172 198 226 246 252 272 279 289 314 317 336 353 358 371 375 0
49 50 56 67 78 79 103 105 108 116 149 154 181 182 205 217 247 255 276 291 307 338 354 361 377 382 0
3 37 44 62 69 109 190 207 210 213 277 299 324 336 377 388 398 0
1 12 79 93 104 122 138 206 218 231 262 283 285 287 296 319 348 359 368 383 0
47 53 66 103 115 131 135 147 163 164 169 182 185 190 203 214 217 219 223 235 242 251 297 303 308 310 383 391 395 0
23 37 44 48 121 139 144 151 156 157 237 245 254 262 266 269 305 309 351 381 382 0
14 85 87 169 205 226 230 248 299 337 351 393 400 0
2 13 33 38 45 55 62 66 73 88 94 98 124 130 137 155 156 168 203 213 238 245 258 292 309 313 359 391 394 400 0
5 12 30 33 46 54 55 74 88 107 130 178 179 181 182 197 203 247 255 257 309 311 344 352 359 389 0
9 87 97 149 156 199 246 255 288 312 327 333 336 369 400 0
8 15 32 33 42 49 63 64 97 102 121 144 158 168 176 179 190 208 210 224 227 240 270 276 298 302 356 365 366 0
8 34 54 60 71 90 105 108 111 117 133 161 169 199 203 216 254 289 291 312 319 337 357 369 378 380 0
13 29 42 103 110 123 159 194 195 196 204 205 210 241 269 295 320 334 376 384 387 0
1 12 32 57 65 66 72 95 100 101 122 135 141 224 229 240 242 245 279 298 303 314 350 356 365 372 382 0
8 31 48 73 82 87 97 100 102 113 158 168 174 180 208 223 230 303 305 311 318 323 334 336 369 391 393 0
37 46 53 77 114 127 128 227 232 251 259 303 340 378 379 0
19 27 63 69 110 124 167 168 186 201 207 224 233 246 268 274 325 338 369 370 377 378 388 399 0
8 12 26 28 35 57 77 88 96 97 110 123 124 134 145 167 191 194 202 225 227 290 291 306 331 338 0
64 71 79 95 109 123 140 188 191 197 211 217 232 235 245 249 251 252 262 263 274 285 301 327 331 343 362 377 379 388 389 0
7 8 20 46 57 75 105 123 144 159 166 170 173 176 207 216 231 232 247 263 278 284 307 309 324 326 382 385 0
2 42 57 58 60 70 71 81 89 94 127 132 140 149 163 181 187 192 231 239 253 280 284 287 292 302 311 327 334 352 392 393 398 0
12 15 20 24 75 91 116 144 157 172 196 211 220 222 242 277 312 325 333 375 376 378 390 0
28 33 44 48 49 68 79 83 144 151 185 202 205 225 234 236 244 245 272 273 285 289 301 328 336 337 344 375 379 387 0
40 46 75 104 106 113 124 162 172 174 175 254 276 291 295 315 331 342 374 376 394 398 0
34 37 74 112 129 132 144 181 190 194 215 267 288 299 320 348 357 358 362 371 398 0
6 10 27 46 65 91 117 124 130 144 145 178 196 238 247 253 257 285 289 315 321 324 335 355 358 393 0
14 30 43 65 73 102 105 153 174 192 196 232 249 295 302 306 322 351 362 376 377 379 383 0
3 7 64 65 78 83 102 133 141 156 189 203 275 284 302 305 362 368 374 388 400 0
1 6 28 36 57 60 61 65 87 88 105 141 155 170 174 186 218 227 258 322 323 341 379 0
4 6 7 8 33 69 122 123 132 141 155 168 176 186 195 208 254 270 289 291 307 316 326 349 353 369 0
32 36 53 73 74 103 114 119 122 128 133 136 174 177 187 211 251 259 264 267 339 354 367 379 0
19 27 67 79 96 123 142 179 181 184 197 200 225 239 255 264 346 348 353 366 372 373 389 0
5 45 53 81 138 148 161 165 181 191 262 265 284 311 335 374 394 0
4 51 54 68 69 94 115 122 143 151 180 206 230 231 257 295 317 322 335 371 380 382 391 0
50 65 67 74 80 94 138 193 199 212 226 232 276 278 320 332 335 338 340 345 348 364 0
9 68 76 87 128 130 143 146 160 167 187 207 242 268 270 271 279 287 323 339 343 355 376 0
10 15 28 69 100 106 107 125 157 168 201 244 290 315 333 361 391 394 0
1 62 68 132 141 191 192 213 219 245 246 290 315 317 333 360 367 371 390 0
5 22 53 55 58 84 101 122 131 136 146 161 167 185 195 206 209 236 238 241 258 261 288 317 332 346 361 363 387 392 396 0
2 6 18 41 43 91 102 111 118 147 156 174 176 203 220 226 235 244 255 300 317 326 342 352 372 0
14 42 50 72 79 135 138 148 156 217 286 297 340 359 381 397 0
12 65 75 82 87 90 117 137 148 170 233 242 276 287 326 377 0
1 55 68 105 107 195 242 248 262 301 341 374 386 0
23 28 38 44 50 68 96 109 111 118 123 124 127 132 148 160 183 184 207 218 240 256 305 320 322 345 366 0
4 15 48 75 93 96 117 129 155 164 231 233 235 327 329 371 372 392 397 0
4 6 14 32 71 96 134 168 170 179 180 198 214 227 251 257 260 312 337 341 0
9 10 100 106 121 133 148 154 172 184 208 222 228 260 292 318 320 331 334 339 342 377 384 392 393 395 0
8 9 11 56 81 87 90 96 116 147 182 190 198 235 236 265 295 311 316 324 331 334 336 343 348 354 364 377 0
19 41 44 59 65 75 106 159 189 191 221 226 238 250 270 296 297 306 316 343 368 391 0
4 21 73 92 144 149 183 215 257 275 276 281 288 290 293 305 308 312 323 336 371 398 0
27 52 66 96 102 113 118 126 127 138 159 225 258 334 341 346 360 375 398 0
13 31 48 68 114 122 153 168 185 211 219 241 250 258 267 268 272 273 279 303 336 340 341 349 378 383 0
6 37 39 60 80 103 115 117 159 175 182 194 218 243 289 293 305 306 323 328 332 337 365 374 375 0
3 22 53 82 95 100 101 109 112 115 124 153 155 166 178 195 205 209 220 230 258 274 314 328 330 370 371 383 0
31 41 60 71 82 136 185 192 204 211 234 273 286 319 331 343 369 0
4 7 43 74 88 112 116 121 166 173 177 182 213 232 237 245 285 289 300 311 317 365 387 389 0
9 68 71 83 84 88 97 103 113 140 146 178 180 209 219 235 250 251 255 270 275 333 380 0
9 23 34 46 48 59 65 66 67 86 94 111 120 154 164 207 221 235 247 255 257 269 273 287 300 304 314 322 324 326 335 337 349 364 373 390 0
63 74 88 115 119 132 136 172 184 194 204 212 236 237 268 281 293 306 319 340 352 363 368 378 382 386 393 0
93 103 104 130 131 152 155 160 167 182 225 230 249 254 257 267 275 300 333 343 380 386 0
12 14 29 45 57 86 112 139 148 222 229 260 276 327 341 345 346 364 389 392 398 0
12 27 44 51 63 73 80 92 98 108 122 124 133 155 161 179 186 190 214 246 253 290 305 310 318 342 345 356 367 393 0
5 22 63 64 68 77 89 117 119 127 145 174 188 189 212 234 237 244 263 276 289 298 338 345 346 373 382 395 0
55 58 59 74 91 141 144 145 150 195 200 203 231 242 245 261 264 279 295 309 322 327 334 350 372 398 0
26 38 56 58 73 82 96 108 154 173 188 228 236 278 281 303 327 340 348 351 382 390 0
43 47 56 69 74 77 89 91 96 105 113 119 120 125 135 139 140 149 151 155 167 180 198 202 223 236 297 300 307 323 343 349 351 365 379 396 0
4 7 30 49 98 125 142 164 185 218 249 273 283 287 298 304 342 389 0
10 33 40 44 84 127 137 148 157 172 196 204 228 239 258 265 282 295 297 348 366 399 0
4 5 49 65 67 98 111 124 132 135 155 159 170 173 174 205 223 233 236 253 263 302 303 323 342 353 359 386 392 0
4 23 103 110 111 123 125 127 157 158 160 177 218 225 254 262 263 269 272 283 284 296 315 322 359 365 371 373 374 384 0
21 37 77 81 100 118 119 122 132 137 140 161 171 177 247 265 269 278 281 288 291 299 314 332 377 383 384 386 0
29 38 54 101 127 131 141 157 168 183 192 207 225 260 277 278 308 357 377 393 394 395 0
3 13 41 57 71 93 119 133 146 151 169 188 194 199 212 217 250 282 287 310 335 371 390 393 0
3 9 24 30 32 49 83 93 140 141 191 232 248 263 278 294 318 346 355 362 392 0
12 63 64 65 84 93 112 140 152 184 190 192 197 238 243 258 267 273 274 287 300 344 347 378 400 0
33 44 50 70 99 106 119 140 255 275 282 323 347 379 384 396 0
1 3 24 35 36 68 69 92 100 119 141 173 196 200 217 229 248 264 291 294 304 305 310 318 320 321 346 352 372 390 0
8 9 16 28 30 32 46 50 76 81 101 113 162 163 168 180 292 324 374 377 391 399 0
16 52 56 66 81 85 87 108 113 127 135 151 152 206 222 224 241 285 287 297 300 330 331 350 362 367 369 396 400 0
5 6 34 38 45 56 82 87 88 98 108 130 160 163 170 196 197 228 249 310 342 348 360 364 366 399 0
19 37 80 91 98 103 112 122 129 166 172 203 205 215 218 232 249 254 260 265 270 274 276 303 368 369 393 397 0
6 50 61 70 93 105 114 181 184 188 223 256 263 267 289 323 341 356 360 377 388 389 391 0
24 49 56 63 73 78 87 95 100 115 123 146 161 162 165 196 234 279 286 318 330 0
30 92 94 111 119 125 134 140 163 209 254 260 262 284 332 336 338 339 342 355 356 364 366 380 0
18 44 79 105 109 121 122 127 172 184 210 220 267 273 275 291 302 312 314 318 343 362 364 368 400 0
31 36 38 57 84 85 106 121 146 181 187 194 203 207 217 235 237 258 262 276 300 327 336 350 355 371 372 377 393 0
8 16 33 42 77 95 97 110 129 148 157 165 169 190 226 239 290 299 300 314 321 354 0
20 31 44 62 115 154 167 178 192 210 221 253 283 289 334 367 0
4 16 26 32 77 104 119 148 152 166 218 222 237 241 248 291 334 361 366 393 0
47 77 80 147 163 191 196 216 264 280 298 304 322 366 395 0
25 52 62 93 99 102 107 120 151 155 171 174 199 204 206 213 232 246 272 281 331 343 366 384 0
13 23 47 51 65 69 115 128 150 204 249 270 297 300 304 309 334 336 358 371 387 400 0
1 13 40 60 62 77 168 173 177 180 183 185 190 192 194 203 204 229 238 260 314 324 332 337 352 371 0
8 18 22 35 51 57 84 92 99 100 125 129 130 147 149 155 159 186 232 239 255 258 278 314 319 330 331 335 386 0
5 30 33 41 60 72 86 110 113 115 140 157 159 174 175 189 201 206 237 240 263 302 320 351 355 361 369 0
3 19 30 80 81 98 105 133 150 181 188 208 253 272 294 309 321 322 324 345 375 378 398 0
20 21 26 31 35 52 71 99 112 193 194 277 308 330 333 369 382 0
35 44 48 51 62 82 90 106 113 151 199 202 220 225 235 246 252 301 367 368 374 380 382 387 0
17 43 55 86 156 168 178 196 200 218 230 267 288 307 358 0
4 17 25 35 47 95 119 146 151 153 159 162 216 239 249 259 260 269 292 293 294 297 305 321 331 347 367 376 385 388 0
2 9 29 66 78 80 120 122 133 148 165 167 184 207 208 209 214 233 256 263 277 283 295 311 315 331 339 341 355 378 394 0
2 10 28 39 45 49 81 92 104 105 109 135 145 152 162 181 183 190 259 317 323 331 334 337 368 374 0
10 41 75 95 124 162 168 170 182 201 210 267 292 324 344 370 378 0
11 22 32 68 81 93 104 137 145 151 179 190 201 250 254 272 352 355 365 382 386 387 394 0
61 72 75 87 98 146 157 167 199 205 218 227 233 271 290 312 319 327 335 347 382 385 395 0
1 12 30 77 91 98 109 113 121 128 173 175 202 251 266 287 305 306 321 331 337 351 372 386 396 0
14 36 43 73 96 108 125 167 187 199 241 254 261 264 312 321 326 333 353 365 370 385 390 391 392 398 0
8 23 24 32 46 50 54 67 68 71 72 73 74 75 82 85 88 169 213 233 240 261 262 289 307 336 362 387 398 0
7 11 26 50 76 77 127 141 169 191 204 217 221 228 233 252 263 277 283 305 350 365 374 378 0
11 18 27 64 80 101 151 158 176 183 196 198 201 203 207 215 225 270 295 328 336 358 365 370 383 400 0
17 80 86 114 115 123 126 127 143 185 188 199 221 226 248 256 268 312 359 378 382 0
19 24 40 43 49 72 107 131 151 163 183 202 203 208 228 255 256 305 311 317 321 325 334 353 358 364 394 0
61 104 123 133 143 147 162 180 204 231 242 244 255 256 285 333 337 348 358 363 373 387 397 0
3 7 62 64 67 108 120 129 132 147 192 193 204 206 228 248 251 260 293 295 310 320 345 360 364 375 395 0
18 46 53 88 89 130 149 161 163 166 216 241 251 275 288 295 302 314 330 351 386 398 0
7 40 49 50 62 64 77 121 159 183 193 199 215 239 262 266 286 293 311 315 355 358 359 0
5 16 17 43 55 66 75 120 121 126 140 175 196 207 242 257 269 274 283 300 316 367 373 398 0
30 54 70 77 83 103 127 149 151 157 188 196 215 273 321 364 381 0
31 43 52 59 65 70 105 119 126 155 157 163 171 175 178 232 262 263 278 285 300 359 372 394 0
5 8 18 61 77 122 126 144 147 153 159 187 221 224 227 230 245 280 281 286 297 319 333 358 363 394 0
3 65 77 93 128 142 145 151 174 193 223 276 300 341 350 354 356 393 0
18 32 34 41 51 68 99 110 125 127 128 137 146 157 178 188 198 209 218 226 261 272 274 285 293 330 356 380 0
3 14 23 26 32 35 143 163 183 190 192 202 238 242 248 262 268 329 339 340 345 371 390 0
30 33 47 58 68 85 105 149 178 240 256 272 273 278 279 312 347 365 376 380 381 395 400 0
18 29 36 49 56 62 73 88 117 122 137 194 237 251 258 262 289 346 352 393 0
9 44 69 74 107 117 145 178 198 206 244 249 262 281 284 286 296 304 323 325 351 382 385 0
5 13 29 39 43 46 76 99 105 109 123 124 136 148 155 188 196 232 261 278 299 307 319 322 328 341 352 375 382 391 395 397 0
7 12 26 45 70 93 101 123 126 138 142 160 173 183 184 196 220 233 251 272 291 317 322 325 352 384 389 0
8 38 50 76 90 98 141 144 176 186 207 211 279 321 351 392 0
5 8 31 35 45 70 72 112 118 139 144 158 166 193 198 213 250 251 262 282 283 284 291 296 300 302 330 332 355 362 388 392 399 0
48 66 93 122 180 207 209 210 226 299 306 329 366 369 389 0
28 33 40 91 95 111 113 129 133 167 174 182 192 212 262 267 289 316 345 370 378 379 392 394 395 0
4 15 26 31 56 68 88 98 100 126 141 159 173 197 200 215 242 260 297 314 340 342 351 362 370 392 0
5 53 60 76 80 93 118 131 175 197 200 202 212 231 278 288 305 326 330 333 345 355 382 0
6 24 92 94 100 135 152 175 183 186 222 234 266 271 275 279 285 290 314 338 340 370 374 394 397 399 0
11 71 72 93 104 125 134 138 176 210 226 237 238 244 258 300 301 309 321 360 397 0
7 29 62 96 109 128 141 155 160 175 181 188 195 200 221 239 266 313 322 325 356 366 388 0
15 20 23 62 85 88 112 114 152 154 155 167 178 179 180 184 204 228 294 313 324 326 381 383 0
7 30 31 33 64 65 70 85 93 112 126 136 138 180 213 245 255 269 281 304 310 319 328 344 360 381 389 395 396 0
6 21 31 33 42 43 48 50 79 110 131 162 164 200 222 237 245 246 261 269 285 368 370 371 393 395 0
10 14 17 31 88 107 115 147 162 233 304 326 336 341 346 351 359 375 398 0
18 20 28 30 50 71 83 108 144 162 173 217 220 222 229 239 258 270 279 299 305 311 316 361 374 394 0
1 16 20 44 91 93 98 115 128 137 153 175 178 190 208 254 256 258 304 319 358 388 0
8 15 22 27 29 36 77 85 86 121 133 137 139 180 190 202 222 294 317 356 383 399 0
11 12 14 23 38 43 69 80 105 106 134 142 153 166 178 184 189 190 212 221 223 228 259 269 274 331 336 337 372 373 379 0
7 8 32 38 53 63 71 137 142 148 158 170 223 224 226 249 252 264 276 278 297 317 329 339 340 347 348 357 399 0
9 25 29 30 33 37 42 54 76 90 94 104 109 116 132 147 176 178 181 192 203 223 257 297 323 341 354 357 372 378 0
24 51 64 78 97 101 141 163 195 212 235 250 322 348 367 0
1 7 27 28 59 72 97 110 131 133 138 146 149 159 160 168 171 181 183 188 205 219 233 246 249 256 295 301 358 363 373 382 0
8 31 52 78 85 139 205 221 231 239 242 244 247 281 296 338 340 352 353 359 371 388 389 0
8 22 57 64 66 102 108 145 149 192 238 240 242 263 267 278 282 295 299 307 316 343 346 355 375 0
5 7 14 18 37 51 52 66 74 103 123 132 141 152 153 159 191 224 273 279 286 302 312 317 339 344 366 400 0
14 16 41 84 93 101 121 133 174 183 190 203 218 242 244 270 271 274 285 298 351 358 366 369 370 381 0
37 40 69 77 91 114 123 132 168 178 270 279 297 311 319 344 348 359 388 398 0
2 5 20 21 56 73 94 110 112 132 134 140 162 164 183 185 198 206 219 240 249 250 265 272 287 290 321 333 344 358 367 376 393 397 0
18 59 64 122 145 164 173 177 178 186 194 196 202 213 222 236 301 331 337 351 372 384 388 390 0
5 36 53 83 91 209 219 248 253 283 333 341 343 347 378 0
28 73 78 79 85 92 125 149 151 160 193 194 195 202 214 251 252 289 291 304 317 326 330 331 338 348 366 378 0
41 45 62 139 182 183 192 204 216 258 283 287 290 293 297 332 338 349 353 355 362 395 396 0
33 43 50 52 56 60 102 118 127 129 130 131 136 155 164 221 234 236 242 270 273 296 300 319 321 333 340 344 388 397 0
28 30 59 62 74 83 127 143 149 157 189 207 222 228 244 252 256 277 292 332 400 0
32 35 38 71 94 104 108 129 131 137 142 180 190 195 196 211 221 260 302 352 388 389 392 396 0
4 46 60 69 83 88 95 135 145 181 186 187 221 250 263 276 307 333 337 363 376 0
9 50 65 80 96 122 136 149 164 180 229 259 277 287 290 296 351 367 393 0
17 23 38 61 106 110 121 139 152 187 191 194 198 202 206 210 279 303 314 354 396 0
8 93 106 123 133 137 187 192 219 222 223 245 281 286 297 324 327 351 352 355 358 360 385 388 0
8 24 33 77 126 143 162 175 184 217 221 225 230 286 323 330 344 374 381 383 0
7 24 38 43 53 58 63 66 80 112 116 121 124 127 180 186 193 200 229 238 244 247 269 283 290 310 319 330 332 334 349 350 351 381 0
25 26 33 73 86 100 138 140 145 151 202 225 258 266 293 311 318 324 337 341 360 399 0
5 10 12 18 20 22 33 64 114 186 200 201 221 234 254 262 266 274 294 328 355 371 387 400 0
24 28 32 43 54 62 105 119 142 172 182 233 240 249 279 285 305 317 320 351 0
6 12 17 22 44 55 59 95 148 192 201 216 217 218 230 260 267 276 281 307 316 322 345 353 382 394 0
99 114 145 153 164 173 176 239 247 256 264 269 286 316 325 362 378 380 397 400 0
18 41 50 57 67 70 90 96 98 118 137 145 160 184 235 243 264 266 302 320 326 327 352 374 0
19 78 110 138 155 170 171 185 235 258 275 285 286 293 330 374 391 398 0
8 9 19 33 35 134 141 153 158 176 178 181 184 185 191 198 265 304 310 312 318 320 326 333 338 339 367 374 0
29 32 61 64 103 110 111 119 152 157 164 175 184 189 220 224 230 269 280 381 384 388 394 0
6 15 60 70 79 84 109 122 123 139 219 225 231 259 263 273 279 287 288 306 328 330 335 347 356 377 379 383 395 0
9 48 63 68 72 99 103 108 129 148 159 161 178 198 207 209 215 262 276 297 312 327 330 370 371 379 385 394 0
9 16 18 47 56 64 66 104 133 139 146 160 167 192 199 203 206 211 217 218 229 248 278 281 283 286 288 296 302 309 328 354 366 380 0
22 33 39 53 55 83 98 110 136 139 168 171 172 176 192 198 209 211 215 222 258 288 316 318 366 368 383 0
18 49 66 91 107 118 133 146 159 216 217 260 289 305 327 331 338 349 363 0
9 11 15 41 61 72 107 118 131 135 172 227 228 237 260 301 306 308 309 314 320 324 355 359 381 382 388 396 0
8 41 49 81 150 158 163 187 200 202 215 235 300 341 354 364 366 369 393 0
28 30 82 84 131 136 143 146 173 192 232 235 249 250 268 272 280 287 294 309 314 330 348 356 361 371 0
30 64 85 89 106 115 127 147 154 160 179 184 187 229 239 248 255 266 293 326 363 380 381 393 0
24 37 38 49 64 68 81 101 115 134 136 137 145 146 163 167 181 187 193 218 225 298 307 345 357 358 399 0
21 48 55 58 68 106 107 158 164 167 209 213 218 223 238 239 279 282 317 320 324 330 338 341 344 385 393 0
26 28 47 62 78 100 103 188 205 226 239 240 264 280 294 317 349 395 0
22 35 53 73 105 108 125 128 147 154 155 185 187 188 215 271 280 294 343 356 358 364 369 388 0
28 103 115 164 223 231 246 300 307 313 348 359 371 400 0
14 27 39 46 62 65 93 100 113 123 158 179 244 282 319 355 364 369 377 384 392 0
14 18 41 45 47 48 61 65 74 79 83 114 159 173 184 196 214 222 236 313 374 375 394 0
12 14 61 136 158 160 167 174 213 215 227 269 286 299 320 329 333 347 348 375 0
38 41 56 70 89 111 144 166 186 192 198 201 236 251 272 276 280 284 324 335 368 388 0
4 12 25 44 56 98 105 123 137 138 143 164 167 171 180 198 216 271 275 281 290 325 326 331 335 348 359 378 390 398 0
10 43 49 74 84 89 109 121 182 229 254 275 285 297 301 316 354 373 400 0
4 17 30 53 61 67 89 91 121 131 138 143 150 172 182 197 199 227 234 243 268 289 293 297 312 316 324 339 344 381 383 396 0
19 21 99 120 125 135 157 176 184 185 207 227 309 314 317 322 333 339 341 353 368 369 371 386 0
142 176 203 228 230 233 253 263 271 321 345 353 398 0
11 21 23 35 39 42 48 54 74 109 132 138 146 147 151 206 208 224 240 248 265 286 301 357 364 378 390 0
19 20 24 29 35 99 108 136 148 167 176 183 211 213 219 220 256 269 282 309 355 0
63 70 75 109 126 154 184 194 207 240 284 289 321 331 370 378 0
3 16 30 31 38 43 72 86 102 120 143 168 174 190 191 193 214 241 257 264 274 302 314 340 382 385 392 396 0
7 17 39 66 67 71 74 77 88 119 153 156 162 180 211 219 234 242 256 284 295 297 307 310 321 341 350 378 387 0
16 29 31 34 42 69 96 104 111 137 140 157 158 161 170 174 185 191 214 240 250 264 294 320 328 329 342 370 380 395 0
13 14 37 58 64 71 95 104 123 141 157 163 175 185 190 201 218 219 236 242 247 248 253 257 268 271 292 294 302 308 311 345 382 0
64 65 79 86 135 142 151 154 158 182 207 208 212 226 231 233 290 318 325 329 364 394 0
28 51 63 66 95 139 152 155 161 163 200 208 255 263 268 271 278 301 302 304 310 321 324 332 337 370 385 386 0
58 65 72 96 97 112 141 142 160 172 174 199 214 216 227 230 249 255 257 261 269 295 296 331 333 337 346 349 351 358 379 0
37 43 58 65 76 84 116 137 187 208 251 286 289 290 307 309 312 0
1 5 14 16 26 30 41 59 66 73 74 86 131 148 170 175 180 189 210 230 231 232 233 247 253 259 282 285 301 320 339 351 356 368 382 391 0
15 22 24 34 40 70 81 100 104 116 122 147 172 185 199 217 282 309 318 326 360 387 399 0
15 16 25 31 51 52 57 78 84 111 151 204 207 221 233 234 236 241 261 292 340 381 384 396 0
18 57 63 75 79 83 97 99 124 135 146 237 245 249 252 285 310 312 313 325 328 336 343 0
25 33 34 68 80 137 146 185 186 187 191 199 227 236 309 327 352 360 371 372 399 0
9 10 68 103 130 158 164 186 213 241 288 298 345 353 370 372 396 0
30 36 81 95 98 99 119 153 182 210 243 253 263 274 284 289 305 320 330 356 364 365 370 371 384 0
10 23 26 76 94 95 96 102 124 126 163 170 187 202 238 240 275 283 285 324 367 387 395 0
13 34 38 134 135 159 169 175 217 229 259 261 304 313 324 335 336 368 377 384 391 0
27 35 38 58 74 135 152 156 167 200 206 221 233 272 273 293 303 308 368 0
51 62 80 81 97 134 200 203 205 237 238 250 268 280 281 286 295 309 337 352 377 383 396 0
20 27 73 75 96 101 104 113 138 160 183 192 210 218 226 227 248 249 260 283 311 317 352 361 362 387 0
4 22 26 35 53 118 169 172 193 219 225 233 239 252 276 278 311 318 347 356 359 0
42 69 89 105 112 163 204 207 239 240 241 272 277 305 330 357 370 371 372 386 398 0
33 44 45 74 75 120 135 145 148 152 153 158 193 226 232 242 245 266 302 319 373 382 0
1 10 17 66 103 113 118 124 137 144 155 182 185 213 239 262 264 296 307 357 375 0
32 38 46 120 135 153 168 170 176 178 189 208 223 258 310 321 326 351 356 369 380 382 395 400 0
30 42 44 46 54 60 63 98 129 130 133 137 140 167 174 195 198 215 219 231 253 257 265 278 302 311 326 331 337 343 359 361 393 0
11 14 16 21 23 61 72 77 88 94 96 109 117 127 138 153 157 182 211 247 279 296 306 310 325 398 0
7 9 12 25 38 41 47 52 87 105 123 152 160 176 185 221 246 261 280 314 363 375 377 380 384 390 396 0
51 54 71 72 82 87 118 122 157 162 168 179 202 221 232 234 299 316 320 324 344 356 359 383 399 0
55 60 85 88 89 95 99 120 165 196 203 254 268 281 302 316 352 370 389 0
13 28 29 39 47 48 65 69 72 89 129 136 141 169 176 191 194 205 222 226 227 229 232 244 250 257 261 271 282 290 297 298 305 312 367 368 370 0
15 18 25 53 58 67 70 96 117 166 172 177 186 192 199 251 255 260 269 273 280 282 286 295 324 326 329 358 364 389 0
11 53 88 128 181 183 184 190 192 226 251 270 298 302 306 312 318 333 364 366 371 372 398 0
11 16 21 34 49 62 65 75 76 77 105 107 112 135 154 190 216 223 249 270 274 286 293 307 320 321 344 350 371 378 389 393 0
26 28 50 60 64 66 105 113 114 125 150 240 260 288 324 384 392 0
1 11 14 19 44 71 82 132 146 149 153 177 180 197 217 228 237 281 290 310 336 348 0
9 20 30 58 135 138 176 222 241 249 257 291 356 369 380 392 0
10 28 50 53 72 83 121 133 141 157 159 165 175 177 191 201 216 230 241 276 288 308 326 360 372 379 0
22 85 110 113 124 125 149 156 162 168 183 224 225 245 258 285 288 293 307 318 331 334 338 357 378 379 385 387 390 0
10 73 75 106 115 121 142 182 187 196 229 231 246 255 301 305 309 335 336 363 388 389 0
12 22 32 35 37 58 78 114 166 171 209 215 219 222 231 254 275 351 359 360 369 380 394 0
19 22 23 36 48 54 82 92 97 145 146 155 164 173 183 188 216 229 230 243 276 297 351 363 383 385 0
14 39 47 76 103 153 163 218 246 249 253 267 274 277 287 290 293 299 310 337 347 391 0
6 21 44 70 82 102 163 168 181 188 199 225 226 231 245 265 298 312 341 355 357 364 366 385 0
9 26 36 42 51 70 74 77 82 91 106 118 137 158 161 168 187 190 209 221 229 279 287 292 316 377 380 0
22 26 29 65 69 74 82 84 100 158 177 191 212 222 231 244 257 283 287 300 330 337 374 377 390 394 0
2 23 25 31 36 42 54 95 98 105 108 132 170 198 228 233 253 273 284 288 302 307 337 360 370 388 0
74 130 132 135 142 149 150 164 167 171 177 182 208 211 219 283 294 313 322 333 354 357 358 364 366 378 388 0
20 30 43 64 76 79 82 97 109 126 129 142 173 175 195 203 221 290 308 324 339 367 380 391 395 0
7 17 27 42 54 73 95 115 134 143 152 174 227 236 249 253 276 294 328 337 351 363 364 374 383 389 396 0
12 32 34 37 55 89 90 103 135 138 183 193 216 217 221 237 248 288 293 331 334 346 0
9 12 20 37 43 50 76 80 85 101 109 118 131 132 159 178 187 210 249 265 269 322 342 378 0
9 10 33 40 48 55 72 91 126 134 164 188 194 206 207 224 253 285 290 299 304 384 0
16 18 32 84 85 139 143 161 170 189 199 214 217 225 267 281 301 329 333 334 346 355 358 0
10 32 58 91 101 104 106 130 145 166 196 264 288 306 315 363 387 388 392 395 0
6 21 27 37 42 48 50 53 56 65 87 91 99 131 135 144 209 210 213 264 283 287 325 343 344 350 374 397 0
8 30 39 44 58 62 64 72 80 98 107 181 206 215 216 218 245 253 279 288 289 295 305 308 310 333 353 355 357 379 398 0
7 18 47 54 89 136 146 161 170 209 219 221 232 242 247 251 264 314 318 352 386 0
48 54 72 117 141 145 161 180 188 192 243 276 305 317 324 344 350 351 355 369 374 377 378 392 0
38 45 47 61 70 92 134 138 142 147 173 177 189 208 255 294 295 321 323 379 0
21 36 44 55 62 69 105 118 139 152 252 258 261 263 267 279 285 291 309 334 338 346 371 372 387 0
19 48 90 99 126 140 150 154 178 190 208 214 237 252 264 267 276 301 307 310 316 341 351 376 377 395 0
3 9 25 34 41 47 53 81 109 129 134 147 167 197 202 205 235 238 253 269 271 322 325 345 375 378 393 0
7 36 45 61 62 64 80 83 93 95 98 112 169 183 215 236 249 265 305 327 333 342 371 373 381 396 0
26 36 41 72 73 95 101 104 128 131 185 189 217 229 235 242 251 253 258 259 279 282 290 343 350 355 367 378 382 0
36 61 77 82 86 88 89 115 121 139 140 143 163 175 184 189 199 201 224 245 255 269 276 279 308 309 331 339 354 358 384 0
5 14 15 48 59 70 77 81 103 104 107 127 133 138 174 186 223 251 273 303 332 348 356 357 380 385 399 0
129 154 161 169 171 174 188 189 202 205 209 214 215 245 262 298 334 348 360 373 386 0
28 45 65 66 115 134 144 175 176 185 195 229 237 251 258 269 273 284 286 309 322 323 329 354 364 370 393 0
13 17 57 93 106 125 147 151 159 177 183 190 197 204 242 251 279 284 299 309 312 331 333 376 387 0
6 40 47 50 55 56 73 87 113 114 130 146 151 172 180 186 200 205 224 227 236 247 250 256 257 290 293 306 309 335 342 369 375 388 392 399 400 0
23 24 27 44 57 60 69 74 103 106 108 115 116 125 137 140 144 171 188 201 210 253 259 298 307 311 336 337 352 358 378 384 389 0
6 20 44 55 62 88 91 102 122 139 223 237 272 301 313 371 395 0
17 25 51 66 88 97 101 122 135 165 167 191 199 201 230 249 258 272 306 329 356 360 382 394 0
4 16 19 47 53 56 107 114 143 202 208 216 250 271 280 352 353 371 375 382 0
1 22 35 54 72 86 89 113 118 124 150 167 173 200 222 241 246 270 277 280 282 305 322 323 330 346 372 378 392 394 0
1 2 3 9 38 39 92 102 104 123 128 151 152 161 182 190 193 197 207 217 221 239 243 264 276 280 294 300 301 312 315 329 344 362 367 376 395 0
22 25 53 64 66 76 107 114 127 133 160 177 203 236 266 272 297 299 309 329 334 388 389 400 0
3 6 8 11 38 50 77 86 96 135 145 147 150 164 194 208 218 229 233 246 252 256 269 270 288 298 304 305 319 354 0
39 57 82 90 113 127 145 165 169 170 215 224 233 298 334 359 360 361 363 365 396 0
16 33 45 110 141 143 145 170 179 189 195 245 260 280 300 318 325 334 339 341 380 384 391 396 400 0
5 8 16 18 46 51 57 133 162 182 236 242 254 283 288 308 323 340 346 358 365 382 393 0
30 54 117 121 124 131 136 138 139 145 169 177 194 199 235 249 251 253 266 267 273 338 378 382 0
6 27 35 37 43 53 88 114 131 136 138 145 149 171 179 183 186 204 234 244 264 271 277 280 285 298 309 329 330 334 364 371 392 0
1 11 53 89 99 119 124 185 200 220 230 232 247 252 254 305 317 325 328 331 341 380 390 0
11 13 16 58 112 180 182 205 221 231 243 296 313 344 352 366 369 0
11 24 38 40 44 91 95 101 108 165 200 223 254 272 319 332 345 372 380 395 0
14 19 28 132 143 186 198 228 242 245 281 288 306 340 357 371 372 397 0
1 7 40 121 140 162 163 174 186 216 253 304 318 340 355 360 361 366 371 0
8 20 58 85 95 108 168 183 199 204 217 229 236 264 286 296 307 345 358 368 380 387 0
26 28 29 39 51 66 82 113 117 143 164 165 177 188 222 236 272 285 287 308 325 345 381 385 389 0
7 33 81 84 91 119 141 148 150 181 195 197 263 271 296 299 345 364 369 375 387 396 0
10 18 22 89 100 121 122 133 134 135 143 146 174 175 197 223 239 253 267 282 289 296 298 336 366 369 388 0
12 22 45 82 132 180 191 198 208 275 279 306 309 327 349 354 379 0
25 33 51 57 78 103 116 148 192 210 237 246 250 272 284 315 317 319 344 352 354 386 0
31 71 76 105 117 131 159 164 177 181 186 202 229 302 311 354 359 373 378 382 0
11 25 70 130 150 182 198 203 214 216 221 240 352 354 385 396 0
2 6 19 24 36 43 75 89 90 99 128 135 158 220 222 229 235 270 337 339 341 362 363 376 0
20 22 26 72 89 103 127 155 158 172 174 192 204 209 225 231 238 255 257 261 290 304 326 339 346 388 0
4 12 17 24 25 32 37 61 63 87 92 97 104 150 163 168 183 184 192 212 214 224 225 230 253 257 263 289 304 313 331 348 371 374 377 380 399 0
5 8 10 27 38 52 53 55 66 84 100 103 111 137 153 173 192 207 224 245 257 289 294 320 0
24 34 39 50 72 84 92 110 112 123 127 155 160 186 188 196 198 214 221 244 300 339 344 352 360 385 390 396 0
26 27 46 56 59 83 92 100 118 140 170 173 181 183 185 186 191 198 200 206 221 231 247 268 287 311 317 326 0
8 11 14 19 36 83 89 95 103 111 125 129 139 193 205 210 211 214 228 262 272 290 293 297 310 312 340 354 357 0
4 20 35 80 82 119 133 175 180 182 183 229 258 264 302 306 326 332 0
2 9 14 38 90 123 141 176 220 230 233 242 279 290 294 320 328 336 363 365 388 393 0
22 23 24 58 59 79 80 85 110 133 142 160 168 171 178 195 214 244 247 248 261 275 299 300 314 317 327 332 349 0
22 23 59 69 72 139 165 172 173 174 202 232 236 250 253 257 297 328 334 335 360 369 371 388 0
10 15 18 22 43 45 47 56 57 67 88 130 140 146 152 187 215 217 218 262 275 284 315 317 323 353 355 368 383 390 395 0
3 12 15 25 30 31 37 39 55 62 78 135 137 143 148 160 216 220 280 306 331 347 363 368 369 374 379 380 391 0
7 35 48 52 56 67 78 108 112 113 146 152 165 186 197 224 239 286 296 301 304 316 326 342 394 399 0
40 61 78 89 105 128 139 141 198 214 218 224 227 230 248 262 266 288 290 291 301 333 347 350 381 0
5 26 28 35 47 50 101 105 106 127 128 155 166 168 171 185 194 197 231 269 270 299 313 344 349 364 371 378 384 0
13 20 23 32 49 63 64 68 97 102 132 155 167 175 192 201 209 223 297 302 334 342 370 375 384 389 0
3 37 95 103 110 114 135 143 149 202 212 221 223 249 260 279 291 323 324 351 355 366 369 384 392 394 397 399 0
4 7 15 41 66 114 146 160 191 206 216 221 248 250 281 288 293 304 310 311 319 355 358 362 374 388 394 395 0
20 37 46 59 62 85 87 101 153 161 187 200 216 238 240 258 264 273 277 290 293 300 337 340 369 373 378 0
18 56 69 95 105 126 204 209 231 252 264 296 308 312 319 346 349 358 363 365 393 0
11 12 13 17 34 36 57 73 74 101 103 105 108 134 140 141 158 162 180 189 198 231 244 254 271 281 288 289 317 340 376 377 0
10 45 59 64 73 135 138 140 191 200 244 283 327 330 343 0
11 52 60 67 111 116 146 176 205 212 264 273 344 355 366 368 374 384 394 0
24 26 40 55 62 72 90 119 126 127 183 200 210 216 219 223 227 277 291 310 344 366 383 386 399 0
19 31 94 117 141 145 178 188 189 195 211 229 254 255 273 283 295 319 326 354 372 386 395 0
5 9 11 23 25 36 70 74 107 120 154 166 198 216 222 227 254 261 266 304 330 336 347 368 377 0
1 3 14 57 63 83 91 93 98 126 142 144 172 184 208 209 218 260 311 320 360 376 392 0
14 17 29 55 59 62 72 75 83 92 112 115 142 164 165 232 233 234 245 279 292 302 304 313 341 345 356 358 384 391 0
1 15 42 58 68 82 90 95 97 117 119 138 144 158 160 188 189 252 268 308 313 340 342 357 367 380 396 0
6 33 43 89 107 122 125 146 159 167 168 173 174 215 225 228 271 321 359 364 384 0
11 129 133 168 172 177 192 204 241 261 290 309 310 312 320 369 372 374 0
7 49 57 74 89 137 149 152 157 159 165 176 201 266 284 319 321 325 0
46 69 75 76 102 124 135 166 183 198 204 213 236 263 264 306 320 361 366 380 399 0
13 17 44 81 85 96 111 115 131 155 237 255 258 273 296 358 365 379 400 0
7 45 54 55 70 77 82 108 163 191 228 230 234 244 297 326 367 372 377 383 395 0
57 68 78 81 87 95 102 114 140 177 203 208 226 239 284 316 331 342 394 0
31 35 40 45 56 68 82 105 113 118 145 170 177 181 204 239 240 255 287 320 337 338 345 374 375 379 0
4 29 38 43 47 63 72 97 120 126 151 177 206 214 219 227 254 288 294 295 307 311 320 330 339 341 382 0
4 7 8 11 20 23 26 37 39 41 44 93 118 130 135 165 180 181 187 207 217 241 256 268 290 308 346 366 368 387 0
8 21 88 94 97 105 112 140 152 187 200 225 263 309 322 359 360 383 392 394 0
1 8 26 40 44 55 60 65 83 93 114 118 162 207 214 216 218 223 272 312 317 326 329 336 364 384 0
10 44 48 53 75 98 153 156 157 173 177 191 202 233 242 252 275 277 281 295 304 309 324 360 389 0
5 22 25 28 46 81 88 93 128 173 179 205 206 248 264 268 287 288 292 306 323 327 330 347 351 362 381 394 0
3 15 26 32 34 35 51 82 96 119 145 169 191 202 209 244 259 273 277 294 295 297 321 345 0
13 35 37 73 101 120 158 204 221 222 228 229 230 231 258 304 321 326 342 347 379 392 0
17 38 61 94 131 163 173 196 241 242 247 268 271 272 325 331 373 0
3 6 14 57 63 64 101 102 109 110 124 126 133 135 138 143 152 167 194 200 207 220 228 256 275 301 306 308 314 315 332 341 342 391 0
37 53 67 84 107 120 160 170 202 208 223 256 259 289 298 341 346 348 350 359 367 371 376 0
39 48 120 144 148 160 166 167 193 216 220 232 252 254 284 311 321 324 337 394 0
4 43 88 96 100 111 146 160 167 178 183 186 198 210 220 223 239 258 273 287 310 311 324 326 328 355 389 398 400 0
30 34 64 79 84 92 93 109 115 143 151 152 160 166 167 176 205 211 213 234 270 274 279 284 312 315 337 338 349 351 0
15 61 63 80 97 143 147 155 166 189 196 261 273 279 288 296 355 369 372 387 0
6 9 31 35 66 86 148 152 166 186 190 213 240 289 301 303 325 326 328 331 352 364 385 396 0
4 12 14 15 17 27 42 51 77 87 100 108 129 160 167 175 212 220 235 236 240 251 256 274 285 291 304 311 313 348 351 354 363 375 389 0
21 42 87 107 131 159 181 209 227 249 256 269 272 282 286 322 352 354 356 365 0
3 4 77 81 120 121 171 175 178 182 238 274 279 286 289 317 336 366 384 391 392 0
19 51 106 134 135 138 166 170 198 233 234 240 256 269 273 280 297 303 308 311 318 321 330 351 357 362 374 375 0
26 33 35 59 69 73 107 143 148 153 182 183 189 209 216 227 259 269 273 282 320 328 336 353 0
48 72 84 87 96 109 117 146 148 152 155 164 165 173 185 202 207 232 245 287 295 370 388 0
16 17 19 39 40 57 60 66 78 124 127 154 192 232 274 278 295 298 306 342 356 381 392 0
24 63 115 117 124 127 140 146 148 149 184 190 196 232 236 258 270 274 276 289 293 311 317 323 327 336 340 390 391 396 0
15 23 81 84 96 145 170 172 175 203 221 267 269 272 296 333 337 341 366 369 391 400 0
9 63 66 88 91 98 102 104 119 125 144 158 171 196 201 215 222 228 232 245 265 272 297 343 347 363 365 367 374 0
12 16 33 43 73 83 113 115 122 131 166 183 208 217 235 237 239 250 262 283 312 318 355 358 398 0
6 37 58 69 142 172 175 251 253 264 310 311 314 393 397 0
25 29 32 81 86 104 118 135 149 167 172 176 187 192 193 203 208 226 251 261 263 264 267 270 274 285 292 294 312 351 360 378 388 389 0
3 13 16 18 22 29 39 40 62 67 74 89 97 106 118 161 181 196 206 210 220 237 238 281 298 300 307 314 329 335 343 357 376 380 397 0
2 69 90 125 132 167 172 181 188 216 222 243 253 262 325 328 348 371 384 400 0
28 30 31 40 84 110 126 160 193 208 274 281 303 325 328 338 354 0
17 35 43 57 63 65 76 145 146 167 180 184 185 206 231 235 241 246 263 268 279 284 286 338 342 370 371 386 0
10 13 16 19 24 25 27 41 47 51 64 89 104 127 132 146 161 166 168 173 183 222 229 230 241 243 254 259 263 267 284 288 293 332 345 369 378 0
24 118 155 240 246 260 262 278 294 344 352 353 356 371 375 0
74 80 85 153 171 179 185 198 202 217 220 247 264 290 340 366 0
28 116 136 140 143 195 212 215 253 331 350 354 365 390 0
4 24 63 90 107 120 127 163 172 209 236 237 248 251 286 291 302 314 367 377 388 391 400 0
22 48 58 85 89 100 102 104 143 146 148 165 179 246 249 256 272 286 290 304 309 325 360 386 0
1 40 41 59 99 100 103 112 121 128 138 142 148 164 193 211 213 222 233 237 252 275 276 279 285 291 327 338 352 360 378 0
26 35 62 67 117 136 162 170 181 193 200 203 206 207 210 216 223 240 245 264 285 303 309 321 323 360 378 387 395 0
7 48 56 62 76 83 92 117 133 144 151 171 174 179 193 195 202 232 239 253 268 277 315 362 0
62 95 100 107 120 137 189 191 218 224 243 252 272 301 304 309 316 358 372 385 390 393 400 0
6 44 45 63 84 98 101 121 155 185 209 215 277 287 294 303 327 333 361 397 399 0
6 14 20 36 54 58 61 67 77 79 95 104 120 143 159 166 179 232 239 245 247 278 291 305 314 317 357 370 391 393 397 399 0
26 63 103 118 140 164 167 174 187 266 296 299 314 334 345 359 379 393 0
60 68 80 100 101 113 131 203 232 234 240 250 251 260 261 294 304 367 380 385 390 392 0
8 21 41 52 54 83 102 139 163 171 178 182 199 200 203 209 210 230 243 264 295 304 339 344 357 360 377 389 395 0
11 22 31 37 38 61 73 87 88 109 134 136 161 185 201 209 212 229 236 290 296 336 384 0
