200 1
2 3 9 13 25 30 33 34 46 60 61 62 70 86 92 96 97 105 115 120 123 124 125 132 133 137 144 150 154 160 166 180 182 189 0
19 31 32 33 35 45 47 56 67 76 79 82 90 94 98 104 107 110 113 120 148 152 154 159 162 169 171 175 177 181 187 190 0
6 10 15 19 24 27 28 30 42 57 67 71 74 76 79 92 95 99 102 109 116 119 121 126 128 131 135 138 149 154 157 169 171 176 181 192 199 0
14 16 46 48 53 55 56 60 79 82 84 98 100 108 132 153 160 174 176 180 181 190 194 0
4 20 22 29 38 42 43 45 52 57 58 61 62 67 87 105 116 120 123 129 131 161 169 171 180 191 194 199 0
10 16 39 64 84 91 92 98 114 131 136 142 151 152 164 176 177 180 181 186 187 188 196 200 0
14 24 25 29 37 43 49 51 52 53 60 77 82 93 101 102 109 111 115 125 145 147 156 160 187 189 193 196 198 199 0
3 10 16 18 20 26 30 37 38 41 47 63 65 66 71 83 84 91 94 96 101 102 115 117 121 129 135 137 138 140 147 151 152 163 169 184 186 192 0
7 17 24 40 48 51 66 73 80 87 109 131 141 149 151 160 162 163 169 182 188 0
1 5 20 36 48 50 53 68 69 70 76 78 83 85 90 95 113 115 118 129 136 140 150 156 160 168 171 177 183 200 0
1 5 13 15 19 26 27 29 33 38 42 44 52 60 61 65 69 76 77 94 111 115 129 140 144 157 159 160 166 169 173 182 185 186 193 199 0
3 4 17 18 19 20 31 34 48 60 63 67 68 69 73 98 107 117 121 126 130 137 142 149 158 163 164 167 186 190 194 0
1 10 14 23 33 36 38 45 47 60 63 67 78 82 87 90 92 93 102 105 111 115 135 142 149 155 158 160 186 194 199 200 0
6 13 15 21 25 27 30 31 35 42 56 57 67 80 82 86 93 95 100 102 109 114 117 122 123 124 125 132 133 134 142 146 150 156 161 163 164 171 177 182 188 195 0
7 13 14 18 23 24 45 48 75 79 81 85 95 110 111 112 113 128 130 148 156 157 158 162 167 180 181 184 0
1 2 3 5 14 18 20 44 71 73 85 87 88 90 103 109 110 114 116 118 137 140 144 147 161 165 184 185 186 196 200 0
4 6 7 10 12 18 21 35 36 40 46 57 65 72 76 82 84 86 87 90 98 99 109 117 119 126 132 133 134 138 145 148 149 151 152 154 155 158 159 163 179 183 191 195 200 0
2 7 19 24 39 44 47 48 50 56 63 70 72 76 77 90 95 100 104 115 128 142 153 154 155 157 169 183 184 194 0
4 5 13 26 32 36 54 64 67 70 74 77 82 100 101 106 111 130 133 134 143 147 149 154 158 162 164 179 185 193 194 0
10 19 26 31 37 45 51 55 62 63 70 72 92 103 105 111 112 113 116 130 138 142 145 153 154 157 160 161 173 176 178 186 187 197 199 0
15 17 31 36 38 40 47 90 108 112 125 127 131 149 150 152 160 165 167 175 182 194 200 0
3 12 32 39 43 48 49 53 61 66 67 71 94 97 100 102 108 112 117 124 126 129 134 152 153 163 169 178 181 198 0
3 4 17 47 62 68 87 88 91 93 97 101 118 119 123 124 126 147 160 162 168 172 175 176 179 185 195 199 0
5 7 14 19 27 28 29 30 34 41 53 55 60 63 72 73 75 76 82 83 86 90 105 106 114 133 140 148 158 165 166 172 173 174 177 181 0
3 8 23 32 44 49 54 55 68 82 90 100 103 116 123 125 126 127 135 139 149 156 159 167 169 174 177 181 186 197 0
10 15 35 37 59 70 76 88 99 102 109 134 138 172 176 181 182 187 196 198 200 0
2 3 6 10 15 30 31 37 50 53 56 57 62 69 70 72 79 89 90 92 110 119 120 125 132 153 156 161 163 169 180 184 186 192 200 0
3 4 5 19 20 21 25 32 39 42 47 52 61 62 66 73 93 98 99 106 115 117 125 131 141 146 156 167 168 172 195 197 200 0
16 18 38 40 44 48 52 56 59 64 65 69 72 73 77 79 83 97 106 116 117 120 133 136 141 152 155 168 177 181 0
9 12 20 42 47 50 66 71 75 81 87 93 97 115 120 123 126 127 133 141 148 152 154 159 170 179 180 181 193 195 197 199 0
1 6 17 19 22 26 30 42 43 48 51 54 69 73 86 98 99 111 117 119 121 123 125 133 138 141 148 150 151 153 160 163 168 169 171 184 186 192 197 200 0
6 22 26 28 48 57 60 70 73 91 93 106 126 129 131 134 138 148 164 165 177 189 191 192 0
4 9 15 21 29 42 45 48 50 56 64 65 70 78 80 81 82 86 89 96 102 103 112 114 124 125 145 153 155 167 175 179 181 185 199 0
3 6 15 20 22 26 31 36 41 43 52 61 63 65 72 74 85 96 100 110 127 136 137 139 144 159 160 179 185 192 199 0
6 10 17 22 24 31 34 36 40 41 42 43 48 54 55 56 58 60 68 71 75 78 98 120 128 131 134 144 152 159 161 165 170 171 176 188 0
1 3 4 5 12 24 39 47 48 50 52 53 55 61 62 69 82 87 88 100 103 112 123 127 132 134 141 148 149 155 156 173 0
6 18 22 28 38 49 51 62 63 65 67 69 100 103 104 106 111 118 120 123 128 129 131 137 139 145 156 159 160 162 165 172 177 185 186 195 0
1 5 26 27 49 51 52 54 69 72 73 82 90 105 106 126 128 130 146 158 159 171 174 175 185 0
2 3 5 10 38 40 50 51 53 60 68 75 77 78 88 89 91 92 99 101 102 103 111 118 121 123 124 128 129 143 145 152 163 165 167 175 180 181 182 186 195 0
4 6 8 15 24 29 31 37 38 48 53 55 59 64 69 78 83 88 92 107 109 110 111 115 127 135 137 143 144 148 154 159 167 169 171 172 188 0
7 10 12 35 42 43 48 53 64 74 80 91 93 99 109 115 137 142 146 151 161 162 164 183 186 192 0
11 19 20 24 25 29 45 51 56 57 66 71 79 83 99 112 126 129 130 135 138 145 147 166 178 182 188 197 198 199 200 0
24 25 36 50 51 63 64 68 78 82 91 109 110 118 126 128 144 154 156 158 167 172 182 187 188 0
8 12 15 20 24 41 47 52 55 58 70 77 80 82 83 99 102 109 112 117 118 134 144 147 149 151 155 157 161 180 182 184 186 191 193 194 195 198 0
4 12 14 29 37 40 44 46 49 51 57 76 81 101 107 112 118 124 125 136 146 149 157 160 168 181 182 187 192 0
2 7 8 15 18 21 29 36 47 57 68 73 75 80 90 94 96 98 103 110 114 137 152 166 167 169 175 181 189 197 0
17 19 21 22 26 30 40 52 53 54 55 72 78 92 93 95 96 104 108 112 113 123 132 133 142 146 154 157 158 163 164 171 179 180 184 189 191 0
1 9 10 12 34 46 57 63 69 74 84 87 100 102 116 118 120 123 140 142 144 154 156 169 172 181 187 0
1 2 8 11 14 15 18 26 28 44 50 54 67 75 87 88 92 93 98 102 106 114 126 150 159 162 165 167 171 174 175 181 187 188 189 199 0
6 15 25 30 31 36 40 46 48 49 52 53 60 69 76 86 88 94 99 100 105 107 112 114 117 121 132 133 139 141 143 150 175 180 184 188 195 0
7 13 16 18 22 34 42 48 52 59 70 71 86 94 101 102 105 107 110 120 122 124 125 128 130 132 140 145 151 157 166 170 171 181 185 191 198 200 0
2 12 16 25 28 29 34 40 41 49 55 62 72 83 86 87 95 96 98 101 116 117 125 130 136 137 139 148 154 166 169 170 172 173 181 186 189 190 0
14 17 35 37 47 48 63 65 68 72 79 81 86 92 93 95 96 104 113 127 147 162 167 169 180 184 187 196 199 0
3 10 13 14 20 28 32 37 40 43 49 50 53 55 57 65 81 98 106 118 124 127 147 149 150 153 156 162 179 187 190 196 199 0
3 4 11 17 22 31 34 40 44 53 57 58 61 67 70 74 83 91 96 99 103 105 124 129 136 140 143 144 145 150 151 154 156 165 167 170 175 177 182 183 185 190 194 0
3 8 19 22 30 42 44 49 51 52 60 63 73 77 81 88 91 93 116 124 128 180 182 186 0
5 17 31 36 37 50 62 71 87 88 89 104 107 111 116 122 127 131 141 143 145 147 160 163 165 168 177 178 179 180 190 0
2 5 13 14 32 46 48 49 54 59 64 65 70 71 73 75 79 80 85 87 89 95 107 118 135 155 156 159 164 165 175 190 193 198 0
18 21 29 33 41 51 56 68 83 88 95 111 119 125 126 134 139 146 148 151 152 158 163 174 196 0
11 16 24 27 53 76 84 89 93 94 102 108 111 116 119 123 129 132 158 163 174 176 183 197 200 0
11 18 31 32 42 57 70 86 95 99 101 110 129 142 147 149 151 154 157 163 166 169 172 177 185 194 0
3 7 41 44 45 49 52 54 56 60 71 76 78 81 89 92 99 110 112 114 115 121 132 136 141 155 165 167 173 175 177 178 185 194 197 0
2 6 28 29 31 35 36 42 47 52 58 67 69 77 79 81 82 87 93 113 117 120 125 126 132 133 141 144 145 146 147 149 160 162 167 168 170 171 176 177 184 185 187 0
13 16 26 29 37 38 44 52 60 67 68 74 78 81 90 96 97 99 100 106 114 115 116 120 131 137 144 147 148 152 155 159 169 182 193 194 199 0
27 29 34 46 47 52 57 62 70 71 83 92 102 104 105 119 123 126 134 141 162 164 168 170 175 182 186 195 196 200 0
3 4 9 14 18 20 31 32 35 51 55 59 75 89 92 93 98 103 108 109 117 120 123 147 150 159 160 166 167 170 177 181 0
14 18 19 25 31 38 54 56 59 61 78 90 94 97 103 107 113 116 120 121 137 142 158 164 178 188 189 191 195 0
19 20 23 29 38 41 47 52 55 65 66 67 69 75 82 90 101 103 110 111 112 116 131 138 148 149 160 161 165 166 174 178 179 186 188 193 197 200 0
4 15 19 27 42 46 62 66 68 79 81 90 108 110 114 115 119 124 131 138 141 144 159 168 172 194 0
6 10 17 23 35 52 59 62 64 72 84 87 97 98 110 111 126 133 134 140 149 151 153 160 163 167 174 188 189 194 199 0
1 23 25 26 31 32 38 49 63 69 72 76 79 85 88 102 110 112 114 115 121 122 126 129 133 138 139 152 164 166 175 186 188 189 198 0
2 3 4 6 7 9 28 30 35 37 41 43 44 60 62 69 70 73 75 77 92 104 105 114 117 122 126 129 145 147 153 154 160 174 178 182 191 192 0
11 16 20 22 29 31 33 35 52 54 55 57 67 77 79 81 84 93 95 96 101 104 105 108 124 125 136 137 146 154 156 179 181 199 0
3 5 17 19 20 32 34 36 40 42 54 58 59 61 70 71 77 88 108 116 148 152 158 173 180 185 186 191 196 0
1 4 8 12 14 24 26 30 37 43 55 66 73 77 78 79 85 87 90 94 108 110 111 113 118 130 131 132 134 138 140 146 152 161 163 178 182 187 195 199 0
7 11 18 20 25 41 49 50 59 61 70 72 85 91 117 119 121 126 131 133 140 141 143 145 148 161 165 171 172 177 178 0
1 16 17 28 35 45 46 47 48 53 55 67 74 78 89 97 99 102 105 108 110 112 114 122 135 136 148 153 166 171 177 188 191 192 195 198 0
1 4 21 23 25 26 56 62 80 95 106 109 111 114 115 118 125 133 137 155 157 161 185 190 0
3 5 7 8 14 25 26 42 43 46 49 51 57 64 66 68 69 82 83 84 87 97 102 106 109 113 132 136 158 159 161 162 172 177 181 184 189 0
1 13 29 33 34 40 42 50 54 57 70 77 87 89 94 100 105 106 109 122 126 129 134 146 147 148 150 157 167 169 172 178 185 196 200 0
20 21 33 49 51 53 59 62 65 69 72 82 88 101 104 115 117 125 131 141 149 152 159 174 181 197 0
3 4 6 9 15 16 26 32 33 41 52 63 68 70 73 75 78 80 85 94 96 101 102 106 125 127 131 143 144 146 149 156 157 160 180 181 198 199 200 0
1 3 14 22 26 31 34 47 48 52 56 60 67 71 82 90 98 101 109 111 112 113 118 119 127 129 135 142 151 155 161 162 165 167 171 175 184 195 196 0
23 27 30 31 41 43 47 60 70 73 75 77 87 89 101 105 112 113 116 117 124 127 134 135 137 138 150 160 162 176 179 182 183 189 0
11 23 24 28 37 43 48 59 66 67 70 94 102 105 110 114 139 142 144 145 161 167 168 177 182 188 191 199 0
1 7 9 32 56 57 59 60 61 67 73 79 84 96 99 102 105 107 114 117 140 141 152 154 170 172 183 184 187 193 198 0
5 17 28 40 41 51 76 81 86 93 95 102 115 124 136 144 148 151 158 169 172 175 189 190 191 194 195 197 198 0
3 6 17 27 41 44 54 74 76 82 96 106 109 110 121 126 131 140 143 148 182 183 186 194 196 199 0
3 4 5 8 19 24 26 54 58 62 63 69 83 87 97 105 111 113 115 117 119 123 127 133 134 141 147 154 160 162 165 192 194 0
17 21 25 31 41 54 61 62 66 71 74 75 80 83 91 93 97 99 104 110 119 129 130 146 149 151 154 163 168 180 183 193 0
4 6 8 19 22 23 27 28 41 43 47 51 53 81 85 86 88 95 97 98 105 107 117 122 124 131 135 141 151 158 164 167 189 196 197 198 0
14 15 21 27 32 36 41 47 69 70 75 76 84 98 107 119 151 152 153 155 158 160 161 170 182 186 189 197 0
2 19 23 29 57 62 65 70 77 79 81 92 101 111 114 127 128 156 160 168 170 172 175 183 186 192 196 0
10 17 18 21 24 27 30 34 43 44 47 55 90 101 106 107 111 117 120 121 128 135 145 148 150 151 155 157 164 166 171 172 173 183 190 0
2 4 11 14 30 36 37 40 58 83 86 92 96 99 101 112 115 116 123 126 127 134 165 169 172 176 183 191 193 197 0
2 24 26 41 48 50 59 62 64 66 68 72 78 98 113 114 121 128 138 140 149 151 152 154 158 162 167 169 175 176 179 180 184 186 190 0
3 4 34 38 41 43 46 54 76 77 79 80 84 88 99 125 126 128 137 145 146 155 161 169 173 174 177 192 195 0
3 11 14 17 23 26 43 48 49 52 62 75 77 81 95 107 119 121 137 141 142 147 162 172 186 187 197 0
10 13 20 25 31 58 71 84 100 101 112 120 130 140 145 151 152 165 168 179 180 195 197 0
11 20 21 22 25 26 35 39 41 42 45 46 47 51 53 56 59 67 73 74 82 94 99 106 109 114 123 124 127 133 135 141 149 160 164 166 172 175 182 197 199 0
4 7 8 12 22 26 37 42 43 44 54 57 60 70 71 74 78 83 85 86 87 89 100 103 104 111 116 121 122 135 139 140 142 144 147 178 186 200 0
10 11 17 35 38 39 50 55 57 59 63 73 76 95 100 103 112 114 116 122 125 139 143 151 156 159 162 169 171 177 179 184 187 196 198 199 0
1 9 13 16 17 30 34 37 41 43 50 53 57 73 78 83 90 95 98 112 113 123 143 147 148 158 166 173 177 184 189 193 0
7 23 30 34 35 37 42 53 55 73 95 105 118 120 127 129 135 138 140 148 149 155 184 0
3 4 11 18 25 26 28 38 41 44 45 54 63 73 75 76 78 91 92 101 106 120 122 132 135 136 145 155 159 179 180 189 192 197 0
2 7 8 10 17 20 30 31 33 36 49 52 54 56 63 64 73 95 96 98 101 102 109 115 123 133 147 148 159 169 181 183 190 0
3 7 8 14 15 17 24 33 36 40 46 66 68 71 72 76 85 88 90 98 99 100 101 108 112 117 118 119 126 132 133 146 153 157 164 180 189 198 0
12 17 21 23 38 42 48 51 52 53 63 65 70 105 113 114 116 128 130 131 145 149 152 153 154 155 160 161 163 173 177 180 197 0
11 18 20 33 37 56 59 68 69 83 84 88 97 102 104 113 117 118 126 127 129 132 138 139 141 144 167 171 172 174 191 193 0
6 7 16 17 19 20 21 26 29 32 39 44 58 64 68 70 79 86 98 99 102 108 118 138 144 146 150 157 161 166 177 180 189 0
13 17 18 22 24 34 38 41 45 48 70 85 88 94 97 122 130 165 170 178 180 184 199 0
40 41 42 44 50 57 71 73 88 102 109 110 120 122 128 133 134 138 139 145 146 160 167 170 171 180 190 192 197 0
1 3 32 40 70 75 83 95 104 115 123 126 127 130 133 136 140 142 147 149 150 160 177 185 186 0
2 4 7 10 24 25 27 28 31 37 43 50 66 85 93 98 117 129 132 141 142 146 149 158 166 167 169 177 183 195 0
11 12 19 22 42 45 46 48 49 69 72 75 76 78 80 81 82 89 95 96 101 105 106 109 123 124 129 140 158 171 172 176 182 188 195 196 0
11 14 19 22 27 30 38 40 50 60 65 74 87 94 100 104 120 121 130 149 151 153 159 169 174 178 184 190 198 0
9 17 18 25 28 35 39 41 44 66 68 71 73 79 80 86 93 100 102 113 115 122 128 138 139 146 152 154 165 177 178 195 0
2 3 10 23 31 33 40 41 56 61 64 70 71 74 83 86 95 112 113 117 119 122 127 131 133 139 163 164 169 181 183 185 187 193 194 0
11 13 15 27 47 48 61 65 75 85 87 111 130 139 146 147 149 154 156 163 173 183 190 0
2 4 33 36 39 54 60 64 69 71 72 73 80 82 85 96 97 98 110 111 112 114 142 156 157 169 171 175 188 198 0
4 17 19 20 24 26 38 46 47 51 53 74 78 89 94 95 96 99 101 103 112 120 123 129 151 155 159 161 178 193 0
6 25 26 27 29 40 42 49 52 58 64 65 73 76 85 93 109 114 121 128 137 143 149 151 159 160 164 168 175 182 194 195 197 199 0
6 15 24 26 30 38 42 55 72 85 86 89 93 101 109 116 121 128 158 161 164 183 185 198 0
11 15 18 28 31 38 43 44 46 56 59 67 73 84 85 89 123 126 132 137 138 147 153 161 164 176 178 183 191 193 0
5 6 13 21 25 26 40 54 57 58 61 64 67 73 75 79 83 90 107 108 113 127 128 145 150 161 172 177 179 180 186 187 189 197 0
8 14 22 34 39 50 52 62 64 69 76 80 81 108 110 112 122 123 125 128 130 131 140 141 144 163 167 168 172 180 200 0
2 5 16 17 43 45 52 53 61 77 80 90 103 108 122 124 125 128 130 131 134 136 144 150 163 167 169 172 174 180 0
1 4 6 18 22 26 35 44 48 51 56 60 61 70 76 80 82 87 92 104 109 121 124 131 133 136 155 156 164 174 178 181 186 197 0
12 15 23 25 31 35 44 49 51 55 56 61 67 75 76 80 85 94 106 123 124 126 130 131 146 152 154 157 163 169 174 175 185 0
3 11 12 29 31 33 36 48 49 62 65 69 75 78 88 89 92 93 100 101 103 105 113 131 132 150 151 155 162 163 166 172 179 184 187 188 191 195 197 199 200 0
5 7 19 21 25 30 36 69 71 73 79 89 95 108 116 118 127 132 143 155 157 164 172 179 180 186 187 193 0
3 4 5 16 18 22 32 33 49 64 67 82 89 94 95 98 99 102 119 123 127 142 146 148 150 153 156 168 170 171 0
2 4 13 15 16 17 20 28 29 33 38 43 47 53 56 57 64 65 67 68 69 75 81 83 84 93 99 101 112 121 132 134 136 140 143 146 163 165 167 168 171 172 174 179 181 186 192 194 195 0
1 12 17 19 26 27 30 34 35 39 41 46 50 59 72 73 83 94 116 136 138 143 145 158 160 172 175 180 182 195 199 0
10 20 25 28 35 39 45 46 50 61 74 88 97 99 104 126 129 132 141 143 149 156 168 173 177 193 199 0
2 4 6 14 16 25 29 30 38 47 54 57 59 69 72 81 85 86 87 88 91 98 107 117 124 130 131 141 148 151 158 162 177 193 196 198 200 0
2 6 7 10 15 19 24 30 31 32 35 50 56 59 65 67 74 76 77 79 88 96 112 113 138 145 148 157 163 183 184 188 193 0
9 11 19 21 22 26 27 31 35 44 47 61 69 75 77 90 92 93 94 97 106 111 124 125 131 143 146 152 159 162 169 178 180 186 0
2 8 12 28 30 36 44 45 48 63 70 71 72 78 81 87 90 95 100 103 105 108 110 111 118 120 121 128 130 140 141 163 181 183 188 195 0
5 6 10 14 15 16 17 55 59 68 69 76 77 81 82 84 91 99 100 103 114 115 120 123 144 146 147 156 157 158 162 165 174 177 178 180 196 0
3 5 12 15 16 37 39 42 48 49 50 66 74 87 96 123 132 136 142 145 150 166 169 170 171 178 0
4 6 8 9 10 23 29 33 37 40 52 53 54 60 65 72 74 76 82 92 106 107 109 111 112 114 128 138 141 160 170 179 189 195 0
6 11 25 35 38 41 57 60 72 74 76 86 95 102 104 105 109 116 122 126 127 134 139 148 171 174 181 0
1 4 8 13 19 28 30 33 41 43 52 65 82 98 101 106 109 111 127 133 155 159 160 179 181 190 0
2 19 20 30 31 36 49 64 72 76 79 81 86 88 111 115 141 154 158 161 164 167 170 176 177 181 191 194 200 0
4 6 28 34 36 41 42 43 45 47 66 67 99 103 118 119 130 135 136 149 156 172 175 192 195 200 0
4 7 10 20 23 24 39 42 51 54 58 64 67 82 85 92 93 100 101 113 128 137 140 142 143 144 151 159 162 166 177 186 187 188 189 0
3 5 13 15 19 26 30 32 40 53 55 62 65 70 72 74 80 86 87 94 101 115 131 135 137 149 152 153 159 170 181 183 184 195 0
5 6 9 10 14 27 28 46 47 48 49 57 61 63 75 79 107 113 115 116 117 119 123 147 157 160 165 174 179 180 192 193 0
7 11 17 23 26 31 38 40 62 71 81 88 90 91 101 103 105 109 113 117 128 137 145 151 153 154 159 162 164 168 182 183 184 190 197 0
1 6 8 14 19 25 31 54 55 58 59 61 64 93 98 104 105 106 108 122 129 134 141 155 156 158 168 170 179 185 186 0
13 14 19 22 33 34 63 67 69 70 75 83 102 115 117 123 134 141 148 151 171 175 178 183 184 198 199 0
21 24 30 47 50 55 59 82 87 104 113 116 118 130 145 157 160 166 172 178 185 187 0
3 4 5 17 19 23 25 26 34 38 45 46 50 58 74 75 79 86 90 91 94 114 120 123 124 126 133 152 157 166 167 169 171 173 186 193 200 0
3 5 6 8 9 11 24 39 41 50 82 91 95 104 105 108 121 124 125 137 139 141 149 182 184 190 198 200 0
6 10 14 21 24 27 43 50 54 55 57 65 88 93 99 100 102 106 110 114 119 121 123 131 136 143 146 147 149 163 165 167 179 189 192 194 0
34 38 40 44 45 50 55 63 75 81 87 88 94 105 106 118 129 134 140 141 143 145 152 166 169 172 196 197 198 199 200 0
1 9 12 17 29 37 55 58 61 62 68 73 74 76 77 78 89 91 106 132 139 160 162 169 176 182 189 192 194 0
8 17 23 31 34 41 42 44 59 63 71 73 81 86 109 115 124 131 137 138 150 155 156 158 162 172 194 0
16 22 25 40 45 49 54 57 58 78 81 86 93 100 102 105 140 145 159 170 186 187 192 198 0
9 10 20 21 22 27 33 42 57 68 69 73 78 89 91 96 107 109 121 122 128 132 135 140 158 176 183 190 197 198 0
1 7 11 16 20 24 29 37 62 87 88 91 94 103 110 118 142 148 152 161 176 182 183 187 195 196 199 0
7 8 17 25 32 52 55 61 64 69 76 77 82 90 106 109 124 139 142 162 167 173 175 181 184 188 196 197 198 0
13 16 30 31 33 35 40 42 50 51 53 55 56 57 64 74 77 85 91 95 99 101 109 114 118 120 122 137 145 147 150 155 160 161 178 192 0
7 12 14 17 35 47 53 56 60 61 66 68 70 89 103 113 117 123 148 153 154 158 167 170 175 178 179 186 188 0
5 8 15 16 22 28 42 47 49 51 65 69 70 71 75 76 89 105 107 108 120 123 124 126 134 143 147 148 152 155 160 162 163 168 171 172 175 182 189 190 194 0
7 15 20 22 23 25 28 29 30 32 34 37 40 47 51 58 65 68 75 91 100 104 115 131 132 149 150 151 154 155 165 173 176 177 194 195 0
2 5 9 13 22 24 30 33 37 39 57 62 66 81 84 85 91 99 103 111 112 129 135 137 143 147 151 152 162 166 173 180 197 0
4 9 10 14 18 20 24 33 35 50 52 54 60 63 68 69 72 74 82 85 92 111 113 116 129 130 134 138 145 148 149 150 156 179 190 192 0
4 5 28 33 34 40 48 54 55 58 59 66 74 96 100 102 103 111 113 139 146 169 172 174 176 181 187 188 193 195 0
6 13 14 15 23 26 38 43 44 67 73 74 79 82 99 101 103 107 116 121 122 127 129 140 142 143 149 159 160 166 168 177 180 188 190 191 198 199 0
5 11 12 49 52 71 74 77 79 88 89 93 97 104 118 120 122 126 132 138 154 155 171 176 180 182 186 188 192 200 0
9 10 16 18 20 24 25 42 55 59 63 71 78 82 83 89 91 93 96 104 112 115 116 127 129 139 144 145 152 155 167 168 171 194 197 0
3 19 22 27 30 42 54 58 63 81 84 88 95 100 114 121 130 135 136 150 173 176 177 189 190 0
13 16 18 19 22 28 42 44 46 47 48 53 54 58 59 65 69 82 89 93 94 119 134 137 143 161 173 177 191 0
4 5 8 10 24 35 40 51 54 65 68 73 77 80 81 93 98 99 101 106 107 110 114 124 127 141 142 144 158 161 171 173 178 180 188 190 192 0
7 15 18 23 25 35 36 40 42 47 48 65 66 71 72 78 90 95 101 112 114 115 124 139 155 158 163 175 179 181 185 191 0
10 22 29 43 44 45 55 56 62 63 68 71 76 77 82 85 88 106 114 124 126 133 143 152 153 159 160 161 165 170 176 183 197 200 0
5 14 16 20 22 24 30 34 38 41 42 46 49 50 51 66 67 68 69 78 81 88 97 98 123 130 133 141 142 146 156 157 163 164 166 170 172 174 177 181 190 0
3 6 10 19 20 23 26 37 39 41 51 60 73 74 77 80 85 103 113 117 120 122 127 138 141 143 146 162 175 190 191 196 199 0
10 28 31 33 49 53 73 78 83 86 91 94 97 105 110 145 152 154 160 162 165 171 177 178 183 193 194 0
6 16 20 36 53 59 71 78 86 91 95 115 125 127 137 150 155 157 160 165 168 190 192 199 0
2 17 33 34 40 43 50 61 62 75 79 83 87 90 92 96 98 106 117 119 120 123 132 134 137 156 171 172 189 195 196 199 0
3 5 7 12 14 25 38 39 49 50 57 58 62 71 74 90 91 100 103 108 114 119 120 121 125 127 130 139 152 154 162 168 175 176 189 200 0
1 13 15 23 24 25 29 33 35 39 42 51 57 59 64 84 93 100 129 133 135 143 148 159 161 164 168 169 188 0
9 13 18 24 38 44 45 53 61 81 83 84 115 124 125 132 136 139 141 142 143 145 155 156 163 165 166 174 184 185 190 193 195 199 0
4 20 24 26 38 48 50 55 56 62 70 81 87 101 102 128 129 130 131 132 137 138 144 147 152 153 159 163 169 175 178 184 196 0
6 19 32 35 36 44 45 51 58 69 71 75 84 85 88 89 91 92 113 126 146 150 151 152 160 165 175 181 186 198 200 0
6 32 35 37 41 50 54 55 57 62 63 71 75 76 82 93 95 97 99 123 126 129 134 137 139 146 147 150 155 161 168 169 176 190 198 0
1 8 11 14 18 22 23 35 36 51 59 72 78 90 91 98 105 113 115 121 124 126 130 144 146 149 157 169 176 180 185 187 197 0
8 20 29 34 39 44 47 48 52 54 78 80 95 96 99 117 119 122 127 131 136 137 139 144 149 152 159 160 165 170 0
11 20 46 48 51 56 59 66 71 73 87 91 97 113 114 116 120 125 129 134 136 156 157 160 161 165 172 173 176 177 0
7 12 31 33 34 43 46 47 49 67 68 74 75 78 80 96 99 104 107 113 124 125 128 130 131 132 133 141 144 148 162 167 171 176 185 0
6 10 20 36 37 53 61 68 71 84 87 102 104 106 120 136 149 155 156 163 171 175 184 191 192 0
2 3 11 27 29 36 44 52 54 58 70 81 94 95 98 108 109 115 116 117 118 122 124 126 131 137 141 148 150 155 158 164 165 169 176 190 194 199 0
11 33 37 61 69 80 82 83 86 96 106 108 115 116 118 119 130 137 154 155 159 161 167 177 179 184 191 0
9 11 14 17 37 38 47 48 55 59 64 67 69 77 89 92 123 127 129 132 141 148 155 156 164 165 166 170 177 186 190 0
7 13 22 24 27 28 48 52 58 68 73 74 77 79 80 83 89 102 111 122 129 138 143 146 163 169 173 174 178 180 185 188 196 0
13 14 32 41 46 51 57 74 88 89 98 103 111 112 120 142 147 150 164 167 175 179 192 0
2 8 14 18 19 25 32 34 43 63 64 69 75 80 91 93 99 100 102 105 109 110 113 115 124 127 134 139 156 157 160 167 178 0
