100 0
2 3 6 7 11 15 16 22 24 27 29 31 34 37 40 43 44 46 47 49 54 55 56 57 61 63 64 68 69 70 78 80 83 84 85 86 87 90 91 94 96 97 100 0
1 3 4 7 8 9 11 17 18 23 27 29 30 34 40 43 45 48 52 55 57 61 66 68 70 71 75 77 80 81 85 90 91 92 96 0
1 8 10 12 13 16 17 18 19 21 22 23 24 34 37 38 44 46 48 49 51 56 62 64 65 66 67 70 71 73 76 83 86 87 88 89 90 94 95 96 98 0
3 7 15 18 19 20 22 24 26 27 28 29 30 32 33 38 40 43 49 50 52 53 54 60 61 62 63 64 66 67 68 72 73 74 78 79 82 87 90 92 93 96 100 0
3 4 12 14 15 17 19 23 26 28 31 35 37 42 44 46 48 54 58 65 66 73 74 78 79 80 85 87 88 98 100 0
8 9 11 16 17 21 23 24 26 27 28 31 35 39 41 44 45 46 49 51 52 53 54 55 58 59 66 67 68 71 74 78 79 81 84 88 89 92 93 94 97 99 100 0
1 2 4 5 6 9 10 11 12 13 18 21 22 23 24 28 29 32 33 35 37 39 40 41 45 46 53 57 59 60 61 65 68 69 70 73 74 77 80 81 82 84 88 89 90 91 97 99 0
1 2 7 10 11 13 14 15 17 19 20 21 22 27 28 31 40 41 43 44 45 48 50 53 54 55 57 66 67 71 74 80 84 85 86 88 91 92 96 98 99 0
1 2 4 5 10 13 14 15 16 18 19 21 22 23 24 27 28 31 33 35 36 38 39 42 43 48 52 55 57 64 67 69 71 73 74 75 76 79 82 84 88 91 92 93 96 0
2 3 5 6 7 11 13 17 18 19 20 22 23 25 31 33 35 36 37 38 39 40 45 46 49 50 52 53 55 57 59 60 61 64 67 73 74 77 81 82 88 89 90 98 100 0
7 9 12 13 14 15 18 21 22 25 26 29 30 32 34 36 37 38 39 40 43 51 55 56 59 65 66 68 69 72 74 76 78 80 83 88 96 98 99 0
3 4 8 9 10 17 19 20 21 24 26 33 35 37 38 39 42 45 48 49 51 52 53 58 62 63 64 65 66 67 70 75 77 79 80 81 82 83 85 86 89 90 93 99 0
1 3 6 8 11 15 17 18 21 27 31 32 34 35 38 40 41 43 44 49 50 51 53 57 59 62 64 65 67 69 71 72 76 77 79 80 82 84 85 86 89 90 91 93 95 97 99 100 0
2 3 6 7 8 9 13 21 22 27 30 33 36 41 45 46 55 59 60 65 66 67 68 69 70 71 74 75 78 81 83 88 90 91 94 95 98 100 0
1 4 5 8 9 10 11 14 16 17 19 20 22 23 32 33 34 35 38 39 40 41 43 44 45 47 48 50 51 53 59 60 61 63 64 65 72 73 76 77 82 87 88 90 92 93 95 98 99 0
3 5 7 8 12 19 20 28 30 31 32 36 38 39 40 45 52 54 58 59 65 66 68 70 71 76 78 81 83 89 91 95 97 99 0
1 6 14 15 18 19 21 23 24 25 26 27 28 30 37 40 42 49 51 53 55 56 59 61 63 71 79 80 81 82 83 86 87 88 89 90 91 92 94 95 96 97 98 100 0
1 2 3 4 6 7 8 10 17 21 22 28 29 33 34 35 36 37 38 41 44 47 50 51 52 53 56 58 64 65 66 67 70 71 74 75 76 81 82 83 85 86 88 89 93 95 96 97 0
3 4 10 13 17 23 25 26 30 32 33 37 38 45 46 49 51 58 62 64 66 69 72 74 77 80 82 85 86 87 88 93 94 96 97 100 0
1 4 5 6 8 11 15 17 18 23 25 26 27 28 32 33 37 38 40 42 43 46 47 48 51 52 54 55 56 64 65 66 70 71 72 73 76 77 78 80 87 88 93 96 97 0
1 2 3 4 5 6 8 9 14 15 18 19 20 22 23 24 27 29 31 33 35 38 39 43 44 45 47 48 50 54 55 56 57 58 59 60 63 66 68 72 75 77 80 83 86 88 94 100 0
1 3 4 7 9 13 16 19 20 21 25 26 27 29 34 36 38 39 40 41 43 44 47 48 51 54 55 56 57 59 65 66 67 69 71 72 73 74 75 76 80 81 82 87 96 98 0
5 8 9 10 12 19 20 21 24 25 28 29 31 34 35 38 39 40 42 43 45 53 54 56 57 59 60 61 63 66 68 69 71 74 76 77 83 84 86 87 88 93 97 0
4 8 11 13 14 18 19 23 28 31 32 38 41 43 45 47 52 53 55 58 64 66 67 68 70 72 73 75 77 78 84 85 86 89 91 92 93 95 96 97 100 0
3 4 6 7 8 11 16 20 22 26 27 30 31 33 37 40 42 43 49 52 53 54 55 57 58 59 63 64 70 71 72 81 82 83 86 87 89 93 96 98 99 100 0
7 8 9 10 14 15 19 20 21 25 27 28 29 30 32 34 35 37 39 44 45 46 47 51 52 53 56 59 64 65 66 67 69 71 75 76 78 81 82 84 88 91 94 97 0
1 2 8 9 11 14 15 16 17 19 23 25 26 29 30 32 33 36 38 39 40 43 44 51 55 56 59 63 70 72 73 75 77 78 83 87 88 90 91 92 94 95 96 97 99 100 0
6 7 8 9 10 15 16 17 19 20 21 22 25 26 27 30 32 36 40 41 43 45 46 47 49 54 57 58 62 63 64 66 67 73 74 75 78 79 80 82 83 84 85 88 94 95 100 0
5 6 7 8 10 11 13 19 20 21 23 26 28 30 31 35 36 37 41 44 45 48 49 50 52 53 54 55 56 57 59 65 66 68 69 71 73 74 75 76 80 81 82 86 91 92 95 96 98 0
3 6 8 9 10 11 12 17 19 20 21 22 23 26 27 28 32 34 35 36 37 41 46 48 52 55 56 57 61 65 67 68 70 72 75 77 79 82 87 88 90 91 93 96 0
1 3 4 5 9 11 12 16 18 21 22 25 26 27 29 33 36 39 45 46 47 49 54 56 59 60 62 64 70 71 73 77 79 84 85 91 96 97 98 100 0
1 3 5 6 7 9 11 12 20 24 26 28 29 35 38 39 42 43 44 45 48 50 55 56 57 58 60 63 76 80 81 88 90 91 92 95 100 0
1 2 3 4 6 7 8 9 10 11 12 13 14 19 21 22 23 25 27 29 30 31 34 35 36 41 44 45 47 50 52 53 56 57 58 60 64 65 67 69 70 73 75 76 83 84 86 87 91 94 96 0
1 2 4 5 8 11 13 15 16 17 19 20 23 24 25 26 27 29 33 35 38 42 46 47 48 50 53 58 59 62 69 70 73 75 79 91 93 94 96 99 0
2 3 4 11 15 19 20 23 24 25 26 28 29 30 31 32 33 37 38 40 48 49 51 52 54 55 56 57 60 61 62 63 64 66 67 70 71 79 80 83 84 85 87 89 91 92 93 95 97 0
2 3 5 6 9 10 11 12 14 15 18 19 20 23 24 25 27 28 30 32 33 40 41 42 43 45 47 48 49 50 52 54 56 57 58 59 60 62 63 68 69 70 71 74 75 76 77 78 80 82 83 85 88 89 90 92 95 96 97 98 99 0
3 4 9 10 11 14 17 20 21 22 23 24 25 26 28 30 31 32 34 35 36 40 41 43 45 47 55 56 59 60 65 70 72 73 75 77 78 81 83 85 87 88 90 93 95 96 98 100 0
2 7 10 11 14 17 20 21 22 23 24 25 27 28 29 32 33 34 35 41 42 47 48 49 51 56 59 63 65 69 70 75 76 77 79 86 87 91 93 95 97 98 100 0
4 5 8 10 11 12 16 20 25 27 28 30 32 33 34 35 37 40 42 43 51 52 53 56 58 59 62 65 69 71 72 76 80 88 93 96 97 98 99 0
2 3 6 7 9 11 12 15 18 19 22 23 24 26 27 28 29 31 32 33 34 35 37 39 43 45 46 49 50 52 55 57 62 65 71 77 78 79 81 82 84 86 87 89 93 94 95 0
1 6 7 10 11 13 14 15 17 19 25 26 27 31 32 34 35 40 44 45 51 52 55 58 61 63 65 68 69 71 72 73 74 75 76 77 80 81 83 85 86 88 89 90 93 95 97 99 100 0
1 2 5 6 7 8 9 10 11 14 15 20 23 24 25 26 27 28 29 31 32 33 34 36 37 39 40 43 45 48 50 53 59 63 67 68 70 72 73 75 79 83 85 86 87 94 96 98 100 0
1 2 3 5 8 15 16 21 24 25 26 30 34 35 36 39 40 41 44 46 48 52 53 57 58 59 60 62 64 65 66 71 74 79 80 84 85 87 89 92 93 96 100 0
1 2 3 7 10 13 14 18 19 20 21 22 26 30 33 34 36 38 39 40 46 49 52 53 55 59 60 62 63 64 68 72 76 78 79 80 82 83 85 87 89 91 93 94 98 99 0
2 5 10 11 14 15 18 20 24 26 28 29 32 35 36 39 41 42 44 48 51 52 53 56 58 60 62 65 67 69 70 71 72 73 77 78 80 81 83 84 86 89 93 96 97 98 99 0
3 7 13 14 18 23 28 30 33 34 35 38 39 43 45 47 49 50 51 52 54 55 56 57 58 60 62 65 66 71 72 73 74 77 79 81 83 86 88 91 93 94 98 99 0
5 8 9 13 14 16 17 20 23 25 28 29 30 31 32 33 34 35 37 38 40 43 50 51 54 55 56 57 59 63 64 67 74 76 78 82 83 85 88 89 90 92 96 100 0
1 2 5 6 9 10 12 14 15 17 21 25 26 28 29 32 33 37 38 42 43 46 47 49 50 51 53 54 62 63 65 68 69 70 71 72 77 78 83 84 85 87 88 91 92 93 94 98 99 100 0
3 4 6 7 11 12 14 18 19 21 22 24 25 26 28 29 32 33 34 36 37 39 41 43 45 46 50 51 54 63 64 65 68 70 76 77 78 79 80 82 83 84 86 90 93 94 96 98 100 0
2 4 7 10 13 14 15 16 18 19 24 26 28 35 37 39 40 41 43 47 48 49 53 56 58 60 67 68 69 70 73 75 77 78 79 80 81 82 85 87 89 91 93 94 95 97 98 0
5 6 9 11 13 14 15 17 18 21 22 23 25 28 29 34 37 39 40 41 42 44 45 47 48 54 57 59 60 62 64 66 69 70 72 73 74 76 77 80 82 83 87 89 91 94 96 97 98 100 0
3 5 12 13 14 20 22 23 25 29 32 33 35 37 38 39 41 46 48 49 50 53 56 60 67 68 70 72 74 76 80 81 82 84 86 89 90 92 96 97 0
1 2 4 7 8 10 11 14 21 24 25 28 31 33 36 43 48 50 55 65 67 70 71 72 73 78 81 82 83 84 91 92 93 94 97 0
10 13 19 21 23 26 31 38 39 40 43 44 45 48 52 59 60 63 65 69 71 74 75 76 79 83 84 85 86 87 90 93 95 0
3 6 7 10 13 14 17 20 21 25 27 30 31 36 42 43 44 47 48 49 51 54 56 61 64 65 67 68 70 71 73 75 76 77 85 86 87 88 92 95 97 98 99 0
3 4 6 7 8 10 13 20 21 23 25 26 29 30 33 39 40 42 45 46 48 49 50 51 52 53 55 58 61 66 67 71 74 75 76 78 79 80 81 85 89 90 93 95 98 99 0
1 5 6 8 9 10 11 12 13 14 15 16 21 22 23 25 27 28 33 37 39 41 42 43 47 50 51 53 58 60 61 62 63 64 65 67 70 72 74 75 76 80 83 86 88 89 93 94 95 100 0
1 4 6 8 9 10 11 12 15 18 20 23 24 28 29 31 33 35 36 38 39 45 46 49 50 51 53 54 55 57 60 62 68 70 71 74 75 78 79 80 81 82 83 84 86 88 94 95 96 97 98 0
1 3 5 7 9 10 11 14 15 17 18 19 20 21 24 25 27 32 34 35 42 45 48 49 50 52 54 56 57 60 62 63 69 71 79 80 81 83 89 90 0
2 3 4 8 9 11 15 17 19 20 22 23 24 25 29 30 31 32 34 36 40 41 42 44 45 47 48 50 53 55 62 63 64 65 66 67 69 77 81 83 84 85 94 95 96 0
1 2 8 13 14 16 20 21 23 26 28 29 30 31 33 36 37 39 47 48 50 51 52 53 55 59 62 63 64 66 68 70 73 77 86 87 88 89 90 91 93 98 100 0
4 5 6 8 9 10 11 14 18 23 24 25 27 30 33 36 40 47 49 51 52 53 54 55 58 59 60 61 63 64 67 71 72 75 77 78 79 81 82 85 87 88 91 94 96 97 98 99 100 0
3 6 7 10 13 16 17 21 22 23 27 28 29 30 32 34 35 36 41 42 43 45 47 48 54 55 58 59 60 61 65 67 70 71 72 73 75 76 77 80 81 82 84 86 88 90 92 94 95 96 98 100 0
1 4 5 7 8 14 16 18 21 22 23 25 29 33 35 37 39 46 48 55 56 59 60 65 67 69 74 75 76 79 80 83 84 85 86 91 93 94 97 99 100 0
2 3 4 7 8 11 14 15 17 18 19 20 22 23 27 28 30 31 33 37 42 44 45 46 47 51 52 53 55 56 59 62 63 64 66 71 72 76 77 78 80 82 83 84 89 90 92 94 96 0
3 4 7 11 15 17 18 23 24 26 27 28 32 36 38 42 45 49 51 53 56 59 60 61 62 63 64 68 69 70 71 72 76 78 80 81 82 85 89 90 91 93 94 99 0
2 4 9 10 11 12 13 15 17 18 21 22 30 34 37 40 41 43 45 47 51 52 54 55 56 57 58 61 64 69 70 72 73 75 78 79 81 86 87 90 91 93 96 99 100 0
1 2 5 9 10 11 15 16 18 19 20 22 23 25 27 29 30 31 32 33 36 37 38 39 41 44 49 55 56 57 58 59 60 62 65 66 71 73 74 78 80 83 84 86 87 92 0
1 2 5 6 10 11 12 13 16 18 19 20 24 26 28 30 31 32 33 37 38 39 40 42 45 47 50 52 55 57 59 61 68 76 79 81 83 84 85 86 89 93 94 98 99 100 0
5 6 7 9 12 13 16 17 18 20 21 23 28 29 32 35 36 38 40 41 42 47 49 58 59 60 62 65 66 68 71 72 75 77 78 79 81 82 83 85 87 88 89 92 93 95 99 100 0
1 4 5 11 13 15 17 20 23 25 29 30 32 33 36 39 40 44 46 48 51 55 56 60 61 63 64 65 67 68 72 74 75 76 77 85 88 90 95 98 0
2 3 7 8 11 12 15 17 18 20 21 22 24 25 28 31 34 35 37 38 39 40 42 43 44 45 50 51 53 56 57 58 59 63 65 70 74 78 79 80 83 87 90 93 94 95 99 100 0
1 4 5 13 14 18 19 21 22 23 26 28 29 31 37 38 39 40 41 42 43 45 46 54 55 58 60 61 62 65 66 69 70 71 72 76 79 80 82 83 84 85 87 88 94 97 98 99 100 0
1 2 3 6 7 9 10 11 13 14 15 20 21 22 25 27 29 30 31 34 35 36 37 39 40 46 49 52 53 54 57 62 63 65 67 71 75 80 82 83 85 88 92 93 94 95 96 97 98 99 100 0
4 6 8 9 12 13 17 19 21 22 25 26 28 30 33 36 37 38 43 44 45 47 48 49 50 53 56 57 60 71 72 73 77 78 86 87 88 89 93 94 99 0
2 6 7 9 14 16 17 18 19 21 23 24 25 31 36 41 43 44 45 47 48 50 51 52 54 55 58 59 61 62 64 65 68 72 75 77 79 80 81 82 83 84 87 89 91 93 95 97 98 99 100 0
1 2 3 5 7 8 10 12 13 14 16 17 22 24 25 28 30 31 35 38 42 45 47 51 52 53 54 56 57 59 61 62 63 64 65 66 68 71 72 73 74 82 84 87 90 96 97 100 0
2 5 7 9 13 15 16 17 21 23 24 25 26 28 30 31 34 35 36 48 51 62 65 66 70 71 75 76 77 80 81 82 84 89 90 91 92 97 98 99 100 0
5 6 7 11 12 13 15 16 18 25 26 29 30 32 40 43 44 45 48 49 50 51 53 54 55 56 58 60 63 64 68 71 80 81 82 84 88 90 92 93 94 96 100 0
3 4 5 6 7 12 17 18 23 24 25 26 28 30 32 33 38 40 41 42 43 46 47 51 52 57 62 63 65 66 70 72 75 76 77 78 86 88 90 91 96 97 0
1 2 3 6 9 11 12 14 16 19 21 23 25 27 29 30 31 32 39 40 41 43 45 47 49 56 58 60 64 66 70 71 73 74 76 79 80 83 84 85 86 91 92 94 95 96 98 100 0
2 4 6 11 12 13 14 15 16 18 24 25 29 31 32 35 36 42 44 45 46 47 48 49 57 58 61 63 67 68 72 73 74 78 80 83 84 86 88 91 94 96 98 100 0
1 2 6 8 11 12 20 21 22 24 27 28 29 31 33 34 37 38 39 40 41 43 44 46 49 52 53 55 60 61 63 64 66 68 70 74 76 79 80 87 89 91 92 93 0
1 2 3 4 7 15 16 22 23 24 26 28 29 30 31 32 33 37 39 40 41 42 44 45 47 48 50 51 53 54 57 59 62 67 69 72 73 76 80 83 87 89 90 92 93 94 95 96 100 0
1 3 5 6 7 11 12 13 22 24 25 28 34 38 39 41 43 44 49 51 52 53 55 58 59 63 65 66 67 68 69 73 74 75 79 80 81 82 88 89 90 91 93 94 96 97 0
1 2 6 7 11 13 14 16 17 18 19 20 24 25 26 29 30 31 34 38 39 42 46 47 49 54 57 58 59 60 61 64 66 67 70 73 76 78 80 81 87 91 92 93 94 95 96 99 0
1 5 8 11 14 18 19 21 22 23 27 28 30 32 33 36 37 39 40 41 42 44 45 46 47 48 54 57 59 60 62 64 66 67 68 71 73 74 88 89 93 95 98 99 0
1 3 6 9 10 11 12 18 21 24 25 26 27 29 31 32 37 39 41 43 44 45 47 49 51 52 55 56 61 62 63 67 68 69 70 80 82 84 85 86 89 96 97 98 100 0
1 2 3 10 11 14 15 18 19 24 25 26 27 28 31 32 33 34 37 45 49 53 55 58 59 61 62 63 64 67 73 74 76 81 83 84 86 87 88 90 92 95 98 0
1 4 6 7 11 12 13 14 15 16 17 20 21 24 25 27 28 30 34 35 37 38 40 47 50 51 52 53 54 56 58 59 64 70 71 72 74 75 77 79 84 93 98 99 0
3 4 5 10 13 15 19 21 24 26 27 29 32 33 35 38 39 40 43 47 48 54 57 58 59 60 65 69 72 75 77 78 79 84 89 93 95 99 100 0
1 3 8 9 14 15 17 19 20 24 25 26 28 31 39 41 43 44 47 48 49 52 53 54 56 58 59 63 65 66 68 69 70 72 76 78 79 80 82 83 86 87 88 90 93 95 96 97 98 99 0
5 10 11 12 14 16 18 20 21 23 25 27 28 29 30 34 35 36 37 39 40 43 46 47 49 50 54 55 59 62 63 64 65 72 74 75 79 81 83 84 85 86 87 88 94 95 98 100 0
2 4 5 6 9 11 12 13 15 17 18 23 24 25 28 30 31 32 33 35 36 37 42 43 44 45 46 49 52 54 55 59 60 62 64 65 66 67 68 70 71 76 80 82 91 97 100 0
1 3 7 8 10 13 18 19 21 22 28 29 30 31 34 38 39 42 45 46 48 49 51 54 58 59 60 61 62 63 65 68 72 79 80 82 83 84 85 86 87 92 94 97 99 0
2 3 7 9 11 12 14 17 19 21 22 24 26 27 29 34 37 39 40 41 47 49 51 52 56 59 60 63 66 68 70 71 72 73 75 76 78 79 80 81 82 83 84 86 87 88 89 93 99 0
1 2 3 4 8 9 10 19 21 25 27 28 30 32 34 36 37 39 40 42 43 46 48 49 50 52 53 57 61 63 66 71 73 78 79 83 84 85 89 93 96 98 0
2 3 4 6 7 9 11 13 14 16 18 23 24 25 26 30 31 34 41 46 52 53 56 57 58 59 60 61 65 66 68 72 79 80 81 82 88 90 94 97 99 0
2 6 7 8 10 11 12 13 16 18 19 21 23 25 26 28 33 38 40 45 48 52 55 58 59 60 62 63 64 67 71 75 78 79 80 84 87 89 91 92 93 95 96 0
1 4 6 9 10 16 19 24 27 29 32 34 35 37 41 42 45 46 51 54 55 57 58 61 62 63 64 67 68 72 74 76 80 83 85 86 87 88 91 93 0
