500 0
42 196 215 217 245 272 289 293 299 321 334 386 477 0
5 18 85 116 178 183 283 286 310 326 345 350 352 391 413 422 440 450 455 484 0
39 41 80 87 132 163 201 261 293 297 299 308 332 342 346 361 366 399 401 409 481 0
10 18 71 96 133 160 231 243 252 254 275 284 301 341 364 393 457 468 480 0
49 66 145 161 162 180 214 215 227 265 282 288 291 372 423 462 492 498 0
30 46 89 111 117 122 132 133 162 191 293 317 365 421 425 442 445 465 474 476 0
5 30 44 103 190 193 240 264 324 332 334 340 349 357 364 386 468 482 483 486 0
5 27 31 40 114 123 136 227 233 256 273 352 363 381 452 485 0
24 27 32 42 97 132 181 212 255 259 278 306 328 383 396 404 415 441 448 455 467 0
25 26 45 59 80 106 112 216 221 242 253 278 285 326 353 364 367 380 397 404 445 475 0
12 13 26 39 77 117 129 132 166 172 221 292 341 357 495 0
10 34 44 46 48 136 140 204 231 255 261 269 285 350 352 437 448 0
25 33 85 86 100 104 205 222 283 287 298 393 405 423 464 469 495 0
8 15 21 33 73 77 162 227 250 337 358 386 428 465 481 491 0
10 36 127 143 153 187 197 200 207 257 259 274 295 314 328 344 395 440 483 497 0
18 23 25 50 56 60 104 113 114 160 183 185 213 276 305 306 344 445 448 451 478 496 0
28 48 93 133 191 225 226 239 241 282 307 309 373 394 414 445 0
3 8 14 34 74 86 87 95 104 112 155 191 195 198 211 212 250 263 264 297 301 386 394 399 406 446 487 0
15 33 57 81 93 96 100 115 159 183 194 198 200 214 290 292 297 374 409 430 441 490 0
10 41 43 57 75 106 117 141 161 166 187 213 223 260 270 290 324 341 358 368 371 380 420 439 453 0
29 53 63 184 195 204 243 246 263 383 395 422 431 432 0
54 68 75 82 83 117 134 176 178 215 225 242 269 288 304 310 338 370 392 415 418 424 435 487 0
8 15 45 68 99 120 159 162 195 243 251 303 308 324 354 360 421 437 438 445 460 478 491 0
23 34 142 169 200 253 298 299 338 361 435 441 473 489 0
28 49 80 82 102 147 154 159 194 219 261 267 312 327 328 331 338 406 462 464 465 491 0
3 6 34 76 97 126 171 214 234 259 299 311 329 376 391 403 414 497 0
15 30 34 107 110 162 193 211 214 222 234 247 306 313 340 366 403 438 446 0
22 51 65 102 103 112 158 251 285 295 401 419 495 0
6 22 32 39 42 84 85 108 135 206 326 342 367 374 378 389 407 410 416 424 452 0
24 29 37 39 55 107 110 124 146 215 243 259 267 316 327 341 377 384 410 428 463 466 0
40 42 65 77 82 125 127 197 245 316 318 330 343 362 380 386 418 458 0
15 33 41 96 98 99 145 184 199 243 266 280 310 406 449 459 485 492 0
16 19 27 35 61 75 122 162 179 185 195 206 221 227 231 257 269 345 368 410 415 430 456 486 0
8 24 36 50 66 97 107 110 124 145 151 165 179 180 224 274 288 330 360 404 416 433 486 491 0
91 172 215 236 278 325 330 388 402 404 447 454 0
3 70 71 77 161 183 207 208 244 250 256 264 296 371 372 388 399 420 467 468 0
5 32 66 103 104 117 119 168 175 189 196 203 312 321 344 347 377 391 396 402 415 444 451 483 0
29 71 77 100 118 146 167 181 191 215 219 223 282 285 347 383 414 425 428 0
51 56 58 85 110 121 168 169 189 190 226 227 250 259 273 284 316 335 345 365 440 444 466 0
19 23 38 46 64 89 144 163 302 308 380 386 400 405 414 461 0
4 94 105 108 111 142 184 193 194 252 267 320 323 330 340 380 404 433 450 453 500 0
10 11 63 79 133 185 202 242 290 297 318 332 334 343 374 470 487 491 0
22 31 32 66 71 118 122 123 132 141 150 163 184 190 199 253 262 303 330 346 370 376 412 427 450 466 492 0
20 78 106 113 127 134 137 147 158 166 184 207 213 220 222 234 241 313 319 324 333 362 442 461 463 0
14 50 102 109 126 136 145 147 184 187 215 248 252 264 277 285 313 326 350 383 409 428 439 495 496 0
34 39 51 68 69 73 84 91 118 154 174 231 255 278 285 290 339 374 424 435 441 0
36 63 84 94 108 166 170 234 241 286 301 303 304 348 356 364 375 400 469 471 491 0
3 9 13 16 36 50 51 67 137 170 219 236 239 288 298 333 383 464 475 0
1 3 4 59 103 113 160 180 204 218 244 294 303 313 337 355 372 425 431 458 459 479 491 495 0
36 38 65 67 68 69 82 108 136 155 207 241 277 302 344 348 363 373 380 381 473 488 0
15 23 25 36 96 99 122 151 172 191 267 294 296 364 394 413 417 431 466 0
17 29 54 59 100 102 116 137 202 250 333 336 379 382 407 446 0
6 17 18 136 161 162 175 177 183 184 291 305 341 351 382 400 408 450 463 485 491 0
15 31 48 69 90 105 119 129 154 156 205 270 274 287 303 356 364 367 369 383 385 414 424 442 445 447 480 490 0
42 72 74 76 99 122 173 176 190 234 235 246 277 286 373 389 391 437 463 0
13 15 79 83 114 121 138 149 182 185 234 238 253 287 302 316 330 355 356 364 372 376 402 429 477 498 0
9 39 48 62 178 191 193 237 305 341 370 402 410 421 470 483 486 489 0
8 61 73 83 87 88 166 167 200 205 220 235 250 263 265 279 284 329 350 351 365 367 392 437 0
13 28 45 70 77 92 95 130 143 149 178 179 182 189 191 234 296 319 325 339 355 370 373 389 392 408 464 494 0
4 77 117 121 167 183 217 234 250 254 255 258 264 356 362 413 462 467 468 471 0
14 30 52 62 70 74 84 94 171 211 231 235 237 242 255 279 282 303 307 314 336 358 372 398 422 446 448 457 473 474 477 478 485 0
16 43 66 70 74 78 83 104 114 115 143 151 159 165 176 177 178 195 204 271 277 286 300 304 305 329 333 345 365 480 497 0
46 54 82 95 134 207 228 231 235 268 278 294 296 314 350 360 397 403 414 434 460 471 0
38 105 108 117 158 207 216 224 240 290 291 323 357 365 393 482 0
20 26 30 54 123 136 147 163 176 177 179 193 205 254 259 278 291 312 316 317 321 376 483 0
10 70 79 84 89 107 110 129 178 215 254 262 275 278 312 326 343 350 360 364 383 410 445 461 488 0
9 23 90 91 102 104 105 120 196 206 254 278 312 331 335 339 342 363 389 396 408 416 427 436 447 463 468 488 493 0
53 164 235 243 252 288 293 299 337 382 403 418 450 476 0
2 6 15 42 80 136 152 154 213 219 245 257 262 283 308 313 370 383 437 0
47 50 62 94 99 138 205 252 253 272 278 283 296 322 332 372 374 407 433 450 464 465 0
35 120 125 142 199 213 224 227 261 281 313 324 332 333 346 348 379 428 429 486 0
9 37 66 85 157 191 244 257 273 293 298 305 337 347 354 376 410 455 477 481 499 0
16 36 90 174 281 297 343 442 0
2 4 14 25 28 83 100 114 159 215 241 288 299 339 371 386 389 405 493 0
38 43 54 55 129 167 193 251 269 294 300 301 302 335 339 355 356 358 377 406 431 481 0
68 94 118 119 154 163 177 207 210 221 262 292 301 307 314 362 445 0
6 12 16 48 83 203 218 297 319 332 337 355 370 389 406 416 456 495 0
60 72 193 220 245 275 294 314 316 351 364 365 379 384 0
18 27 150 225 240 268 269 271 273 325 327 329 355 365 382 386 388 428 447 452 473 0
3 9 10 33 59 90 100 106 127 153 189 194 206 246 257 268 296 338 339 346 385 398 472 0
1 16 68 70 100 136 144 169 213 241 247 276 296 301 311 348 365 375 384 408 445 448 0
1 46 56 60 81 106 119 128 130 184 194 201 222 246 249 259 272 396 404 413 438 0
15 254 328 334 356 382 399 414 419 432 445 466 472 493 0
29 54 73 137 182 183 213 237 259 267 333 339 390 391 393 482 0
14 27 72 78 178 283 338 440 496 0
16 32 45 54 63 95 101 102 114 138 152 171 173 225 258 274 280 294 362 365 409 434 444 453 457 467 495 0
15 17 55 57 85 127 142 162 204 212 250 288 290 317 342 357 358 370 397 485 486 0
1 29 38 67 74 76 106 136 202 231 282 370 371 374 458 471 479 0
16 66 76 77 111 139 154 180 190 332 372 387 394 436 455 491 0
44 48 57 84 117 122 148 157 160 195 220 221 233 234 242 263 266 295 314 315 325 361 404 417 421 422 438 454 0
76 89 93 149 269 281 303 315 330 335 374 375 382 417 478 480 0
34 39 52 83 97 115 134 136 188 196 200 208 222 232 245 251 281 290 353 400 411 463 489 0
36 83 104 106 127 132 133 182 200 209 230 292 327 402 404 422 447 460 480 482 0
8 88 92 130 145 154 177 186 188 233 269 284 298 311 318 349 375 433 448 464 467 474 484 495 0
9 15 54 62 177 190 264 308 311 318 348 354 399 425 449 481 0
16 38 39 42 56 78 85 122 125 183 193 228 268 287 307 328 367 369 376 406 418 476 499 0
1 7 65 74 77 88 137 143 179 256 266 298 328 367 384 388 394 396 414 431 433 434 460 486 0
7 31 58 91 116 158 167 185 187 238 244 257 289 314 337 406 424 432 455 467 471 0
103 147 214 265 345 350 389 430 432 440 447 457 460 494 0
8 51 72 83 139 170 200 227 235 267 272 277 284 323 376 399 454 469 486 0
1 8 15 18 72 83 89 111 145 175 194 200 218 236 239 370 373 376 383 423 469 475 478 0
30 104 242 275 295 302 310 331 362 391 393 426 440 448 487 495 0
2 22 24 32 68 96 149 158 196 216 266 275 387 436 446 457 470 473 0
3 7 79 100 103 106 157 179 191 201 240 243 245 257 268 286 307 320 327 344 357 380 381 382 399 416 495 0
65 90 132 142 171 212 219 258 259 294 297 298 300 341 356 494 0
43 84 88 91 97 101 105 130 131 138 142 192 205 222 324 344 345 377 379 401 493 0
12 14 28 36 122 142 143 171 181 190 210 267 290 306 313 322 384 419 442 456 470 0
17 96 103 149 172 179 226 232 251 279 312 323 338 365 373 390 408 446 447 462 497 500 0
46 191 229 235 266 278 289 300 323 339 340 350 351 358 377 383 386 411 0
4 5 41 98 106 128 137 150 169 219 225 245 316 324 360 394 461 487 494 0
27 63 84 121 142 160 186 303 328 346 413 448 465 480 0
24 72 103 111 118 137 154 167 182 191 200 225 272 282 296 297 298 310 332 354 397 436 443 452 0
29 39 50 65 93 100 116 181 250 308 312 316 319 350 414 416 425 441 487 490 0
14 51 71 100 116 164 193 202 224 249 326 387 400 486 495 0
40 144 170 221 224 227 238 275 306 391 393 397 406 408 435 439 456 460 484 0
8 66 68 149 160 211 244 304 362 371 383 437 448 460 466 467 469 479 0
7 50 86 100 110 111 144 157 198 216 225 243 275 317 367 377 404 409 0
32 37 70 80 114 125 127 157 170 189 207 308 324 328 347 368 390 443 452 472 483 0
94 99 148 165 225 241 272 324 357 412 456 0
44 76 161 167 169 203 219 321 401 403 405 409 419 424 444 455 481 494 0
6 8 13 83 112 139 158 174 241 273 279 309 348 386 399 418 448 455 0
18 22 37 83 190 219 224 241 245 249 258 293 353 367 410 413 426 0
79 109 124 141 150 177 249 260 303 315 386 431 446 0
32 59 122 143 148 163 169 186 193 202 250 251 259 302 315 345 351 362 381 438 444 450 465 0
12 27 46 72 87 112 113 117 128 171 175 178 211 212 216 273 278 279 327 354 399 408 412 442 462 0
1 25 26 42 61 147 175 188 203 275 278 317 328 352 379 385 404 0
23 44 70 136 179 180 240 276 340 347 371 373 374 376 459 482 484 499 0
5 12 21 26 48 60 105 108 112 148 201 233 318 331 361 363 376 436 0
47 76 80 90 98 102 196 225 256 316 347 380 414 488 0
18 45 74 77 84 117 138 175 225 226 228 239 258 293 307 309 332 368 398 403 425 466 470 492 493 0
10 29 31 33 45 86 98 99 114 142 181 222 228 254 281 295 341 352 383 387 400 416 438 463 464 0
33 47 48 59 95 122 141 168 171 175 214 276 288 312 329 334 389 432 437 469 487 498 0
6 14 16 136 146 147 192 193 202 203 241 301 302 304 326 334 341 348 368 432 449 460 0
7 23 68 133 148 194 209 223 246 286 296 330 374 376 392 419 420 0
9 33 34 41 59 74 86 91 98 113 132 170 185 196 210 211 236 248 307 310 317 331 344 372 442 454 487 490 0
59 79 97 101 106 114 149 172 186 194 201 204 252 270 312 369 372 386 397 401 402 408 467 485 0
14 27 84 117 168 218 287 321 330 345 386 405 433 463 472 0
12 69 71 105 125 141 145 146 171 189 224 259 261 302 348 388 411 455 476 490 0
6 69 91 104 187 210 214 225 231 244 249 250 273 289 302 365 376 389 422 444 445 0
23 59 67 85 101 110 138 146 201 204 247 249 273 327 330 343 350 398 431 441 459 469 0
8 17 55 61 79 88 94 95 114 146 187 191 217 223 225 246 286 291 294 306 317 329 361 398 424 474 500 0
3 44 67 78 113 115 200 209 231 240 241 286 300 339 412 427 428 434 480 0
5 32 33 39 50 142 188 202 206 245 262 283 287 296 299 327 359 394 450 451 0
4 17 32 41 43 46 59 65 76 118 142 152 184 228 232 251 264 307 327 355 424 457 465 490 0
65 100 119 128 157 176 232 241 276 336 343 376 394 422 432 439 454 458 481 0
1 17 45 46 127 158 165 207 215 222 229 233 280 324 342 436 441 0
3 19 56 60 64 74 100 119 181 186 197 199 222 226 266 267 277 321 331 347 361 364 392 400 450 454 455 474 0
16 24 26 32 70 147 156 159 168 202 240 273 327 353 355 371 376 428 443 471 0
24 29 37 77 81 150 238 241 275 295 344 391 392 405 417 469 496 0
4 29 71 156 158 240 271 289 311 334 377 386 414 433 466 0
17 38 48 53 64 160 215 221 235 240 283 295 302 310 317 327 334 358 382 396 439 478 494 0
19 31 35 37 64 96 110 167 169 186 304 308 375 419 452 467 499 0
10 76 83 117 132 173 194 203 226 238 247 248 327 342 343 344 443 462 479 0
18 33 80 101 106 151 203 250 274 285 333 336 390 473 482 499 0
38 42 44 98 106 121 130 153 251 290 301 306 307 310 367 370 403 415 421 490 491 0
4 49 94 155 157 221 225 232 261 289 328 332 338 341 365 379 411 439 500 0
17 22 42 44 63 71 77 82 92 130 147 192 225 239 245 251 260 280 302 329 353 358 363 405 486 490 0
108 113 176 191 224 244 278 317 333 390 427 446 0
25 35 56 85 131 148 149 164 178 185 189 231 235 237 264 274 275 278 297 326 328 424 446 480 482 497 0
10 14 124 127 158 185 240 253 255 273 303 341 345 381 416 434 476 0
12 43 53 160 178 180 233 244 266 324 328 334 349 359 367 371 394 401 414 416 427 428 459 492 0
52 55 65 94 119 138 153 173 225 249 253 268 305 320 347 368 433 436 488 496 0
30 34 41 59 89 108 110 129 165 195 206 233 245 328 384 385 408 432 463 481 0
27 30 95 113 176 178 238 241 293 358 378 401 406 429 467 0
1 121 154 199 228 236 239 320 330 354 374 388 421 467 476 0
10 17 26 48 72 134 201 214 227 246 326 339 406 427 445 471 472 489 0
25 41 67 155 173 212 284 309 317 363 397 480 0
10 38 46 50 51 63 171 207 219 226 277 360 446 494 0
5 42 63 79 96 119 128 143 204 229 256 271 295 298 303 311 322 327 398 422 423 431 437 457 463 493 495 0
63 68 82 84 132 142 162 176 247 269 291 325 336 360 366 410 424 447 453 465 0
9 63 78 100 110 137 138 162 198 217 246 254 256 310 347 371 378 399 405 420 458 462 0
43 44 107 150 160 178 180 204 205 218 224 253 258 270 285 319 363 365 394 498 0
36 46 52 57 60 93 121 168 193 222 233 244 258 269 271 274 276 288 298 326 335 337 343 373 383 436 457 462 495 500 0
20 49 50 55 96 111 129 157 162 190 236 243 253 278 279 300 306 327 328 336 361 387 389 430 446 476 477 495 0
3 26 71 74 109 110 114 128 138 148 183 221 222 280 302 315 327 336 343 367 369 376 416 448 449 460 474 491 0
31 35 47 58 74 131 211 219 223 237 276 290 346 390 494 0
8 24 68 80 101 156 197 239 267 328 329 360 418 420 422 476 0
39 50 51 55 90 117 122 147 183 204 210 220 246 319 347 354 376 379 435 437 443 445 449 464 490 0
31 98 150 213 234 239 265 267 278 292 307 325 372 398 419 439 467 476 482 0
7 15 70 78 83 88 123 126 184 197 220 234 280 304 317 327 390 420 441 479 480 483 485 0
13 20 25 42 51 84 131 135 138 159 244 259 282 286 313 370 399 410 423 424 455 460 0
22 26 34 65 85 102 126 161 196 203 217 358 366 409 419 424 490 492 498 0
10 25 29 49 114 136 154 173 201 212 242 273 281 299 307 354 359 362 368 384 451 469 488 490 0
17 45 55 94 97 155 170 205 226 292 327 337 356 391 392 402 436 438 482 494 0
17 86 100 104 116 138 140 151 155 169 217 225 260 279 288 294 352 408 411 421 423 434 443 447 448 471 0
26 28 54 91 112 119 128 171 242 253 258 272 323 377 390 420 425 447 498 0
8 135 144 203 223 296 318 331 383 385 456 0
43 46 72 113 151 160 180 279 302 349 415 430 439 464 466 468 477 481 489 0
36 37 39 50 58 71 135 162 164 166 224 241 260 272 314 321 324 334 340 392 435 446 449 465 468 472 489 0
3 13 34 93 121 215 227 228 282 296 361 424 425 432 459 0
37 69 82 86 87 103 116 184 209 220 276 285 299 324 376 378 419 425 435 473 498 0
4 55 60 87 101 138 154 181 215 217 237 291 355 410 438 447 497 0
130 144 146 164 182 275 318 339 359 362 365 381 437 442 469 479 490 499 0
6 18 19 55 67 85 202 204 214 226 241 278 279 289 335 378 432 481 490 0
17 72 117 140 146 187 255 267 268 271 283 364 394 424 439 461 495 0
3 11 52 53 67 79 149 194 259 333 337 372 436 474 0
8 19 24 71 75 88 127 140 151 172 281 373 379 384 416 430 449 475 477 486 489 492 0
7 64 76 162 175 178 193 215 216 219 224 238 245 337 357 411 431 443 444 467 471 0
87 92 131 136 146 161 217 227 326 355 387 388 392 429 431 484 0
22 52 55 66 67 81 161 162 215 249 425 442 0
17 95 103 122 123 127 139 178 181 186 203 237 250 259 292 343 344 389 416 419 448 456 0
1 13 41 69 86 91 107 131 146 167 178 197 219 234 245 289 308 361 363 447 492 493 496 0
5 25 115 161 195 204 212 254 257 271 284 333 339 358 392 417 426 453 480 490 500 0
83 125 144 148 174 184 243 317 337 356 362 395 408 448 462 488 0
20 34 73 108 137 138 139 171 225 246 264 287 322 339 344 351 359 0
4 33 35 74 76 113 128 185 188 210 232 246 270 318 323 334 361 362 399 401 457 482 488 0
20 34 61 75 117 134 174 176 223 230 246 262 269 281 295 296 302 304 316 329 414 474 482 489 0
32 49 57 69 118 214 253 268 287 306 367 393 394 407 419 449 462 0
25 37 54 69 82 94 166 170 171 182 199 228 235 251 277 288 294 315 319 449 478 0
44 66 140 178 189 205 236 326 339 342 345 385 394 430 442 485 0
8 19 21 48 81 89 128 133 135 144 172 186 191 201 253 260 279 285 312 316 322 335 382 384 393 0
2 7 26 56 69 111 120 125 168 171 184 191 242 252 256 263 277 297 374 377 379 487 0
14 16 60 144 153 163 247 258 339 361 364 375 376 395 397 407 418 472 0
29 37 45 96 123 147 200 207 222 265 280 314 322 327 383 390 396 402 445 477 0
5 26 57 62 92 120 125 136 222 271 290 315 323 354 389 416 445 461 463 477 478 0
13 26 34 83 127 150 155 204 229 234 269 294 309 349 355 356 388 418 425 466 495 0
13 43 53 68 82 91 96 103 152 174 231 263 292 324 328 346 381 406 442 469 495 0
40 80 96 112 159 203 271 313 319 325 331 339 360 461 497 0
18 75 77 82 109 111 120 130 137 146 197 205 216 382 396 412 424 451 488 0
53 74 116 119 161 165 303 311 322 335 337 339 372 405 480 0
29 64 81 120 146 176 184 196 216 272 282 362 393 441 444 470 0
3 14 26 42 44 52 69 93 111 159 168 176 210 238 241 264 291 323 377 378 389 394 453 476 480 493 0
1 58 71 92 123 129 155 189 235 238 242 271 328 364 376 400 412 423 485 0
1 9 23 103 111 132 150 190 214 242 253 261 267 279 331 342 391 411 433 460 0
33 51 54 55 61 69 70 89 92 120 149 151 154 242 325 378 454 0
9 15 34 72 80 100 136 137 148 191 228 243 255 274 311 359 365 417 441 466 471 498 0
13 18 59 102 109 115 125 155 178 189 194 204 210 243 299 351 360 415 416 428 432 437 449 450 464 465 0
26 34 64 103 117 119 130 235 237 246 248 329 334 347 352 361 387 390 395 419 448 457 469 487 0
14 16 114 118 119 130 138 144 145 179 224 235 247 264 269 297 313 324 386 387 425 485 0
3 15 28 42 46 73 77 78 86 101 118 166 203 271 272 284 322 339 348 390 407 449 484 0
1 3 6 16 17 20 115 177 186 211 225 271 273 316 345 364 396 404 433 445 448 456 469 0
6 26 85 91 133 149 157 166 173 211 218 315 330 355 361 386 405 412 424 430 486 494 0
31 53 62 111 151 158 174 180 232 248 250 275 293 301 312 324 326 356 360 372 461 473 477 484 495 0
65 103 189 206 224 288 305 309 322 337 349 390 423 460 464 466 467 0
4 22 85 124 132 133 199 200 269 271 287 309 323 359 410 433 0
1 5 117 119 139 153 167 180 184 223 238 295 312 371 378 394 409 415 426 476 0
4 91 93 112 116 212 278 323 399 417 438 448 481 482 0
36 112 132 141 144 230 312 330 358 361 436 451 459 472 481 482 484 0
6 10 40 59 79 112 128 130 131 142 146 153 160 162 184 221 232 244 290 299 304 345 493 495 0
2 35 50 121 130 153 163 165 298 313 315 327 343 346 435 442 479 481 498 0
48 63 193 196 220 231 237 264 269 330 360 379 404 417 426 498 499 0
3 11 55 82 87 128 161 205 216 233 239 277 286 305 345 381 388 446 466 473 0
15 27 45 65 77 104 115 118 141 172 180 188 200 207 361 385 410 424 426 473 0
13 15 53 95 149 193 206 229 251 254 257 260 262 268 280 302 317 334 407 0
58 80 133 146 181 190 218 240 252 253 315 319 326 406 451 0
5 15 99 100 114 146 163 165 186 188 192 256 275 338 355 392 409 431 461 467 487 493 0
35 81 98 107 130 149 163 200 285 374 383 398 430 440 455 475 480 0
10 56 65 80 98 130 201 218 298 323 337 340 364 388 408 451 483 0
28 39 46 49 53 69 70 98 99 102 148 176 178 184 196 222 239 242 290 305 333 381 390 408 428 441 489 0
6 35 38 48 60 63 69 75 121 141 148 158 187 195 339 348 356 369 374 413 442 0
40 68 150 165 230 233 241 297 361 414 416 455 464 483 0
9 31 35 53 60 89 95 168 172 180 198 206 256 275 299 327 329 334 354 356 381 417 433 449 455 460 496 0
1 20 21 54 66 92 108 150 165 242 263 279 281 322 335 352 358 402 479 482 495 497 0
83 111 215 231 261 265 280 331 359 386 394 398 416 418 478 486 0
44 69 75 97 124 135 161 170 187 188 190 202 212 235 277 315 339 342 353 370 394 405 432 496 0
4 37 45 65 135 164 169 187 197 283 310 321 333 348 367 491 0
56 62 72 113 136 179 185 200 240 287 307 351 498 0
22 31 45 86 97 103 104 120 152 199 200 234 266 345 382 387 417 433 440 441 492 0
10 68 77 98 115 140 145 148 156 195 217 312 326 346 356 395 413 440 463 486 500 0
62 66 67 74 90 93 110 169 172 175 187 190 200 213 221 233 238 240 255 296 367 387 415 460 492 0
7 57 104 118 147 153 183 202 255 269 288 318 350 379 380 488 0
91 111 130 139 156 228 231 233 279 300 329 365 414 426 440 457 482 483 496 0
7 15 29 39 77 86 120 164 168 190 223 275 289 300 353 405 418 432 434 449 470 471 0
2 33 80 102 194 201 244 254 268 337 368 377 378 399 416 420 439 448 465 0
85 101 121 124 130 207 250 286 318 347 355 419 426 439 473 492 0
34 92 152 188 205 246 286 301 322 340 398 402 418 444 476 0
24 36 39 68 72 106 129 150 162 181 214 237 248 290 299 353 365 463 465 0
11 25 29 59 63 170 172 209 265 299 308 353 381 0
17 20 42 62 68 94 137 166 186 187 199 207 224 241 264 272 285 286 290 311 312 318 366 377 410 494 0
17 253 254 272 273 299 306 313 317 321 329 342 369 387 411 457 493 0
7 11 40 44 80 94 95 101 104 159 194 250 261 282 308 320 375 445 460 462 485 0
9 17 93 110 166 176 194 219 228 305 317 324 332 347 353 392 416 421 422 474 0
19 80 93 113 122 131 140 172 193 205 218 238 308 335 365 388 447 0
64 113 117 128 147 148 204 263 283 308 331 336 360 374 381 383 385 394 428 463 467 473 477 0
20 53 58 95 115 127 139 155 157 198 217 249 281 284 295 343 367 440 0
22 53 78 85 88 101 136 154 175 202 228 237 270 328 358 376 391 393 415 436 459 460 473 0
3 6 32 109 123 148 205 211 246 261 365 382 392 478 0
69 95 107 170 174 179 215 219 256 271 335 338 390 396 499 0
14 85 99 127 164 168 327 330 337 374 410 0
9 50 69 145 216 220 229 245 283 292 300 323 337 349 387 397 402 403 480 0
36 51 63 126 131 164 169 196 210 283 335 346 367 386 393 444 482 0
23 45 50 68 73 83 92 100 150 151 168 202 209 256 298 324 351 373 418 445 459 483 493 0
59 75 101 111 139 143 189 192 200 225 284 336 408 409 440 458 464 497 0
56 58 64 89 98 105 125 200 231 255 257 260 281 296 323 374 376 381 385 445 475 490 0
12 77 87 94 151 160 207 252 272 301 336 350 395 410 416 432 440 0
32 40 61 108 127 139 144 145 187 218 249 257 269 296 344 351 367 396 404 421 471 0
53 56 81 88 122 163 185 199 203 218 228 311 328 438 446 466 472 488 500 0
64 96 100 157 209 232 251 294 314 346 357 381 397 459 461 478 494 0
11 40 71 72 85 106 133 142 193 210 212 252 261 345 350 361 379 384 389 425 476 489 0
63 164 212 238 248 249 259 264 270 284 326 334 378 485 0
23 24 67 89 97 105 119 227 356 369 372 404 424 426 433 434 436 478 496 0
1 78 99 117 145 160 163 174 190 223 247 272 298 305 309 359 360 364 375 381 421 488 497 498 0
19 47 70 150 158 170 208 212 287 381 463 0
23 62 93 106 109 151 162 185 198 268 312 322 365 370 395 408 409 444 445 490 500 0
50 69 72 94 125 148 171 189 195 281 306 331 340 351 358 418 459 479 489 0
8 23 47 53 151 159 216 233 249 310 317 348 354 384 390 469 0
78 79 91 117 193 286 314 328 337 390 395 434 471 496 0
27 70 74 90 105 190 198 238 329 330 350 372 383 418 453 473 480 0
25 37 51 98 113 132 150 182 195 249 271 281 289 320 328 330 405 437 459 0
30 36 39 91 99 100 116 167 199 204 210 225 230 242 244 245 287 299 323 346 379 397 445 477 0
16 22 70 137 174 222 226 265 280 306 321 331 346 351 352 403 436 449 473 480 481 0
15 28 37 39 47 54 56 144 151 161 210 211 215 248 262 287 290 296 300 323 360 374 414 415 467 490 0
26 27 54 73 78 83 161 182 205 219 293 314 435 474 475 498 0
63 83 94 138 197 218 225 293 331 410 471 0
11 13 46 179 181 190 211 224 241 269 285 289 350 373 385 424 452 462 466 496 0
5 8 10 36 42 52 75 105 111 135 167 190 226 279 308 309 311 321 392 453 484 0
45 57 77 103 140 161 236 303 323 341 355 468 489 0
8 22 39 43 53 54 73 103 153 155 159 175 177 182 247 261 298 303 305 307 338 366 375 415 425 0
17 27 41 53 57 133 241 283 287 343 347 363 430 449 490 0
1 22 24 29 32 165 186 216 238 280 318 348 421 464 485 491 0
16 20 23 28 78 150 156 171 187 221 227 243 247 253 279 302 371 397 419 459 496 0
24 31 47 65 124 158 192 194 215 219 242 249 299 315 319 329 337 344 382 387 409 436 497 0
22 53 59 60 88 94 103 129 145 200 226 267 279 303 310 312 350 432 434 499 0
1 5 19 38 45 52 183 186 275 279 281 290 301 317 357 445 450 476 0
6 28 38 60 97 213 216 273 285 294 332 343 373 377 398 401 437 497 0
27 35 55 73 119 145 189 191 235 315 336 338 360 367 377 396 473 480 0
47 49 86 105 156 165 215 218 250 258 276 291 298 342 361 422 457 463 482 483 0
1 16 27 167 196 209 241 299 310 315 368 372 373 417 427 433 451 468 477 480 0
17 41 96 123 137 210 232 237 242 244 266 284 302 303 328 376 467 485 0
46 67 86 115 132 134 194 206 212 231 344 352 361 374 384 394 411 449 480 0
16 24 29 40 79 98 128 131 158 190 211 260 270 304 322 331 379 422 438 490 494 0
1 63 67 84 91 157 176 192 206 211 213 245 256 269 271 274 277 302 311 360 383 437 475 479 484 0
38 53 64 81 111 115 124 126 144 153 197 210 243 283 287 318 324 326 327 410 442 455 469 0
20 23 39 109 138 144 164 169 232 235 249 254 267 278 283 326 350 355 364 377 378 390 394 407 471 492 0
1 12 33 37 62 71 79 128 132 148 150 178 227 279 314 318 337 348 408 437 449 494 0
1 43 88 119 129 158 249 251 293 360 364 374 0
13 43 100 109 146 196 222 227 243 271 293 351 366 388 480 490 493 496 0
41 82 140 150 153 195 201 207 209 216 225 263 280 296 318 451 467 472 498 0
1 82 96 143 165 189 216 246 318 331 344 348 351 359 408 426 447 451 460 0
16 18 39 70 75 88 108 126 132 159 190 236 246 260 287 289 303 319 374 383 396 402 416 434 446 475 491 495 496 0
24 29 36 46 83 114 132 154 166 180 208 240 276 289 303 317 328 367 369 445 483 0
35 97 109 130 132 143 168 171 217 218 238 241 249 264 278 283 291 300 324 339 355 442 0
17 74 90 109 146 149 178 194 196 210 229 233 244 250 253 262 302 327 471 489 0
59 76 103 144 151 152 174 183 189 192 193 224 245 249 307 345 404 409 417 433 458 0
5 29 36 66 73 74 83 95 106 131 147 155 162 227 231 243 256 285 326 334 358 364 374 409 441 448 467 481 492 0
5 15 37 38 59 62 83 102 116 135 157 158 219 251 326 343 357 465 473 480 500 0
61 64 66 94 116 135 178 193 211 227 265 268 289 293 338 356 405 422 484 0
43 102 123 151 174 191 192 207 225 329 426 481 487 0
9 11 28 43 104 189 251 283 292 311 319 327 334 351 360 377 378 384 0
41 76 79 81 165 180 222 230 282 303 309 351 353 398 415 416 426 493 0
4 21 47 53 60 121 164 265 270 333 396 416 424 434 460 473 0
24 37 42 105 115 143 175 195 214 229 239 241 283 288 294 298 338 341 365 382 406 416 467 474 0
47 63 125 133 136 152 169 216 226 266 292 293 352 361 375 381 480 0
11 47 64 76 94 129 131 164 172 186 242 265 268 310 320 364 370 379 439 440 442 456 468 470 471 482 0
34 48 65 68 90 121 145 146 153 165 190 243 247 346 392 413 458 0
83 86 98 144 169 177 211 286 308 345 347 358 360 384 403 415 417 476 482 0
49 55 69 73 109 133 176 197 207 236 294 351 382 394 420 443 0
33 39 65 66 72 92 110 111 126 129 167 188 203 210 242 252 256 281 285 305 376 382 385 400 416 452 459 474 483 0
110 139 227 233 253 284 301 313 375 394 401 430 440 497 0
18 22 28 31 107 142 181 220 240 243 297 324 336 359 387 468 487 0
30 73 87 90 93 103 128 163 175 187 201 229 324 330 365 397 399 0
10 71 91 109 163 174 228 259 262 283 367 410 455 498 0
40 124 165 174 199 213 215 232 248 295 394 409 428 471 477 0
2 8 21 26 55 116 123 125 182 191 203 209 224 240 266 269 304 314 319 322 329 378 395 396 411 430 465 477 0
29 55 56 85 94 125 127 131 205 218 244 277 281 328 334 336 389 402 476 499 500 0
14 18 28 79 95 113 127 137 148 164 245 246 348 386 418 484 0
16 21 24 40 83 86 123 151 161 197 201 214 225 240 271 272 286 298 300 331 337 385 390 444 0
59 65 107 108 117 137 191 222 337 388 446 0
10 99 120 140 248 292 316 338 341 349 367 380 381 404 424 447 454 455 465 473 478 0
1 58 93 197 233 250 359 400 428 451 0
18 65 69 108 122 134 177 199 203 220 247 260 261 264 289 320 345 364 400 402 406 484 0
160 222 284 286 292 318 329 337 364 374 389 444 466 484 0
45 65 67 155 156 177 183 245 251 252 300 303 329 439 494 495 0
39 40 56 109 188 241 244 280 300 313 317 328 338 347 378 380 393 419 0
21 35 42 107 128 133 138 175 225 226 242 269 383 450 451 481 488 0
8 28 106 130 155 175 185 224 235 242 301 303 386 402 408 421 444 450 452 457 489 495 0
26 40 48 87 112 122 123 136 137 139 185 186 201 246 312 319 320 354 358 405 461 0
7 17 34 44 65 75 153 169 181 190 253 272 317 320 334 393 407 414 500 0
14 58 165 215 224 234 252 261 328 336 357 363 425 430 499 0
59 85 94 105 119 133 165 190 220 264 287 288 300 365 372 380 393 397 464 466 479 486 0
76 159 178 208 209 212 229 258 270 310 323 452 457 479 497 500 0
28 45 55 58 96 135 188 212 258 266 296 300 328 330 338 362 406 468 469 472 487 0
27 37 41 44 140 164 197 198 213 215 282 283 294 325 338 361 398 414 0
44 75 112 129 131 144 196 199 224 235 242 269 293 306 372 379 420 463 466 474 0
15 47 116 135 163 210 260 282 302 308 335 337 339 350 369 376 378 411 435 441 446 448 463 484 0
38 96 126 162 213 214 223 245 265 281 384 429 447 490 495 0
23 49 80 96 203 207 209 243 245 317 350 356 360 388 400 423 426 455 458 461 464 480 488 490 494 0
12 16 23 30 67 68 80 83 100 209 259 265 269 320 324 343 357 362 384 386 409 449 458 475 0
3 19 39 97 99 110 126 128 138 141 172 181 238 252 267 288 322 324 376 396 404 437 456 461 0
35 52 89 124 172 211 276 288 379 408 410 412 440 452 478 0
34 44 51 59 92 101 121 125 154 195 261 289 293 331 396 403 443 457 0
16 17 18 51 56 110 117 158 163 175 201 250 253 272 299 305 331 348 360 369 380 462 0
6 48 55 58 93 97 137 140 170 209 213 224 279 280 304 314 344 417 455 482 497 0
20 22 38 68 72 75 160 171 241 253 262 326 328 375 394 396 415 468 483 0
19 20 51 82 88 138 145 171 183 215 221 260 285 337 362 371 399 402 465 477 486 487 491 499 0
1 6 50 57 69 72 93 98 125 162 167 171 212 237 248 258 265 285 342 378 385 387 435 456 486 0
1 8 42 58 67 79 94 107 113 150 173 199 201 232 247 249 269 295 309 396 424 427 456 0
3 24 40 41 52 82 101 102 104 111 129 130 145 146 166 186 236 250 289 320 327 363 368 395 419 482 483 489 0
7 10 57 72 138 161 171 182 195 209 235 244 258 268 290 294 360 391 416 425 436 496 0
58 80 114 117 125 206 269 437 443 453 470 484 494 0
12 22 40 45 103 113 138 145 182 188 193 194 196 220 280 368 441 444 0
22 34 51 101 155 172 184 185 186 213 225 237 256 313 334 340 364 463 0
15 25 127 213 236 286 289 292 360 391 425 467 495 0
25 34 44 110 170 180 224 229 245 272 316 332 349 381 410 496 500 0
8 63 86 124 136 151 186 187 193 222 235 252 268 291 357 373 389 420 470 490 0
8 20 70 123 138 141 218 221 224 239 266 284 317 326 345 421 423 456 461 470 479 0
76 80 108 148 199 278 304 347 389 449 458 464 0
33 40 61 66 82 92 143 236 239 263 295 318 339 383 385 404 435 463 468 476 0
23 37 80 86 102 182 183 187 192 196 261 284 291 381 417 0
29 55 66 128 132 155 157 194 195 200 204 214 223 227 266 311 394 395 424 449 462 484 0
15 25 37 46 56 59 105 124 125 144 163 173 188 215 225 256 283 284 302 303 360 403 487 0
18 21 25 53 78 147 148 173 187 214 219 245 246 259 274 321 322 333 395 412 415 421 447 449 451 476 499 0
33 90 116 132 175 179 205 286 306 331 367 414 426 432 477 482 488 0
47 48 68 137 144 150 154 177 209 216 221 270 308 311 336 344 397 438 452 0
45 48 91 92 133 156 194 217 233 270 299 321 369 379 402 427 0
1 13 25 45 69 77 85 109 118 156 199 211 247 253 293 308 311 349 392 403 431 465 484 494 499 0
7 41 89 103 110 121 155 168 207 218 224 239 294 324 341 368 371 379 381 443 466 473 491 0
84 132 142 219 305 308 323 334 360 366 369 389 424 444 467 492 0
5 62 81 82 156 272 276 294 333 349 395 415 421 425 448 477 484 0
26 80 108 123 139 156 165 166 187 216 243 256 266 281 294 327 335 369 376 420 422 452 461 0
22 36 98 111 159 174 183 206 209 231 233 250 261 317 325 326 328 394 415 422 433 440 459 483 0
9 28 44 71 88 102 141 199 211 255 275 278 372 459 466 499 0
30 68 79 105 120 147 211 227 262 272 277 288 313 329 349 376 0
33 47 72 94 124 133 142 147 152 162 200 205 223 258 263 311 327 342 365 379 422 424 0
34 35 89 122 168 203 211 219 250 299 332 333 383 391 395 437 454 461 462 468 0
48 81 113 118 140 141 165 218 266 269 290 293 308 329 339 356 367 399 460 462 490 0
90 101 192 207 215 223 254 270 301 358 359 369 381 422 0
103 123 135 151 168 172 186 252 305 368 386 397 407 413 451 468 499 0
9 33 44 99 181 198 233 269 336 391 395 408 429 445 449 498 0
26 73 110 120 145 155 201 208 229 233 254 260 282 286 338 354 396 433 0
5 30 37 88 123 126 153 176 177 195 206 217 252 277 311 313 359 385 411 419 427 428 0
111 127 172 178 191 217 229 258 262 294 324 373 382 384 401 436 437 440 457 465 0
46 56 79 88 102 113 135 152 168 184 187 276 283 302 328 332 351 361 381 394 398 404 432 474 0
27 37 45 51 111 165 183 207 208 245 270 287 290 341 461 470 0
1 12 14 38 78 86 120 177 187 252 254 299 379 435 447 459 489 490 493 0
37 91 170 206 227 240 274 318 370 385 399 424 427 428 466 0
11 13 45 49 66 77 80 82 94 96 101 114 119 141 142 147 190 224 235 249 273 283 317 324 344 409 420 436 473 478 0
10 96 110 119 161 169 171 286 360 380 381 408 416 481 484 0
29 46 67 78 201 240 259 277 278 303 319 346 349 392 449 475 495 0
9 98 111 158 174 206 212 277 304 426 428 434 484 0
4 26 37 38 45 51 78 237 259 262 273 285 350 365 377 398 405 410 416 428 429 453 489 0
16 19 44 69 137 147 158 186 272 281 320 337 357 372 405 414 442 0
3 73 174 175 199 225 231 253 265 266 271 273 289 294 362 378 418 447 489 494 495 0
6 20 58 77 108 147 175 180 200 257 263 274 284 324 347 351 353 356 357 418 419 420 444 478 499 0
12 16 32 78 91 111 125 130 225 239 256 310 382 414 427 438 481 497 498 0
45 57 114 128 142 143 189 223 271 325 382 438 455 0
8 46 81 112 155 166 189 215 234 281 314 318 325 390 423 426 0
7 10 39 78 108 110 127 176 266 278 282 385 413 440 442 472 496 0
17 46 69 121 127 156 182 235 246 248 249 259 340 344 422 451 456 482 0
1 21 45 90 98 100 110 140 145 210 212 233 285 308 350 362 409 488 0
55 78 91 98 100 129 150 229 248 275 280 357 372 401 428 432 450 0
21 45 48 65 113 120 139 158 177 237 238 244 265 271 284 320 358 387 410 433 463 477 483 0
21 39 42 73 95 123 175 187 194 207 208 260 270 281 314 353 355 392 409 416 425 466 494 0
9 51 57 69 100 103 124 142 166 169 198 211 245 253 266 331 349 358 407 415 416 458 468 471 486 0
5 45 59 222 235 262 285 339 346 367 384 428 450 453 464 0
1 19 78 87 129 170 207 239 264 290 315 346 358 397 412 420 455 497 498 0
6 56 89 126 167 247 289 293 304 322 329 361 367 368 482 498 0
13 17 26 104 105 121 126 160 173 225 226 245 265 312 360 365 436 0
17 20 27 30 34 73 115 222 238 242 251 270 324 337 350 354 367 401 440 0
8 41 52 72 97 146 182 200 210 212 220 274 362 394 406 411 431 441 448 456 480 484 0
2 54 101 109 143 175 191 192 205 240 461 470 472 477 479 487 489 0
26 31 38 46 83 87 91 96 104 200 265 301 306 343 373 474 478 493 0
10 22 27 118 127 213 281 299 309 326 345 366 396 398 460 0
20 29 30 51 52 53 125 170 191 254 272 294 342 418 423 434 0
13 48 81 82 94 106 152 164 171 172 265 274 342 348 367 372 415 421 476 486 0
20 37 59 68 75 106 116 121 137 250 258 293 304 309 411 433 491 0
1 8 23 27 59 97 115 116 164 186 191 231 275 302 379 389 391 411 441 477 480 0
11 17 23 46 57 107 157 212 250 261 316 323 368 390 411 480 491 0
6 8 58 155 162 201 243 289 294 296 343 382 404 424 439 448 457 469 492 0
30 62 112 119 137 174 183 187 195 203 229 235 246 270 291 299 311 337 364 373 416 420 438 456 485 0
102 120 123 152 162 176 188 210 225 242 293 326 329 330 353 0
18 27 35 52 83 101 113 115 130 155 162 164 189 202 229 255 287 298 366 378 408 433 437 455 461 489 0
14 68 83 94 111 150 230 237 243 250 281 387 388 407 432 456 467 470 474 0
32 71 108 133 241 253 276 282 283 290 320 374 377 470 500 0
55 56 76 180 236 252 272 301 313 352 356 446 0
14 38 96 155 158 183 202 232 235 236 253 262 273 284 307 315 325 336 354 381 465 469 0
29 41 42 59 98 148 228 290 296 311 312 336 340 348 370 383 407 418 441 0
4 29 49 107 174 180 193 219 284 293 299 302 330 347 0
18 103 135 156 175 180 181 225 231 246 269 304 341 417 419 431 439 479 0
25 29 54 117 148 176 197 223 242 245 325 343 365 412 417 421 451 463 491 0
56 58 175 190 198 205 251 252 267 278 284 293 303 317 347 370 394 404 424 432 459 470 478 0
25 111 131 199 202 208 220 236 244 252 259 277 285 288 323 336 355 385 423 468 485 0
46 75 76 85 89 140 147 174 177 186 224 233 255 436 438 0
29 31 67 103 109 116 117 127 158 177 213 237 310 327 335 337 354 367 385 404 426 444 478 489 0
66 102 135 236 244 254 366 439 459 472 486 490 493 0
9 54 116 129 170 191 222 225 235 246 299 335 397 417 442 485 0
4 8 20 147 161 177 219 225 246 295 300 336 356 385 396 408 440 0
3 26 102 127 139 185 197 213 239 242 274 359 401 416 440 481 498 0
15 55 59 74 109 121 206 208 209 295 304 322 390 426 450 454 459 0
5 41 58 87 199 216 225 242 303 310 316 333 339 391 436 461 0
2 12 40 47 71 78 107 183 189 218 230 247 268 319 353 358 364 369 373 383 500 0
35 48 94 104 111 179 190 257 259 297 311 316 367 383 399 476 0
7 12 21 29 31 34 41 113 114 117 120 164 190 195 215 298 335 346 422 431 439 441 485 0
54 71 83 95 180 276 286 293 294 299 323 331 446 450 479 494 500 0
1 3 70 74 100 143 162 197 203 240 286 341 346 372 491 0
24 26 81 83 121 139 160 223 266 267 272 353 356 386 445 453 466 494 0
32 115 120 266 302 403 460 485 0
16 46 105 114 116 137 140 158 172 218 258 284 285 291 330 450 452 483 0
3 22 64 74 80 92 99 107 137 140 146 192 207 248 271 282 314 371 378 493 0
9 19 24 34 41 54 155 185 221 256 292 310 314 355 382 388 448 0
27 108 126 133 152 160 178 239 312 318 366 473 488 0
2 10 15 19 26 68 69 91 206 222 290 363 379 388 392 407 464 495 500 0
18 44 73 91 92 174 265 271 318 328 338 342 366 430 454 483 495 498 0
3 9 24 98 138 168 183 195 212 215 258 275 285 289 300 312 317 375 383 410 420 466 471 476 479 0
22 26 42 82 112 114 115 186 257 283 320 330 409 427 449 475 0
7 71 89 94 103 106 154 164 199 262 273 313 349 361 387 407 426 427 430 442 445 476 488 0
3 19 41 83 91 97 100 113 138 139 142 151 220 277 296 300 313 318 351 378 399 408 448 461 473 495 0
20 21 55 105 116 167 173 183 191 198 281 308 320 359 375 397 424 434 0
16 47 65 71 106 114 157 199 208 210 217 218 222 248 252 264 338 347 381 390 407 436 443 452 0
9 22 62 140 141 158 167 196 218 234 252 276 302 343 360 401 442 444 459 472 473 0
