300 1
5 34 57 80 94 97 137 154 191 199 210 216 219 231 236 265 272 283 284 290 299 0
15 19 20 31 33 36 80 84 86 103 104 131 143 146 148 160 164 167 173 209 217 226 258 0
8 51 61 80 92 99 107 108 113 128 170 174 183 186 187 201 206 232 240 245 258 259 273 290 0
23 46 53 65 79 84 91 100 106 130 150 157 169 182 190 230 256 257 287 288 297 0
2 6 12 21 56 57 70 78 82 109 148 150 154 168 170 179 181 189 212 246 253 258 259 260 268 0
19 27 39 40 48 50 64 70 81 101 103 114 117 124 152 178 179 183 185 202 210 212 238 239 242 272 277 283 0
12 30 36 63 64 76 83 95 106 112 136 142 152 157 163 189 219 238 240 254 261 270 289 296 299 0
10 19 22 61 67 93 110 121 122 134 135 136 141 161 167 171 175 186 199 204 217 225 251 252 259 294 296 299 0
1 22 30 41 57 68 91 116 131 162 163 169 179 187 199 206 210 219 228 254 257 260 276 0
5 21 22 28 39 41 51 52 54 87 92 96 101 126 127 144 148 155 177 180 200 201 218 231 247 264 274 276 279 287 0
34 62 71 79 96 102 105 137 142 183 198 212 217 220 229 232 250 267 283 287 290 291 0
1 21 45 57 72 76 95 107 111 114 117 128 129 145 151 168 193 231 233 244 247 248 253 254 261 278 0
1 12 20 37 65 75 101 104 118 141 168 170 187 193 220 227 228 229 233 234 246 248 252 257 266 295 0
9 16 53 63 93 149 155 159 178 223 226 261 268 269 275 278 284 0
8 10 30 53 54 58 75 94 108 109 137 153 161 176 178 184 195 201 207 243 296 298 0
3 4 6 18 28 32 47 59 82 88 92 94 96 100 103 107 109 124 136 146 150 153 164 170 184 191 232 253 264 272 276 0
3 10 13 24 27 50 58 63 67 70 86 105 110 116 137 140 142 151 161 171 197 207 224 227 242 253 258 272 282 288 0
10 38 44 60 67 91 119 145 149 166 174 182 185 190 202 213 226 239 243 244 258 259 264 272 274 284 287 291 297 0
17 21 24 27 28 29 42 45 55 67 71 88 93 96 121 133 135 160 204 207 214 216 225 255 262 269 271 277 295 299 0
4 5 9 23 44 49 59 60 66 68 78 90 98 109 114 116 120 132 170 175 181 183 185 193 211 219 222 224 225 231 245 272 0
6 10 19 28 37 49 54 65 83 84 88 93 99 105 129 135 142 145 147 149 153 156 177 184 212 214 216 217 222 225 243 245 250 272 284 290 0
5 7 43 48 62 75 86 102 111 122 134 149 151 154 166 169 186 204 221 237 239 262 264 271 275 281 284 0
4 19 26 50 60 67 76 94 146 151 153 156 214 241 243 252 269 278 0
14 21 34 46 48 62 66 81 83 86 89 98 99 109 121 133 149 159 161 165 177 180 183 188 194 201 212 242 257 265 266 268 297 299 0
2 9 14 31 34 49 70 74 79 93 99 101 116 135 143 200 205 233 237 240 258 263 275 286 294 299 0
7 10 16 33 36 61 65 85 107 110 130 142 143 145 146 154 188 205 224 225 234 239 253 254 261 292 0
1 4 16 22 61 79 88 120 126 159 175 188 190 192 204 229 233 235 244 253 0
12 19 46 57 72 91 107 128 131 136 138 145 154 175 184 187 206 214 239 241 257 264 296 0
20 35 36 53 58 62 84 106 107 128 129 141 178 179 198 213 216 227 244 272 279 297 0
36 44 65 88 93 123 124 140 142 143 152 169 172 193 196 244 250 268 280 294 0
24 25 30 33 38 45 47 50 53 62 91 105 112 126 133 141 161 171 173 177 178 192 197 211 216 230 237 239 247 250 255 259 276 287 299 0
5 15 27 31 38 50 67 72 104 120 124 150 154 170 171 175 183 207 228 233 235 241 242 255 263 264 267 293 294 0
1 30 56 70 74 103 131 140 143 187 200 205 228 235 270 279 293 0
21 51 80 86 96 100 105 132 151 154 177 182 189 194 216 256 263 289 298 0
19 20 21 25 29 42 50 59 60 74 112 114 119 123 131 134 141 152 153 172 174 187 193 201 207 232 240 245 259 274 283 290 295 0
45 47 69 99 120 124 134 141 157 165 193 195 207 216 217 218 228 231 238 247 265 297 0
36 41 55 74 79 81 91 107 122 165 168 177 180 183 192 195 208 211 215 217 221 239 256 269 271 272 295 0
3 25 31 40 62 94 117 127 144 166 168 172 173 177 178 196 221 228 232 241 266 0
4 6 42 46 76 91 109 111 127 135 145 154 160 161 164 167 191 216 235 246 247 255 261 0
5 18 32 39 44 52 62 76 94 99 139 142 151 182 183 202 217 229 232 233 243 245 249 252 254 267 274 282 285 297 0
2 9 15 25 55 57 66 93 94 102 113 114 115 137 164 175 180 213 222 223 232 236 253 265 291 296 0
11 20 47 76 104 114 116 119 122 135 141 144 146 159 167 187 201 230 269 278 296 0
26 32 39 64 79 82 85 93 109 114 130 134 141 142 163 179 189 194 209 221 234 264 273 274 296 300 0
4 29 30 40 46 53 57 68 73 132 134 154 168 185 211 225 229 237 241 246 256 290 0
1 3 18 24 30 40 54 61 66 70 86 99 115 126 133 154 169 175 197 217 231 234 237 243 259 267 273 275 283 289 292 0
9 25 56 98 99 101 113 116 132 133 145 150 183 187 193 210 213 224 232 256 260 283 292 295 0
1 26 33 43 52 59 68 83 93 111 137 163 186 206 209 213 214 221 222 239 246 255 258 270 273 293 0
5 23 25 33 38 68 97 98 104 109 118 126 129 131 132 139 145 156 167 202 207 224 236 240 242 249 254 292 296 0
2 4 9 16 39 52 56 58 62 80 82 97 101 115 119 134 135 142 151 154 158 164 180 186 202 204 205 210 224 230 240 241 249 253 264 287 292 294 0
9 11 19 36 60 62 78 86 97 102 114 127 138 163 165 167 171 189 203 213 245 251 262 268 276 277 281 287 293 0
8 24 56 61 74 90 93 99 105 128 133 136 138 142 143 153 156 160 164 167 181 199 239 246 261 269 0
5 24 44 47 55 61 81 100 105 106 122 146 150 161 164 167 182 186 190 200 203 205 208 211 213 226 239 257 284 292 298 0
22 64 80 93 99 102 127 138 156 181 194 209 216 223 224 241 252 253 262 270 275 279 291 292 0
6 22 28 29 38 45 52 53 72 73 84 96 97 134 142 156 187 201 204 217 224 234 266 286 0
13 19 24 27 63 90 94 120 125 128 129 130 137 147 155 157 198 211 217 219 223 233 250 255 272 279 283 285 286 0
36 42 44 65 67 80 84 86 89 98 106 112 113 125 161 163 168 180 187 195 236 244 249 251 264 278 285 0
12 25 30 46 50 79 83 93 127 130 135 136 182 192 206 212 223 255 265 266 284 286 298 0
14 22 34 47 53 77 87 89 117 119 133 169 180 188 203 211 227 228 243 245 252 0
2 24 28 35 42 46 60 86 97 109 120 142 146 153 164 172 179 203 210 232 262 276 277 0
31 48 59 66 82 84 112 120 142 147 156 161 162 172 182 189 202 204 209 211 221 224 243 247 250 256 258 262 271 275 290 291 295 298 0
6 13 49 50 53 78 83 109 110 113 121 137 140 141 161 178 182 185 207 208 215 230 242 248 268 269 273 289 299 0
5 26 112 144 148 161 171 172 174 178 192 194 197 215 223 233 245 248 272 276 278 0
6 11 20 33 49 99 100 118 119 138 145 160 163 165 188 189 219 221 242 244 254 255 277 289 290 0
3 11 15 36 57 58 62 75 101 114 137 147 165 173 181 198 207 215 234 237 261 289 0
2 11 21 76 93 112 123 133 138 141 142 155 170 174 213 225 240 249 253 256 267 277 287 298 0
26 32 35 37 53 73 84 89 101 122 124 147 154 173 174 180 195 196 204 227 267 282 286 294 0
3 43 53 55 57 75 116 127 132 134 145 152 162 176 188 213 215 218 225 227 233 241 245 256 258 283 292 0
41 44 61 101 131 143 149 156 168 199 250 254 258 259 262 284 285 289 295 0
9 41 46 47 80 89 90 92 94 101 121 138 145 149 168 184 196 200 218 224 227 233 281 287 294 0
16 48 58 90 116 123 143 146 163 168 176 196 207 224 243 246 253 259 274 284 0
4 10 34 40 46 48 50 64 66 70 88 92 101 102 112 136 137 148 162 174 178 179 185 209 253 254 256 265 270 271 274 281 0
3 19 33 56 64 74 93 124 138 186 189 190 194 215 276 291 293 295 300 0
3 21 26 28 66 67 77 86 104 114 116 119 166 172 195 205 213 263 270 0
15 25 42 45 47 58 72 87 100 104 119 122 133 157 162 182 185 186 191 208 220 227 228 231 248 0
5 7 21 36 45 61 63 65 68 72 80 91 104 159 160 166 173 187 205 208 215 226 228 266 271 276 281 290 0
8 9 24 38 62 87 88 113 119 124 128 133 134 150 153 160 173 175 178 186 194 198 205 206 213 214 218 235 243 251 256 267 274 275 276 288 300 0
10 26 34 46 51 99 102 113 124 131 140 141 170 185 186 192 195 207 213 226 238 246 263 268 274 275 285 0
16 23 35 81 85 97 101 113 119 204 209 251 253 271 290 296 299 0
3 8 13 30 33 48 50 59 66 74 107 111 131 134 137 142 149 150 155 165 213 226 257 266 275 290 0
3 10 11 17 64 78 92 96 108 130 158 185 189 191 193 194 200 222 231 232 243 250 253 254 256 275 276 295 0
32 39 41 61 92 94 120 130 151 174 184 185 190 200 222 249 251 0
5 16 36 54 55 68 75 101 109 117 154 165 189 194 197 213 227 235 237 249 270 278 299 0
8 30 56 71 73 77 87 89 103 108 129 139 160 172 177 199 210 219 223 224 239 245 247 254 265 298 0
20 43 48 54 56 59 78 98 101 118 133 161 162 180 182 187 192 204 205 236 249 260 269 273 275 285 292 0
8 9 24 42 71 77 81 99 106 114 139 148 153 158 161 164 182 184 192 193 198 206 220 221 240 248 260 288 290 0
7 11 14 29 52 64 87 88 90 94 97 104 109 117 125 140 144 145 150 153 172 184 193 199 215 231 236 245 269 286 294 298 299 0
14 49 70 82 85 90 98 100 103 129 132 133 135 165 194 196 211 227 242 243 248 259 0
1 10 18 24 26 27 37 38 45 54 85 96 98 130 136 168 183 193 232 257 276 284 0
9 15 18 53 63 74 87 131 135 146 171 173 196 199 204 216 224 264 270 288 0
18 21 37 47 79 80 91 99 100 112 116 128 155 178 179 182 188 194 208 210 212 213 243 256 0
13 20 24 39 85 121 124 125 128 131 151 165 176 181 198 204 212 213 218 239 249 276 282 298 0
5 19 38 40 41 55 59 84 135 147 151 179 188 196 199 229 246 249 269 280 294 0
24 28 29 39 59 60 69 74 78 111 137 166 173 174 193 233 234 254 278 281 0
21 26 45 62 71 72 96 98 114 117 125 131 134 161 164 167 170 186 189 191 218 234 240 247 249 252 256 257 263 269 275 277 280 0
2 19 21 39 53 54 63 66 84 112 122 133 144 184 187 198 201 225 236 241 249 279 285 296 0
14 32 33 40 47 48 57 77 81 101 110 128 132 133 144 161 174 187 193 202 203 207 231 239 249 257 267 268 280 281 284 285 286 289 297 0
2 9 25 30 36 38 48 52 63 70 72 75 108 112 120 125 134 158 180 187 197 209 221 235 250 268 276 0
20 43 50 66 67 68 71 74 88 97 102 124 128 138 142 146 180 200 203 210 214 220 223 229 232 289 0
17 18 32 44 45 65 67 86 89 106 130 146 171 176 184 190 228 255 282 298 300 0
8 17 24 27 41 57 67 77 91 105 118 119 120 150 170 175 201 204 211 223 230 253 264 265 269 270 273 279 0
1 2 7 13 21 40 59 60 71 127 142 147 150 163 171 174 194 202 213 215 228 250 261 263 274 282 286 296 0
7 14 33 57 86 97 103 106 107 112 114 120 160 165 166 182 196 199 201 203 208 209 218 222 228 232 241 272 274 276 283 289 296 0
2 12 18 21 25 92 97 111 115 116 130 133 140 164 172 207 235 244 250 261 271 282 293 0
5 6 13 17 32 38 65 90 92 96 98 99 114 117 128 147 150 164 172 173 177 179 184 203 205 215 216 230 242 243 245 256 260 263 277 300 0
2 12 23 52 57 75 78 81 92 102 107 127 140 154 163 175 189 205 208 242 258 281 288 292 297 0
3 18 49 53 57 60 87 96 102 109 117 137 149 167 182 203 212 223 255 262 263 280 300 0
10 24 35 36 37 38 47 91 92 130 133 150 165 171 177 204 207 218 219 228 236 240 253 273 274 290 298 0
13 16 26 38 46 59 64 81 94 98 111 121 137 150 152 167 188 189 198 202 232 248 249 250 276 292 0
53 54 61 63 68 71 76 78 99 114 134 152 163 178 179 183 185 192 215 224 229 251 288 293 299 0
1 4 10 11 20 33 40 62 67 75 100 106 136 144 157 162 165 174 177 201 205 211 285 0
9 24 35 49 50 60 67 74 107 118 125 140 142 161 171 172 173 183 235 252 264 270 275 280 286 295 0
9 58 75 76 110 117 123 178 187 214 221 222 228 254 256 264 271 286 291 294 0
45 103 118 119 120 154 168 198 204 212 214 217 221 228 229 234 283 296 0
29 47 55 67 78 93 97 98 99 107 120 128 143 149 150 172 176 189 196 198 208 216 236 240 247 253 257 266 287 0
5 9 10 19 53 58 66 70 76 81 88 93 110 126 138 156 166 167 179 182 191 203 213 217 228 238 243 245 256 278 279 0
20 22 36 46 55 57 68 83 85 87 124 127 136 137 147 156 164 171 178 184 213 228 229 236 257 263 270 281 0
3 10 12 21 22 26 36 64 69 72 76 82 92 101 114 138 150 155 166 176 179 184 207 247 248 251 253 261 263 275 293 298 0
12 20 35 43 50 63 67 71 73 83 88 159 183 216 231 261 262 291 0
16 18 22 45 46 50 71 79 83 86 91 138 149 162 169 197 205 231 268 270 286 291 296 0
11 40 41 55 61 63 74 102 108 123 129 135 141 152 170 177 188 191 205 210 214 227 232 234 257 277 284 300 0
10 22 36 40 51 57 66 82 87 94 95 99 100 102 106 112 113 119 123 134 146 154 160 162 184 189 195 198 219 225 248 262 264 275 285 292 0
24 37 43 68 103 135 150 154 173 181 184 186 190 197 211 219 281 0
3 48 53 56 78 91 104 109 122 124 151 167 194 197 217 245 252 265 271 293 0
2 5 20 23 27 28 29 41 45 76 95 97 103 134 146 148 149 168 182 191 195 214 222 225 250 267 268 278 280 299 0
2 3 32 42 45 54 71 95 98 111 136 142 146 157 158 166 179 181 214 216 220 223 226 237 262 278 0
5 14 26 48 50 54 58 83 121 122 128 149 156 160 175 188 189 199 205 220 228 287 295 0
8 9 16 17 28 52 56 64 85 90 95 101 107 112 119 135 153 195 200 202 211 212 234 265 266 269 288 0
11 19 25 52 53 73 84 89 102 106 121 132 145 147 151 186 192 226 245 248 251 262 269 281 286 296 300 0
2 9 17 38 41 52 68 80 106 108 110 116 121 123 134 145 159 170 191 243 252 286 0
11 13 27 39 64 75 109 117 126 131 144 150 162 168 209 218 241 244 261 268 0
21 39 42 46 59 61 65 68 82 91 100 117 120 141 147 151 153 155 158 200 204 232 237 256 260 275 277 0
39 47 49 61 62 74 77 82 84 85 93 116 118 142 147 162 178 183 213 214 216 254 259 266 279 285 289 0
14 16 20 23 46 49 62 66 73 79 86 97 114 119 123 128 130 137 141 147 168 169 184 192 203 226 236 240 244 245 249 260 269 279 285 295 296 299 0
3 6 37 39 41 53 75 77 79 82 87 90 111 123 136 138 139 141 144 152 158 163 183 190 196 198 202 232 259 260 274 279 281 292 298 0
12 21 23 26 56 62 69 72 73 113 139 148 157 172 186 191 196 217 225 228 235 246 249 251 253 260 261 283 286 0
7 18 41 44 54 77 82 93 114 132 149 163 188 193 206 227 228 236 238 253 255 266 270 285 288 0
8 22 29 30 31 37 48 60 65 74 110 116 140 159 195 232 242 250 261 278 283 287 300 0
6 77 83 85 148 201 207 212 220 227 228 234 244 247 257 267 268 275 280 288 0
19 28 42 51 60 71 87 103 127 128 194 203 208 212 231 251 259 283 291 0
14 22 32 66 81 95 99 101 158 159 168 173 182 184 253 269 282 286 287 289 0
24 47 49 50 52 80 82 90 109 111 114 116 119 123 129 134 138 148 152 156 189 192 200 224 227 234 246 253 259 262 263 272 281 282 287 289 290 0
5 8 21 32 39 41 45 54 59 63 89 95 107 114 128 141 162 165 182 187 191 199 209 220 230 235 248 249 250 266 275 291 297 0
13 46 64 82 83 108 117 121 153 165 179 184 188 196 209 229 248 260 263 282 285 297 0
15 22 43 52 58 84 98 110 123 125 139 147 167 186 198 200 210 214 215 217 227 234 237 249 280 285 288 299 0
16 28 33 44 51 71 79 87 88 97 100 125 128 135 143 147 178 180 183 191 222 223 237 242 243 263 267 274 283 0
13 23 38 44 59 79 87 105 135 168 173 182 184 189 198 222 232 250 254 257 273 0
11 39 55 73 76 77 95 99 107 108 128 172 188 191 201 222 234 239 251 270 272 279 284 291 0
5 16 20 34 35 67 74 82 105 112 143 145 156 209 230 240 241 248 251 255 258 262 273 297 0
13 30 56 63 70 89 100 121 122 133 162 168 188 213 229 239 250 255 259 263 270 287 0
13 14 25 26 70 99 100 104 107 111 133 142 151 164 187 190 194 233 260 0
4 21 50 54 63 78 86 88 124 138 147 153 162 168 176 191 192 198 200 208 224 228 229 241 256 264 272 278 280 281 287 296 298 0
8 30 50 77 84 104 165 170 181 190 198 225 228 247 274 0
9 27 28 30 45 49 51 69 73 74 77 90 128 157 159 163 181 184 188 209 221 228 234 245 258 264 268 293 296 297 298 300 0
11 36 40 41 54 68 70 71 74 85 98 107 116 123 125 133 138 158 197 198 209 218 257 281 0
15 32 36 37 42 59 68 71 111 121 123 143 153 167 179 194 197 206 209 213 216 232 255 291 300 0
3 10 23 24 29 40 44 47 85 124 161 165 222 226 262 276 289 0
2 6 13 17 21 36 55 80 102 104 112 117 123 126 129 132 137 185 186 191 193 196 197 202 222 232 240 241 249 266 283 289 300 0
17 21 25 70 74 93 97 108 114 133 152 155 162 168 181 189 199 209 236 251 255 259 266 0
3 4 9 11 30 48 50 51 61 86 160 165 175 189 195 210 213 215 221 235 238 251 262 263 273 284 0
23 38 62 80 102 119 138 141 144 146 155 156 158 164 180 217 257 269 276 0
27 28 44 50 51 88 105 128 130 139 151 173 198 249 252 260 268 278 291 292 0
5 25 58 62 70 84 85 94 100 106 109 143 167 182 184 186 223 230 232 242 244 246 277 279 287 291 0
22 24 31 36 45 46 52 62 68 79 103 118 155 175 176 177 203 209 233 262 264 271 278 282 300 0
6 11 16 25 34 43 47 60 64 66 82 88 110 120 125 127 174 181 183 193 201 204 206 226 239 247 251 271 292 296 0
1 6 27 48 85 95 110 117 119 132 170 176 199 235 247 251 265 281 282 285 295 0
16 29 43 63 66 72 77 84 97 123 135 168 182 184 218 223 238 240 246 257 263 280 294 0
8 56 66 71 116 121 126 130 139 149 152 175 176 180 188 190 193 211 216 239 240 247 259 266 267 270 271 280 295 0
3 10 14 30 60 75 91 105 107 109 130 175 206 223 227 242 257 275 279 285 287 289 296 299 0
11 31 33 54 58 67 90 93 97 107 116 125 136 146 149 151 160 161 173 211 225 232 235 240 260 263 277 284 285 290 0
8 31 32 34 40 49 54 57 77 87 109 114 115 118 168 184 186 204 241 245 268 0
20 45 52 57 68 111 130 137 151 153 157 182 192 207 221 234 241 260 276 278 287 292 299 0
1 9 20 29 57 79 81 97 104 111 143 149 156 157 168 169 192 200 201 204 212 214 242 255 273 274 282 285 0
15 18 27 48 52 56 78 81 83 103 109 124 129 142 149 198 224 248 261 270 271 289 300 0
19 21 29 45 55 85 88 93 122 142 147 155 177 179 185 193 222 224 227 261 267 284 0
7 10 11 13 19 59 68 118 122 126 134 151 166 202 209 219 225 233 234 237 267 273 274 277 290 296 0
6 15 17 38 41 60 99 113 134 152 157 161 168 170 177 182 224 243 262 287 0
3 19 27 80 98 112 115 132 152 156 165 200 216 243 254 256 268 271 282 286 297 299 0
3 20 29 33 76 82 96 112 133 150 153 164 170 230 268 274 278 294 296 299 0
9 21 28 29 34 42 52 66 70 91 108 110 118 123 128 137 141 143 151 158 162 186 210 223 242 265 276 278 293 0
14 23 25 27 32 42 52 55 80 94 129 136 143 145 153 155 156 157 170 181 187 227 231 236 250 257 265 292 296 0
20 22 24 40 41 42 66 86 113 114 133 183 184 208 212 224 227 246 270 271 291 0
7 29 62 71 89 91 104 106 107 110 111 115 134 148 163 172 177 196 206 210 212 218 233 238 247 250 259 281 282 0
14 52 59 60 68 97 107 119 120 126 134 141 150 153 176 193 198 205 215 216 246 258 265 294 0
1 5 11 23 28 34 41 55 75 85 107 110 114 130 138 154 157 186 205 209 221 228 285 293 295 296 298 0
12 47 84 91 120 127 140 166 174 178 179 188 216 257 271 290 0
4 12 28 44 52 96 97 99 112 125 129 138 141 161 195 237 250 256 259 265 286 289 292 294 0
47 64 70 98 117 137 142 151 153 169 186 190 204 213 226 236 240 241 244 246 249 275 0
17 18 26 60 69 103 111 117 121 123 134 150 159 191 204 212 217 230 267 273 281 285 0
15 20 21 35 46 73 85 87 93 110 135 137 146 160 177 193 195 200 209 219 234 235 248 251 262 278 0
5 8 24 32 50 72 77 93 96 154 162 169 173 194 201 203 214 238 267 282 285 293 0
6 10 51 76 92 93 94 105 149 162 164 176 182 186 190 202 207 213 215 221 241 261 272 281 0
6 9 10 17 21 31 71 72 107 123 124 132 145 152 171 179 206 217 219 224 227 230 244 258 290 293 0
10 11 25 50 59 60 74 86 101 102 105 117 131 132 145 152 154 162 177 200 206 212 224 226 248 253 278 284 285 289 295 0
10 38 45 48 55 91 108 117 119 136 167 181 185 188 201 203 210 214 219 259 264 266 268 278 280 284 288 290 294 0
4 20 32 37 49 52 58 63 66 71 78 107 114 125 142 159 162 169 173 184 187 199 200 206 211 228 231 261 263 264 0
10 20 25 42 45 52 91 103 107 118 126 132 133 141 149 163 179 184 197 231 250 261 267 273 294 0
3 19 66 100 104 139 155 186 208 214 245 278 282 283 300 0
35 41 52 69 72 75 77 78 82 109 111 119 123 135 146 155 185 189 213 223 226 229 237 247 251 265 280 286 297 0
17 28 29 39 40 101 102 107 111 122 123 137 140 151 159 178 182 200 230 235 258 262 269 285 286 289 294 0
30 40 50 63 73 84 94 98 101 129 139 195 197 206 220 237 249 267 290 0
10 13 45 53 59 69 94 97 129 150 154 156 170 195 210 226 241 247 260 289 290 291 294 296 0
7 27 34 53 56 62 74 75 91 141 149 154 182 194 204 248 250 270 288 299 0
8 25 40 42 53 60 62 66 88 96 97 104 106 129 163 169 192 220 237 241 257 258 278 284 0
7 16 31 39 84 94 102 125 140 149 158 169 173 176 221 223 226 265 287 0
16 19 25 28 41 50 55 60 80 90 106 121 140 141 164 185 203 220 231 234 241 244 262 267 269 270 276 300 0
9 15 26 33 60 68 79 85 97 99 108 120 130 141 156 172 270 0
7 18 27 60 121 128 129 138 141 145 148 160 162 169 183 187 198 209 210 212 217 224 239 248 257 276 0
6 11 22 25 34 43 55 70 85 96 102 125 129 135 168 178 186 195 199 232 262 263 270 288 0
4 6 9 12 17 23 58 70 78 82 89 103 132 145 148 165 195 208 217 225 262 270 273 287 297 0
13 29 44 55 69 70 73 74 80 117 118 122 131 133 138 156 160 162 175 176 180 182 183 199 220 241 243 250 263 274 278 290 0
9 12 30 45 66 72 73 93 96 99 105 108 113 126 137 146 147 159 176 180 184 196 203 209 212 214 227 236 240 247 266 269 290 0
1 10 11 19 37 56 66 70 87 91 119 137 138 142 143 146 152 164 166 172 181 194 244 245 261 267 284 300 0
1 12 16 17 26 44 83 139 147 161 190 194 206 235 238 256 258 264 265 276 290 0
19 41 45 55 71 88 108 111 114 132 140 148 156 161 167 170 172 174 185 190 217 219 237 247 269 285 294 300 0
28 38 45 49 91 100 105 115 116 132 143 161 163 166 180 198 206 207 210 214 217 253 262 275 280 281 289 0
1 9 14 19 25 27 50 61 67 95 113 118 120 129 133 160 165 169 182 194 195 227 229 230 233 235 258 267 279 288 0
8 41 65 74 98 110 128 165 172 177 187 205 232 240 255 268 273 0
40 41 48 63 69 74 75 103 106 108 126 136 137 160 205 216 223 226 231 239 257 258 263 0
30 33 39 50 55 66 68 72 89 96 104 136 140 175 195 211 231 236 250 276 0
9 10 19 27 28 35 64 65 85 97 98 107 109 118 136 142 159 171 176 178 189 194 198 200 208 216 244 252 257 266 270 279 292 296 0
26 39 45 70 101 114 125 156 157 167 178 184 207 208 209 219 257 266 273 282 294 0
14 20 41 82 96 100 126 137 144 186 188 195 210 230 292 0
2 3 8 15 45 63 84 95 118 128 135 144 162 177 183 196 209 210 211 217 225 258 269 281 291 0
23 40 63 69 85 106 122 128 165 177 187 203 207 245 258 264 276 0
6 19 27 34 38 51 58 59 66 99 129 131 144 161 169 208 209 211 215 254 269 276 295 0
12 18 34 40 46 47 52 53 58 66 85 97 110 116 126 133 158 171 172 179 193 245 246 256 283 289 296 0
2 12 16 20 23 42 45 47 57 62 64 91 99 121 126 129 139 145 162 164 166 169 176 181 187 226 234 236 245 258 270 275 279 288 300 0
14 16 18 36 43 52 81 179 195 196 202 205 229 236 242 245 247 252 253 256 259 273 285 286 290 296 0
7 22 26 27 36 68 81 83 86 113 115 126 127 130 150 152 154 189 196 201 224 233 238 256 269 290 298 0
3 49 59 60 76 82 94 96 116 121 136 168 170 198 203 218 225 226 228 248 252 257 258 261 272 274 290 296 300 0
18 25 28 31 45 57 67 68 87 99 105 109 137 138 146 182 184 187 199 216 222 230 237 249 274 281 0
6 19 26 40 42 44 55 64 97 112 122 128 153 156 164 170 182 186 215 228 229 236 238 244 255 267 276 283 299 0
20 21 36 44 49 64 81 91 93 104 106 119 130 137 138 142 156 172 179 197 215 218 223 227 230 237 239 240 251 252 268 300 0
1 11 14 21 31 33 50 52 87 97 108 110 111 117 136 151 163 169 178 210 223 243 247 275 276 300 0
2 5 22 55 58 62 86 102 112 113 117 119 167 168 191 197 234 236 244 247 258 281 0
6 14 22 35 43 62 72 86 99 101 103 141 152 161 176 188 221 227 233 260 269 277 291 292 0
10 20 22 32 40 44 49 89 103 154 163 167 168 199 205 207 216 229 234 253 256 261 267 271 286 292 0
7 13 25 37 39 47 48 70 76 84 88 96 97 107 141 144 150 163 168 175 188 192 193 197 209 223 229 253 257 271 0
10 12 30 31 50 65 70 72 77 88 94 97 99 101 102 126 129 143 147 161 178 210 214 229 232 234 255 281 0
6 7 13 23 25 32 48 66 68 79 80 81 114 117 125 143 150 166 172 178 183 185 196 202 220 221 222 224 239 248 269 286 0
17 32 48 60 83 91 93 94 95 99 138 140 156 181 182 183 200 206 258 261 267 295 0
28 30 33 68 70 110 116 131 132 133 137 140 143 175 177 178 194 199 201 234 255 258 259 281 288 0
11 24 26 27 52 57 71 77 91 121 131 133 141 159 167 179 186 199 215 219 220 228 260 263 271 278 280 289 297 0
15 23 24 36 69 89 94 100 104 116 138 142 145 156 162 179 183 193 201 207 226 227 286 290 294 0
8 9 12 15 20 24 27 37 39 41 56 61 95 103 108 142 146 155 159 189 199 214 228 242 247 255 258 263 285 296 297 298 0
32 33 34 41 49 52 70 92 98 105 108 148 186 203 220 249 264 282 299 0
32 36 38 41 49 52 63 69 85 88 120 130 131 141 154 156 161 165 174 176 178 183 188 196 205 214 218 229 239 240 249 253 263 272 281 291 0
14 16 22 32 41 42 48 50 83 97 111 126 140 173 198 208 209 221 226 230 233 236 242 252 253 254 256 259 267 275 299 300 0
10 15 19 46 54 71 82 84 90 156 193 203 215 226 230 262 276 289 0
6 33 41 45 49 52 59 83 98 121 130 136 149 177 194 195 200 209 215 224 230 231 243 249 281 290 295 0
25 34 43 53 70 72 79 81 95 98 104 107 111 114 122 124 126 148 159 172 233 265 266 276 0
3 8 44 51 79 103 109 110 131 154 163 176 177 185 193 203 211 221 236 253 280 285 290 294 0
8 37 72 83 86 111 115 117 133 135 143 158 163 170 175 203 209 235 252 261 276 293 296 298 0
16 39 46 74 94 110 138 151 180 182 186 197 204 229 241 255 257 260 261 284 287 291 292 0
4 5 10 39 41 42 70 72 102 114 118 133 155 156 161 168 193 199 202 212 214 275 288 295 0
6 9 11 16 22 57 82 101 108 110 115 121 123 147 148 158 174 178 208 226 244 260 261 269 297 0
5 9 14 20 27 31 52 75 86 89 162 179 182 188 208 211 215 229 246 254 260 266 273 292 0
14 15 17 19 41 46 62 63 67 92 96 111 120 122 123 126 132 141 151 153 163 164 165 185 192 197 200 215 220 232 239 240 243 266 269 285 294 0
13 16 33 36 41 48 56 59 66 78 82 85 107 118 127 134 149 157 169 176 179 183 216 220 227 234 254 270 275 291 0
7 13 26 28 33 36 53 74 102 123 125 136 138 143 165 176 178 189 241 281 0
5 17 28 29 40 67 89 95 98 100 103 111 114 120 153 157 166 183 191 199 206 230 262 279 296 299 0
4 7 19 44 45 56 58 72 80 84 95 112 121 157 158 166 193 201 203 211 217 228 239 278 280 293 0
15 21 24 44 48 49 76 78 79 90 94 103 109 111 112 116 132 138 144 171 182 216 232 251 252 261 275 280 293 294 0
5 6 15 17 18 20 78 92 95 96 100 106 110 122 123 135 138 158 160 186 189 235 236 254 269 270 285 287 293 0
8 25 41 53 55 58 63 74 89 108 111 112 119 128 183 189 204 212 222 227 238 244 260 262 269 290 0
10 14 19 42 53 55 62 69 82 83 88 91 92 118 119 139 146 152 153 154 155 159 162 171 175 196 204 219 223 243 248 281 0
3 17 18 31 67 94 106 124 152 158 164 175 192 205 221 227 243 282 284 288 0
7 8 16 31 70 85 161 164 166 171 182 183 196 201 230 286 288 290 296 0
44 50 54 66 71 91 97 103 112 177 182 199 218 270 272 273 277 290 300 0
10 29 33 51 55 60 70 71 112 117 122 133 147 152 174 182 197 220 236 238 254 276 278 291 0
1 21 24 26 35 38 56 66 69 91 95 125 134 153 160 167 172 173 177 181 187 205 218 219 243 282 296 0
9 19 22 31 51 59 66 77 86 89 93 109 127 135 169 176 179 184 207 237 244 248 255 280 0
15 17 18 20 37 42 50 66 67 77 122 123 148 177 188 190 206 219 231 244 247 279 280 293 0
7 21 33 34 37 40 45 60 105 110 112 114 173 191 192 198 201 207 234 237 257 262 277 281 284 0
10 34 48 58 69 73 77 81 89 92 121 131 138 141 156 181 182 190 191 201 206 218 219 233 237 255 290 298 0
13 14 28 43 48 59 87 98 108 114 117 121 134 143 159 163 178 181 193 196 217 231 258 272 283 299 0
3 31 34 35 38 42 49 58 79 82 88 89 105 109 119 133 134 142 163 168 178 224 238 244 252 258 259 285 299 0
8 10 29 52 59 67 69 88 109 122 125 132 137 166 172 176 182 186 192 195 198 215 275 287 0
12 50 54 55 66 72 75 87 88 95 107 109 116 136 149 150 161 178 213 216 229 252 266 292 298 0
13 25 38 46 109 112 118 154 157 183 200 207 208 217 226 250 257 263 267 295 296 299 0
40 42 68 79 94 98 100 107 135 137 151 162 170 179 180 189 199 219 234 237 253 256 261 263 294 295 297 0
26 37 55 57 64 67 88 94 95 116 126 130 141 144 156 206 215 223 251 263 283 287 0
19 23 29 47 54 55 60 75 83 89 104 116 136 149 160 191 225 226 239 240 245 256 272 281 300 0
7 10 28 40 45 47 63 89 90 96 110 112 121 128 136 151 158 172 197 198 224 226 250 261 272 282 287 295 0
22 42 48 49 52 59 75 80 89 99 118 125 136 156 171 188 221 223 224 225 228 240 241 265 275 0
14 27 31 32 55 82 95 108 123 124 138 157 167 191 208 217 219 235 242 247 250 265 291 292 0
1 8 14 22 47 104 112 116 125 129 148 156 166 171 174 176 184 191 213 223 225 228 244 250 258 295 0
3 6 20 31 38 50 54 62 75 92 94 123 150 159 161 179 192 200 202 206 211 245 251 279 285 286 0
2 24 28 44 51 75 80 102 112 130 156 158 159 179 184 217 219 234 235 236 240 254 290 0
11 68 71 75 81 87 89 113 121 142 143 146 148 182 183 192 202 230 233 240 245 252 264 269 275 277 281 0
1 9 14 30 37 42 46 75 90 112 117 119 141 148 151 162 163 176 188 208 212 218 221 227 237 244 254 258 286 287 300 0
44 48 65 73 80 90 106 108 118 140 167 185 214 218 228 254 256 263 289 296 297 0
14 28 57 66 70 91 95 106 111 118 124 161 163 165 200 211 264 265 270 276 278 299 0
10 49 51 98 104 105 110 175 194 198 215 232 256 279 287 0
4 33 49 89 93 103 122 124 129 137 154 160 164 166 186 189 208 209 223 240 242 248 266 268 273 287 290 298 0
21 23 35 37 54 65 83 84 89 92 97 103 105 106 108 117 124 141 186 218 225 233 236 246 247 260 273 0
3 8 11 23 30 40 82 113 114 116 125 130 144 159 161 168 196 197 205 206 207 224 233 234 250 259 265 275 300 0
2 4 42 48 55 57 70 84 105 118 152 153 166 169 181 233 234 236 241 243 252 273 290 291 300 0
7 12 20 30 35 48 65 79 84 88 96 98 111 133 144 153 158 169 193 196 199 246 263 265 271 0
2 9 20 25 29 30 94 107 122 129 133 155 158 168 184 203 230 278 288 290 297 0
