13089 1000 800
98 343 477 501 703 0
32 92 124 489 813 0
128 335 904 986 0
403 456 515 0
300 318 452 527 594 920 0
41 266 446 671 674 688 884 995 0
3 233 277 300 326 765 896 0
14 268 810 922 0
41 148 172 302 534 541 542 611 938 0
533 888 0
73 702 775 802 916 921 0
86 383 424 466 507 740 0
967 986 0
52 170 593 772 0
532 0
206 216 902 951 0
333 0
82 146 294 816 907 980 0
527 881 0
82 147 359 544 0
428 485 740 954 0
113 0
448 793 0
84 177 192 798 916 0
197 427 526 592 969 0
154 466 739 743 0
70 436 568 833 0
100 684 897 0
157 273 793 809 0
295 407 742 868 0
124 480 521 791 857 931 960 0
115 372 478 974 0
142 288 515 636 674 700 703 0
90 760 796 965 0
315 407 537 847 0
37 413 563 598 791 0
549 568 734 0
290 442 628 0
120 306 670 984 0
92 239 266 339 474 741 0
27 445 559 902 0
150 323 349 497 689 692 866 900 0
206 276 306 584 0
41 90 308 569 645 0
247 314 418 793 0
178 357 911 0
378 542 0
155 649 850 941 0
227 234 305 499 547 610 629 905 0
173 257 409 504 524 661 688 878 902 0
156 210 230 766 0
387 796 0
89 513 814 815 831 0
407 469 656 838 884 0
42 46 681 716 756 775 0
284 857 872 909 0
125 451 481 0
115 474 591 669 730 793 956 995 0
70 265 562 628 0
45 131 136 805 865 933 966 0
305 340 401 536 599 0
150 222 727 738 0
182 250 281 649 977 0
52 54 385 484 919 0
342 659 832 889 961 988 0
150 982 0
392 733 748 890 0
174 320 514 806 0
392 522 528 659 761 789 907 972 0
20 101 232 373 394 419 699 0
65 275 295 464 540 685 717 973 0
175 378 516 804 952 0
184 226 233 404 0
685 0
388 703 767 0
118 139 454 556 852 885 0
558 908 0
26 226 521 532 566 613 662 0
15 101 0
504 620 710 821 0
810 908 942 0
70 182 574 743 759 880 897 999 0
169 656 810 0
187 606 673 754 949 0
598 763 875 928 0
123 642 822 953 0
43 362 441 604 607 0
18 185 382 410 0
66 187 497 630 911 0
269 369 394 559 854 0
78 201 297 314 760 0
178 547 642 718 0
331 561 568 0
43 353 504 667 676 0
210 333 665 712 772 887 976 0
30 107 278 287 290 567 745 757 812 0
102 202 575 706 753 0
176 215 271 419 539 812 987 0
55 141 452 642 861 931 0
344 407 684 754 927 966 0
376 438 472 566 873 0
226 498 506 567 768 820 0
204 627 0
240 488 531 0
132 260 348 594 650 912 978 0
157 270 484 583 932 0
195 384 0
70 164 579 869 0
156 181 329 419 575 643 0
41 233 902 0
315 376 0
136 153 305 340 370 430 454 530 606 0
10 108 114 333 411 652 659 0
441 548 582 876 0
38 63 361 411 0
180 424 557 700 935 0
32 446 718 0
201 241 268 421 827 904 0
255 395 411 486 768 794 899 968 0
110 730 804 0
43 122 268 875 930 953 973 0
60 166 523 0
31 50 317 719 0
308 491 595 903 942 0
44 368 374 662 0
993 0
28 98 695 765 810 822 959 0
443 490 834 934 0
231 270 304 668 770 780 788 802 0
245 276 393 394 476 709 726 936 998 0
233 250 372 511 641 664 0
445 524 675 720 752 848 0
196 526 671 765 0
204 233 370 380 455 544 0
38 749 964 0
38 228 331 346 526 659 990 0
134 312 517 536 624 686 937 0
48 122 172 0
221 383 0
273 351 442 804 965 0
27 151 246 937 968 0
335 354 573 762 895 0
24 219 264 282 639 876 0
42 809 885 0
184 565 0
497 559 583 0
167 523 573 679 877 887 0
17 35 657 0
34 95 210 282 378 461 721 0
795 872 988 0
98 230 598 608 730 0
584 788 0
62 869 872 0
247 522 586 610 655 740 0
117 160 269 639 863 0
56 186 356 477 562 0
320 408 477 538 0
506 677 807 895 0
155 507 531 0
633 742 932 941 0
161 369 581 768 986 0
162 167 258 485 735 922 0
576 881 926 987 0
74 110 189 708 0
1 6 844 905 0
215 331 483 551 743 943 959 0
120 353 544 946 0
220 426 432 499 512 534 842 871 896 0
74 95 240 262 343 0
267 367 595 729 895 916 971 988 0
597 877 0
273 372 713 838 0
121 0
221 264 360 481 688 876 0
330 990 0
452 557 579 890 952 0
247 635 670 714 0
47 51 161 232 318 770 818 934 0
70 366 395 453 497 610 668 799 828 0
88 263 493 529 677 760 830 0
4 196 203 495 641 642 893 947 0
171 384 764 0
215 515 0
25 68 0
106 163 251 264 422 0
31 405 726 890 0
6 37 204 478 0
557 578 657 0
53 135 198 237 703 0
37 82 372 500 505 576 795 0
366 441 481 694 698 977 0
47 504 648 660 947 0
308 360 398 399 531 609 952 992 0
204 225 243 827 869 0
409 615 678 866 868 0
100 149 189 206 321 464 483 498 522 957 0
417 481 623 626 644 690 817 0
30 633 724 744 822 0
59 155 298 554 598 679 868 963 0
368 759 857 874 0
93 308 709 710 787 0
766 0
127 638 0
215 257 409 616 790 0
67 269 306 469 715 753 0
307 355 375 378 0
375 426 624 699 701 0
150 271 519 560 0
431 583 0
54 136 185 242 487 497 583 635 760 973 0
190 299 363 755 954 0
69 181 372 390 728 912 0
35 178 681 697 735 832 0
435 738 749 859 0
135 311 372 394 0
649 787 0
26 51 364 561 980 0
404 951 961 0
484 497 576 0
119 125 142 230 612 614 740 753 927 0
121 242 314 348 622 663 705 0
79 354 554 818 0
137 268 314 0
517 806 867 0
166 234 435 501 607 794 0
99 519 645 957 0
215 226 262 371 460 838 0
131 303 350 990 0
23 36 484 558 567 570 682 0
490 693 776 874 0
81 251 714 796 0
183 841 845 876 974 0
58 337 434 490 673 707 992 0
363 583 841 969 0
450 532 707 753 0
187 430 659 699 779 0
494 500 505 709 712 974 0
22 113 349 378 525 643 801 0
114 371 510 0
588 881 0
72 266 300 537 541 898 0
57 149 581 838 990 0
36 232 240 405 831 863 0
61 69 599 0
367 413 562 745 785 955 0
198 356 466 584 820 933 0
305 436 520 625 691 0
225 562 643 779 915 0
405 419 963 965 976 0
58 130 204 309 711 0
821 926 931 961 0
460 691 0
75 138 364 637 708 0
396 436 765 875 913 0
92 118 256 699 736 740 768 869 0
66 80 194 341 347 388 472 887 0
43 121 186 346 0
385 456 570 749 794 955 0
82 87 953 0
260 296 381 388 467 475 489 560 0
248 304 442 654 720 0
242 0
69 158 293 444 724 877 979 0
602 640 741 759 0
585 858 906 0
122 175 246 369 612 642 762 801 0
43 614 719 963 0
239 382 645 650 691 0
279 282 297 488 569 876 946 0
577 800 995 0
28 107 114 129 405 413 448 730 877 0
578 593 863 978 0
36 81 448 848 867 0
191 225 390 468 499 877 920 0
27 61 209 391 419 772 899 0
324 379 480 507 694 0
61 427 458 536 628 854 875 0
143 216 236 456 655 0
49 69 966 0
730 737 769 0
93 748 929 0
198 424 950 0
192 230 697 0
140 216 218 676 778 866 0
321 711 980 0
185 371 958 0
809 814 0
152 184 236 278 369 497 530 564 691 732 880 0
1 408 489 509 575 0
120 294 369 464 819 0
334 416 483 836 0
350 738 749 832 0
427 447 674 768 799 820 0
38 243 493 777 0
354 908 0
156 358 603 990 0
476 825 881 0
54 431 779 824 0
405 977 0
156 523 676 876 0
240 554 594 960 0
250 316 403 409 764 849 0
328 334 535 936 0
50 85 344 379 383 542 601 773 0
862 883 921 932 0
23 89 126 262 279 375 386 544 661 0
44 140 162 188 348 362 433 443 722 726 728 872 932 0
428 429 652 882 0
116 630 639 0
61 200 813 0
436 591 741 0
170 261 400 764 888 0
506 610 965 0
96 129 338 451 545 787 841 850 919 990 0
573 620 0
645 762 858 888 0
186 774 905 0
236 348 499 0
27 43 288 440 522 776 847 0
480 519 570 0
197 587 653 774 0
273 439 498 777 963 0
137 411 741 763 794 0
379 591 931 0
345 548 647 950 0
217 294 694 989 0
241 246 320 409 0
4 88 155 0
288 386 814 930 951 954 968 0
41 154 438 456 494 549 702 0
112 409 518 928 0
458 477 494 600 658 725 792 817 0
138 498 0
36 181 252 254 485 734 784 823 0
812 0
174 462 473 751 0
51 294 478 784 0
114 260 291 415 450 549 862 0
64 157 237 248 289 526 587 724 899 0
264 859 0
7 71 332 540 0
252 273 291 414 694 866 870 971 0
137 375 681 874 0
23 184 368 542 595 0
853 0
102 141 367 669 859 0
40 275 328 554 632 0
27 45 130 438 771 0
58 198 530 734 809 0
235 285 885 0
132 163 300 980 0
169 338 554 718 932 0
56 305 350 440 735 827 920 0
217 432 434 642 0
141 591 846 920 0
96 250 324 374 0
673 0
17 384 392 842 999 0
141 421 771 0
191 268 286 301 446 472 927 0
17 388 397 0
77 207 563 584 620 0
764 0
78 547 817 880 0
39 73 422 641 754 767 799 850 0
16 270 785 0
25 98 398 688 0
203 823 0
385 403 543 734 0
182 194 515 572 726 772 0
461 482 911 0
134 297 435 846 973 0
110 627 835 931 0
140 247 331 480 806 0
532 647 753 864 936 0
112 908 0
212 342 431 684 710 744 972 0
222 437 855 935 0
145 291 365 431 536 778 798 0
548 620 844 0
336 372 683 950 0
494 498 760 0
151 421 470 807 0
86 186 230 463 596 607 657 763 852 882 955 978 0
90 289 362 725 0
720 811 0
62 101 174 924 985 0
6 297 608 660 0
168 386 505 652 839 936 0
3 42 313 663 821 0
39 108 838 910 0
139 314 923 985 0
120 179 267 530 817 0
162 290 0
104 149 238 251 353 570 813 965 0
647 964 0
380 677 724 966 0
610 640 0
113 278 339 714 919 0
139 209 341 509 673 731 0
213 235 694 0
171 345 0
87 314 501 523 566 581 0
50 285 315 585 599 638 668 759 0
89 254 723 0
311 402 460 684 896 994 0
27 805 962 0
113 309 320 378 492 0
619 726 804 958 0
238 273 356 584 603 622 660 694 812 0
351 452 501 511 730 924 0
22 277 401 468 788 0
314 430 462 501 554 741 0
51 624 742 759 879 0
649 960 0
383 473 696 755 769 823 997 0
66 328 487 857 0
228 851 0
42 818 981 0
109 334 509 643 991 0
68 491 499 666 988 0
595 645 684 720 753 794 940 0
48 269 735 0
123 265 444 488 0
41 95 101 261 269 698 731 737 0
174 453 492 719 829 878 880 0
492 501 0
208 218 284 745 938 0
166 191 323 389 733 811 0
184 389 631 662 759 787 0
66 85 150 205 295 420 453 494 528 615 0
269 323 329 337 431 651 695 763 0
81 180 396 422 511 932 944 0
300 439 634 719 829 0
166 979 0
134 536 988 0
63 127 164 403 457 662 872 873 0
182 305 787 0
181 423 430 605 738 785 0
106 234 917 0
45 239 613 739 802 0
246 281 451 933 0
8 135 196 451 472 510 565 682 0
49 60 233 379 0
470 526 0
198 560 0
70 339 802 931 0
90 173 311 0
10 530 539 566 725 844 0
64 140 189 394 601 653 785 809 907 988 0
186 325 785 0
336 352 391 488 576 0
237 241 248 953 984 0
227 354 562 801 872 0
222 226 392 0
73 280 496 714 737 990 0
308 604 633 934 0
24 26 50 563 602 847 925 0
291 511 561 625 949 0
16 171 261 428 510 0
34 635 739 779 0
497 708 746 0
311 490 577 906 917 0
62 458 607 0
455 610 633 983 0
61 87 100 163 592 852 919 0
353 846 0
238 449 661 828 930 0
74 204 306 825 893 942 0
174 242 550 561 714 741 768 844 0
276 302 593 837 0
437 850 0
251 296 359 412 550 894 0
92 106 913 937 0
24 35 160 705 770 0
69 174 311 496 600 613 970 0
240 267 335 676 684 0
172 368 409 578 788 892 0
326 477 911 0
367 389 453 499 606 693 986 0
92 547 596 638 711 715 746 821 0
157 331 408 489 853 0
69 259 440 499 726 877 0
57 359 438 557 898 0
176 182 229 310 587 841 925 0
159 0
394 882 0
11 48 145 263 0
91 358 604 674 0
1 395 496 981 0
180 182 283 429 564 824 972 994 0
7 130 323 951 0
53 822 986 0
321 466 765 808 0
129 151 162 465 470 484 544 574 929 1000 0
527 737 0
420 523 665 0
58 351 395 442 739 813 922 0
70 478 543 628 921 0
444 546 582 680 887 0
196 534 671 822 826 848 0
456 803 0
91 239 291 796 821 982 0
423 679 702 744 0
143 231 350 592 953 0
112 245 336 884 0
178 643 751 0
519 777 902 0
127 257 325 354 439 453 504 0
69 92 327 654 667 732 889 922 0
312 628 0
6 507 652 0
137 216 315 418 0
135 431 581 0
210 594 650 0
40 229 335 678 760 770 775 0
87 114 143 791 0
682 772 0
168 180 307 0
159 178 208 219 267 371 0
80 242 319 347 883 0
249 653 0
70 276 333 619 0
99 655 674 0
102 240 285 416 499 805 847 0
750 769 913 0
371 465 666 960 0
84 947 977 0
137 226 252 0
1 96 424 533 611 0
298 338 568 785 0
87 107 287 376 557 591 714 890 0
11 450 455 634 891 0
48 192 666 802 0
23 378 582 0
575 733 0
14 131 158 200 231 238 729 760 821 924 0
30 649 0
39 78 292 485 626 634 656 0
39 658 930 0
755 823 899 913 0
403 643 0
87 332 471 635 860 0
111 507 587 643 906 982 0
475 627 727 0
216 702 826 0
249 413 479 729 734 892 939 0
552 864 0
364 393 884 958 981 0
17 51 246 392 537 708 872 0
498 816 0
127 232 753 0
51 306 342 663 809 0
8 380 421 0
181 422 654 0
59 68 127 318 384 424 789 804 828 0
401 914 995 0
18 383 456 480 494 521 0
60 174 483 493 668 0
226 316 367 430 737 841 893 953 0
155 315 338 339 439 0
51 312 338 635 0
271 317 457 764 944 0
143 181 255 770 0
131 271 289 312 715 0
340 658 893 0
320 502 556 595 0
95 314 316 582 614 986 0
210 237 527 0
282 390 525 721 998 0
146 276 631 971 0
338 392 505 796 0
37 47 258 375 659 784 0
75 106 239 420 451 598 944 0
122 700 0
304 410 580 622 0
93 246 660 882 0
18 213 474 662 773 0
8 141 465 766 953 970 0
465 514 669 805 809 0
59 265 755 0
196 365 493 0
358 553 617 872 886 0
280 458 814 976 0
324 411 623 0
558 741 754 945 0
187 428 478 615 623 640 703 869 902 0
123 333 587 625 709 922 975 0
293 319 359 708 912 0
208 451 609 746 0
182 414 696 895 0
441 442 533 667 779 955 0
4 150 641 706 955 0
25 192 615 0
414 536 653 677 864 958 0
401 749 945 0
30 160 211 248 262 319 445 496 524 920 0
77 164 626 818 909 997 0
210 221 291 979 0
191 391 612 799 0
73 117 247 413 528 657 673 683 0
191 342 630 717 0
48 187 197 339 355 503 0
331 0
158 209 230 435 468 509 720 740 778 0
515 739 746 892 941 0
11 170 357 407 745 0
131 500 562 1000 0
40 73 222 273 293 467 823 0
184 267 272 287 374 664 887 0
57 178 250 312 336 368 511 0
119 235 790 0
331 634 0
50 670 871 0
236 305 0
89 139 408 434 863 895 0
40 269 406 504 867 0
119 204 250 419 429 434 610 644 870 0
32 130 524 596 796 0
178 509 572 695 806 0
125 176 335 0
41 246 377 497 651 750 0
249 572 915 967 0
91 213 329 453 742 863 0
33 333 351 435 742 975 0
13 46 205 411 463 752 994 0
185 283 359 399 487 614 750 792 860 994 0
79 270 611 968 0
344 425 933 0
122 172 368 671 831 938 0
382 459 532 537 740 745 946 0
301 592 599 696 0
144 551 644 0
20 309 479 896 0
212 498 604 0
265 668 675 777 0
187 709 0
603 710 722 909 0
560 611 635 768 867 0
180 196 313 723 908 925 964 0
13 766 858 957 0
166 727 854 0
27 349 483 614 631 812 0
150 263 465 925 0
180 391 395 434 490 681 781 892 0
491 952 0
205 247 370 437 501 573 863 0
319 334 631 652 790 851 0
145 971 0
60 354 775 0
231 361 454 603 706 857 926 0
294 302 848 864 975 0
104 262 264 318 320 605 0
223 452 680 726 797 938 948 0
214 513 541 542 0
321 337 653 851 864 0
67 81 160 432 480 623 679 921 961 0
792 900 0
28 274 377 384 489 563 920 0
15 61 140 184 936 0
201 634 0
12 213 269 270 358 827 966 0
177 200 462 644 0
601 774 818 895 0
125 296 0
358 375 940 990 0
249 575 705 0
180 293 419 827 0
251 577 644 716 0
409 862 0
457 722 845 935 0
272 277 333 648 0
200 219 283 890 0
53 165 302 313 727 951 976 0
89 108 419 754 0
206 274 325 640 655 759 958 0
34 49 425 904 949 0
432 515 563 0
278 573 592 0
68 258 322 445 818 0
354 835 877 973 0
331 440 590 668 709 766 795 0
215 462 761 971 0
280 297 635 0
388 515 722 812 924 0
180 288 406 719 867 893 0
74 512 786 897 960 0
272 384 0
63 579 0
335 504 845 0
166 325 448 913 0
342 411 632 961 0
43 175 415 430 663 911 965 0
20 70 175 269 379 0
333 362 445 640 833 0
228 784 0
662 743 787 811 825 0
158 314 672 920 0
100 157 901 0
137 395 0
365 868 0
54 91 203 351 726 908 0
185 298 303 355 596 680 766 788 833 928 0
121 430 997 0
19 345 399 647 992 0
23 133 140 421 645 801 970 0
60 160 304 403 652 790 882 0
51 54 325 609 0
61 140 170 552 642 883 984 0
129 154 437 500 504 564 835 863 0
59 154 474 0
143 332 398 727 868 0
308 335 532 617 618 819 0
66 127 627 684 707 894 0
38 299 362 832 846 0
71 105 168 0
114 117 239 340 789 0
325 442 444 897 908 0
312 431 0
374 547 570 632 864 0
41 279 332 340 778 0
344 682 773 783 876 0
319 426 980 0
173 175 440 558 606 901 0
18 221 246 544 0
251 607 667 949 0
55 278 378 588 918 0
148 214 758 844 0
37 40 180 458 591 597 681 835 900 0
2 6 108 549 670 676 804 853 0
475 554 0
2 64 988 0
71 88 89 188 306 321 451 682 0
343 354 859 862 876 942 0
130 681 0
153 341 526 840 877 0
115 195 388 451 627 983 0
86 257 592 831 968 0
13 43 688 0
598 749 0
4 99 127 128 0
431 470 712 799 804 893 0
63 159 380 517 987 0
19 29 335 523 0
133 585 790 0
362 728 771 793 0
217 291 855 0
297 432 912 0
232 496 532 540 699 762 0
101 111 116 137 291 593 945 0
102 110 236 285 295 842 0
578 701 903 0
143 663 0
149 289 457 470 620 660 775 791 921 0
494 504 541 637 641 760 0
97 232 550 629 0
71 162 312 321 400 485 521 523 0
370 418 539 0
40 54 336 724 932 0
109 291 610 637 702 768 0
92 522 543 547 0
149 561 653 953 994 0
172 739 882 884 0
269 308 415 572 623 0
3 294 319 572 914 0
9 399 579 641 745 761 0
147 154 760 0
9 330 584 990 0
500 639 732 960 0
143 207 449 922 0
181 848 973 0
368 543 632 827 840 0
208 252 384 669 699 716 785 0
158 202 323 508 555 597 621 0
19 254 435 471 0
78 240 0
281 525 685 935 975 0
714 894 0
402 736 908 962 0
10 0
525 581 676 808 838 897 0
219 0
8 215 223 355 423 494 0
53 57 196 371 700 907 0
3 164 747 859 951 0
231 627 652 763 0
202 280 989 0
51 199 432 643 0
6 142 311 377 560 598 0
123 226 548 668 830 911 0
230 256 264 311 329 368 637 739 0
129 189 245 384 404 783 852 0
217 327 797 942 0
191 224 951 0
271 340 748 0
260 957 0
177 304 449 573 776 910 0
353 429 475 504 569 594 622 969 0
35 39 141 298 469 692 0
131 239 500 511 538 767 860 873 928 954 0
99 216 674 655 674 702 655 655 702 702 702 826 826 216 99 702 655 674 655 826 826 216 216 99 99 99 216 216 826 702 99 99 674 99 216 216 826 826 674 216 674 655 674 216 216 216 702 655 655 216 826 99 702 655 216 216 216 702 674 702 655 702 826 655 216 826 702 674 99 826 702 216 216 99 702 674 674 99 216 674 216 99 702 702 702 216 99 655 674 99 702 702 655 99 702 99 99 826 702 674 216 826 216 702 826 99 99 826 826 674 216 674 702 216 655 674 655 674 655 826 655 674 702 216 674 99 826 674 655 216 216 99 826 826 216 702 702 99 655 702 655 216 99 674 674 702 702 826 674 655 674 702 674 674 826 99 655 99 826 99 655 826 826 99 216 702 826 826 702 702 99 674 99 655 655 216 655 674 702 99 99 702 826 655 99 674 702 216 655 216 655 216 99 702 216 216 702 655 702 99 216 655 826 674 702 216 674 216 674 216 826 216 674 99 216 655 655 674 702 655 99 702 702 216 702 826 216 216 216 655 216 674 655 655 674 826 674 826 99 216 702 702 655 216 826 702 702 674 216 702 674 826 826 826 99 216 655 655 99 702 702 702 216 674 826 99 99 674 702 826 674 99 655 674 702 674 99 216 674 702 655 216 655 216 655 702 216 655 99 99 216 99 655 674 216 99 99 99 99 216 674 674 702 826 216 216 99 702 99 702 216 674 826 674 99 99 674 702 826 702 826 655 674 216 702 826 826 674 826 702 826 655 99 702 702 99 702 826 702 826 99 99 99 674 216 99 99 99 655 826 674 826 702 99 674 99 702 674 826 99 702 826 655 216 826 702 99 655 99 655 826 702 216 216 99 674 702 674 702 674 216 826 655 655 655 655 826 216 216 655 702 702 99 99 826 826 826 702 702 216 702 674 674 216 655 674 216 674 702 655 216 216 99 702 702 674 99 702 655 674 655 674 674 826 674 674 674 702 655 655 216 99 216 99 655 702 826 655 826 702 655 216 826 216 216 99 99 99 826 655 674 826 216 702 655 99 702 216 216 826 826 655 99 826 99 655 826 655 674 99 216 655 674 826 216 655 655 702 826 99 826 655 702 99 674 216 826 655 674 216 655 674 99 702 216 702 99 99 99 702 655 99 216 216 99 674 826 826 826 826 216 702 674 674 702 216 674 655 99 702 674 826 702 674 216 216 99 674 655 674 655 674 655 655 216 702 655 674 702 655 702 674 99 826 702 216 826 655 655 216 826 674 216 655 216 216 216 826 99 216 216 674 216 674 826 99 702 826 216 702 216 702 674 99 216 702 655 99 826 826 702 702 826 702 216 99 655 702 99 826 99 702 674 674 674 216 826 99 702 674 702 99 702 655 674 655 655 655 216 99 674 99 655 702 99 674 826 216 99 674 216 655 702 99 674 674 216 674 674 826 674 826 216 702 826 216 216 216 702 216 826 826 655 655 216 826 99 674 702 826 702 655 826 99 216 216 702 655 216 674 826 216 674 674 826 674 674 674 674 674 702 702 826 216 702 216 674 216 655 826 655 702 702 99 702 99 674 216 216 702 99 674 702 826 826 655 702 216 674 702 99 99 216 702 216 99 826 216 655 826 826 826 216 674 826 826 674 674 674 826 655 99 674 674 99 655 826 99 702 826 674 216 702 826 674 702 826 99 99 99 655 702 674 655 702 826 674 655 99 216 216 674 826 674 216 655 655 702 655 99 826 702 216 99 99 99 674 702 674 216 655 216 702 655 216 826 655 702 216 674 702 216 655 826 674 702 655 216 655 655 216 702 702 674 826 674 826 702 702 674 99 702 655 99 216 826 655 826 655 674 655 216 655 702 702 216 216 674 674 826 702 702 655 674 216 655 216 655 655 216 674 99 702 216 99 702 702 216 702 702 99 216 655 826 702 99 216 655 99 216 216 99 655 99 99 826 702 674 702 216 216 702 674 216 674 674 674 674 826 99 655 655 826 826 826 674 216 674 702 702 99 99 674 216 216 702 702 702 216 674 674 99 826 99 99 674 826 674 655 674 826 826 702 674 826 674 826 216 674 655 99 702 674 655 826 216 655 655 826 99 655 826 216 826 702 99 674 99 99 826 655 216 99 216 99 99 826 702 826 826 674 99 702 702 674 674 826 216 216 216 702 216 216 216 99 826 216 702 702 216 826 216 655 216 702 655 99 702 655 655 655 702 655 702 702 674 99 216 674 674 655 216 99 826 674 99 674 826 826 655 702 826 655 655 826 674 674 655 702 702 655 702 826 655 655 99 655 674 826 216 216 99 99 216 655 99 674 99 216 216 216 99 826 655 674 826 99 216 702 99 216 826 216 702 655 99 674 702 99 826 674 655 655 99 702 99 674 674 655 826 826 674 826 655 674 674 702 216 674 826 655 99 702 655 655 216 216 655 702 674 99 826 99 702 216 826 674 674 826 702 702 99 99 216 655 99 826 674 826 702 674 99 655 216 655 99 655 702 826 826 655 702 674 655 99 702 826 655 826 216 99 826 674 99 702 674 216 99 702 655 216 216 99 702 826 826 674 216 216 655 674 826 655 702 702 655 674 702 702 826 216 655 674 655 826 702 216 702 655 216 702 655 216 655 216 826 702 655 674 99 99 826 99 99 99 826 674 702 826 655 674 655 216 674 674 674 674 674 99 826 99 216 826 826 655 216 99 702 216 826 674 674 674 216 99 216 674 674 216 216 702 702 655 702 674 826 99 655 655 826 655 655 826 826 702 826 655 702 702 216 655 99 826 99 702 655 826 702 99 99 99 216 99 655 826 826 216 702 99 826 826 702 674 826 99 674 702 655 99 99 216 826 674 99 99 99 216 826 674 702 702 826 702 99 216 655 99 674 216 674 216 655 702 826 99 216 655 99 216 655 674 674 216 99 216 99 702 702 674 826 674 655 702 216 655 826 99 826 702 655 655 216 99 99 99 216 674 702 674 674 655 99 826 99 655 99 99 216 655 655 702 216 826 826 826 216 826 655 674 702 674 674 826 655 99 99 216 674 655 826 702 826 99 674 674 655 702 674 216 216 702 674 826 826 702 826 826 99 216 826 99 826 702 655 674 216 702 674 655 655 655 99 702 216 99 99 99 655 655 826 99 826 216 674 655 99 99 826 826 655 826 99 216 655 826 826 826 99 702 826 674 655 674 99 655 99 674 99 99 99 702 99 99 99 826 674 702 99 99 216 655 674 216 99 702 655 826 655 655 826 99 702 99 702 826 99 702 702 216 702 216 99 99 674 674 702 216 216 99 674 99 674 702 702 674 702 655 216 216 674 655 216 702 655 702 216 702 99 674 674 674 674 826 99 826 99 99 674 99 826 826 674 826 655 655 99 655 655 826 826 826 216 826 674 216 655 655 99 826 655 826 216 674 99 216 655 674 674 216 99 826 216 702 702 216 99 702 826 655 826 655 655 216 826 702 702 216 655 702 216 674 826 674 216 216 826 99 702 702 702 702 655 826 826 674 655 655 674 826 99 826 826 702 826 216 674 99 702 826 655 826 674 702 674 674 99 655 674 702 826 216 674 826 99 216 702 99 216 99 826 826 826 99 826 655 702 826 826 655 826 674 674 702 702 702 99 655 655 216 702 702 702 674 655 99 826 702 702 702 826 702 655 99 702 655 674 216 702 655 826 826 674 826 702 99 702 674 702 702 216 826 702 216 655 655 702 826 702 826 826 674 99 702 655 99 674 702 655 216 702 655 674 655 655 674 674 655 674 674 655 216 826 702 674 702 655 674 702 216 674 216 216 216 674 702 655 702 216 674 826 702 702 655 216 99 655 216 674 216 216 674 655 702 655 674 674 826 216 826 826 655 702 702 702 99 99 826 674 655 702 99 702 702 826 216 702 655 99 674 216 216 826 216 826 99 826 216 216 216 216 702 655 702 216 655 216 674 674 674 674 99 216 216 702 99 216 655 99 826 216 99 674 826 655 655 99 655 655 674 674 826 655 216 216 655 702 655 655 674 674 216 702 216 702 216 655 702 655 674 99 702 99 216 216 99 216 655 655 674 702 674 826 99 99 655 99 99 99 826 99 99 702 702 99 826 655 655 702 674 216 216 216 826 216 702 702 674 655 702 216 674 655 216 216 826 674 674 826 216 826 99 655 216 702 99 216 655 702 655 99 674 826 655 826 826 674 655 655 99 826 826 655 702 655 99 826 99 655 216 99 674 99 655 702 674 655 216 99 702 216 216 99 702 674 216 216 216 216 99 826 99 702 674 826 826 99 702 702 674 216 99 702 674 216 99 216 99 826 655 655 99 655 826 655 99 674 826 99 216 826 674 99 674 99 674 99 702 655 674 674 216 702 826 216 99 826 702 674 655 826 99 826 702 702 826 99 674 702 826 674 99 216 216 674 99 655 99 702 655 702 702 99 674 826 99 674 655 702 655 674 216 655 99 674 655 655 674 99 826 674 674 702 99 826 702 216 702 826 216 216 702 99 99 826 702 99 99 216 99 655 216 99 216 655 674 655 826 216 99 99 826 216 674 826 216 702 216 702 99 826 655 702 99 99 216 826 702 674 702 674 702 702 702 655 99 216 674 216 99 655 826 674 826 826 99 99 826 702 99 99 674 216 655 674 674 216 216 655 216 216 99 702 674 674 826 702 826 702 674 99 655 702 702 702 674 674 99 216 655 826 674 702 674 674 655 655 826 655 826 655 674 216 826 826 655 674 826 826 826 99 702 99 702 99 216 99 826 826 99 702 99 99 655 826 674 655 216 99 99 674 655 702 99 674 99 674 216 655 216 655 99 655 655 216 702 655 655 655 826 674 216 702 655 826 674 216 216 826 99 826 99 99 216 216 674 655 655 655 655 702 216 99 702 216 674 674 655 655 99 655 826 826 826 702 216 702 702 216 674 826 702 99 655 99 655 655 674 655 99 674 674 674 702 702 702 655 674 826 216 99 216 99 702 99 99 826 826 655 655 99 99 826 826 674 674 702 216 216 674 99 216 216 826 674 216 99 655 702 674 702 216 674 826 99 826 99 826 655 655 674 674 702 702 826 655 655 674 216 826 216 655 826 216 99 655 99 655 702 702 655 702 99 99 216 99 99 655 655 216 702 674 216 216 826 702 826 702 655 216 674 216 674 99 674 99 702 99 216 655 216 674 216 99 216 655 99 216 216 702 655 99 674 216 216 655 826 655 674 702 216 702 655 655 99 702 99 99 655 702 99 655 674 655 674 702 674 655 826 674 702 99 702 216 826 826 702 99 702 702 702 702 826 826 99 655 702 826 674 99 826 655 826 99 674 99 216 655 655 674 216 702 674 674 674 702 702 674 655 674 99 216 216 702 826 674 99 99 702 99 655 702 99 99 826 655 655 655 674 655 99 702 702 674 99 674 655 216 99 216 826 702 99 216 216 99 99 826 655 99 702 655 674 702 655 99 99 216 216 216 216 99 99 826 216 702 702 702 216 702 216 826 826 702 826 702 99 702 702 99 655 216 702 216 826 99 216 674 655 674 826 826 826 216 702 216 655 99 655 216 655 655 655 216 99 674 702 702 674 702 826 216 702 216 826 702 99 702 674 655 655 99 99 216 216 655 826 826 99 826 702 702 826 216 674 674 99 826 674 826 826 702 655 674 655 826 216 655 826 216 655 99 826 655 655 702 674 216 826 216 826 99 99 655 99 674 674 99 216 216 655 99 674 99 702 655 826 655 702 702 702 674 99 99 826 702 826 216 674 674 826 99 674 216 655 674 826 702 674 826 674 99 655 216 99 99 655 216 655 826 826 655 826 674 99 674 826 655 655 216 99 99 99 99 702 99 99 702 826 702 826 99 702 216 99 674 674 674 702 99 702 99 674 655 674 826 702 216 674 655 216 674 99 702 99 99 826 99 216 826 674 702 826 702 702 216 826 674 216 702 655 674 99 702 826 702 826 702 216 99 99 826 826 702 702 826 99 216 826 99 702 655 826 702 702 99 826 674 702 702 702 655 702 655 655 702 655 674 99 99 216 99 702 826 216 674 826 216 216 99 99 99 702 99 655 702 655 674 702 655 702 216 702 655 702 99 216 99 655 702 216 99 216 216 655 826 216 655 674 674 826 655 216 674 674 216 216 655 702 99 216 216 826 826 216 655 655 99 702 674 826 99 702 826 216 702 99 216 674 655 674 702 655 99 826 674 826 826 674 216 216 702 655 655 702 216 99 826 99 99 99 655 702 674 216 702 702 702 826 674 674 655 674 674 674 674 216 655 826 702 655 674 702 99 674 826 826 655 99 655 216 826 826 216 99 655 826 99 99 826 216 826 826 702 655 99 99 702 655 99 702 702 655 655 826 674 826 826 655 826 702 216 655 655 826 826 99 702 216 674 702 99 702 702 99 674 826 99 99 702 216 655 826 655 216 674 702 826 674 99 674 655 99 655 99 702 826 702 216 655 216 702 99 216 655 655 216 674 674 99 826 702 216 674 702 702 216 826 702 702 702 655 655 99 216 702 674 216 655 99 99 99 99 655 216 702 655 655 216 702 99 702 99 826 99 655 99 826 99 826 216 216 99 826 674 216 655 674 702 655 99 216 216 99 674 216 99 826 826 216 655 99 674 674 702 99 674 216 674 216 826 655 655 674 674 216 99 655 702 99 826 702 99 216 655 702 674 655 826 674 216 702 702 655 216 99 99 702 826 216 99 99 702 99 216 99 216 655 702 216 674 99 702 702 702 99 99 99 655 99 674 826 99 826 674 655 674 702 99 216 826 216 99 702 99 826 99 99 826 674 216 216 826 655 655 216 702 655 216 99 99 826 99 826 826 826 702 702 99 702 674 216 826 674 655 99 655 674 216 655 216 826 99 674 216 216 99 216 702 99 826 655 702 655 655 702 674 216 674 674 674 216 674 216 655 826 99 674 702 655 99 702 826 826 674 702 655 655 216 674 702 702 826 655 674 216 216 99 216 99 702 655 674 216 216 216 99 99 216 826 826 826 826 99 674 826 655 826 702 655 216 702 674 216 702 99 702 826 216 702 826 99 702 216 216 674 99 216 826 702 702 674 826 99 702 826 702 826 826 702 655 826 826 702 702 674 674 216 702 655 99 702 702 702 674 655 702 702 216 216 99 216 702 826 655 826 216 826 655 702 216 655 674 99 99 702 702 826 674 99 655 674 99 826 702 655 655 99 99 674 674 826 216 674 216 826 216 826 216 216 702 702 216 99 702 826 216 99 655 99 216 826 216 674 216 655 655 702 674 99 216 99 99 674 99 826 99 674 674 702 826 655 655 674 99 99 826 702 99 216 655 99 216 655 826 655 216 99 826 702 826 216 826 826 655 655 826 655 702 655 216 826 674 702 826 674 216 674 655 826 99 702 99 655 655 674 702 826 674 655 216 826 216 826 702 655 655 674 826 674 99 702 655 826 674 702 674 826 216 702 674 674 702 216 826 702 826 826 99 702 99 99 655 674 99 674 216 826 216 702 702 99 674 674 826 826 702 216 99 216 702 702 99 674 826 655 826 702 674 702 674 655 655 702 216 655 826 674 702 99 216 702 99 99 216 826 216 702 826 99 99 674 216 702 216 674 826 99 702 702 674 216 216 674 702 655 99 702 826 655 216 702 702 216 655 674 99 826 674 702 655 216 99 655 216 99 216 216 99 655 826 216 655 216 99 99 826 99 674 826 216 99 655 826 702 655 655 826 674 216 216 702 99 674 99 702 655 826 99 99 702 216 216 674 655 674 826 216 674 826 674 702 655 674 702 216 826 826 826 702 655 674 216 99 99 826 216 99 674 216 216 216 655 674 99 674 655 702 99 674 702 655 702 826 826 702 216 655 702 655 674 216 216 674 702 702 216 216 674 216 216 702 655 216 702 655 826 826 702 216 655 99 702 674 216 702 216 702 655 99 826 216 216 702 216 655 99 216 674 702 655 99 216 674 826 216 216 99 216 655 655 655 216 655 702 702 655 216 99 655 702 99 655 99 99 99 674 655 655 702 99 702 702 702 655 702 702 702 674 99 655 655 216 655 674 655 674 674 674 216 99 826 99 826 99 702 655 655 674 655 216 216 655 674 99 216 826 216 655 216 655 826 655 674 674 216 99 655 216 826 674 99 702 702 702 655 702 826 826 674 655 674 655 655 655 216 674 702 674 216 702 702 216 216 674 674 702 674 99 99 826 655 674 826 702 702 99 99 99 99 216 655 674 655 674 826 702 826 216 674 216 216 674 655 216 826 702 655 655 826 826 216 702 216 216 655 216 655 99 655 655 702 702 655 702 702 702 655 655 99 702 99 674 702 674 826 674 826 655 702 216 826 216 702 655 99 99 99 826 702 655 216 216 702 216 826 655 674 216 216 99 674 826 99 826 674 674 826 702 674 826 216 655 99 216 702 216 702 674 655 99 216 655 216 99 702 674 655 702 674 702 826 826 674 655 674 702 702 826 655 674 826 702 702 99 826 99 655 655 702 99 655 216 826 702 216 655 216 216 99 702 702 674 216 702 99 216 826 99 216 216 674 216 702 216 216 655 655 826 826 216 826 99 702 655 702 99 216 702 99 655 826 216 702 826 826 674 702 702 216 655 655 826 99 702 826 674 674 826 99 99 826 216 99 702 99 655 655 674 702 702 655 655 655 826 99 216 655 99 655 674 674 702 702 702 702 702 702 655 674 826 826 826 99 99 826 674 99 702 655 826 702 826 216 826 99 702 655 702 655 674 702 216 655 674 655 216 826 655 655 702 216 702 655 216 674 702 702 216 826 674 216 674 826 702 655 702 99 99 674 702 216 826 826 674 655 702 655 826 99 99 702 216 99 216 216 216 702 216 826 655 655 674 702 216 216 216 702 216 99 674 826 674 674 216 655 674 655 655 826 216 674 216 674 99 655 674 655 655 674 826 674 674 674 702 655 674 826 702 702 826 655 655 702 826 99 655 702 826 655 674 674 826 826 674 674 216 702 826 674 702 216 826 826 216 674 655 674 216 674 655 674 702 216 702 826 826 826 655 655 216 216 702 674 655 826 674 99 702 702 655 99 702 99 826 826 674 674 826 99 674 216 674 674 826 674 655 674 655 826 99 655 216 702 702 99 99 826 826 674 702 216 826 702 655 216 674 674 702 674 216 655 674 99 216 216 655 826 674 702 826 826 674 674 216 674 826 702 216 655 655 674 216 99 99 99 674 655 674 216 655 99 702 655 99 702 674 826 655 826 99 702 216 826 655 826 99 216 99 216 655 826 99 216 216 674 702 702 702 702 216 99 99 655 826 674 702 702 99 655 99 99 655 826 702 702 99 674 216 99 216 674 99 216 655 826 826 99 655 702 99 655 826 216 655 655 655 674 655 702 702 826 702 826 674 655 99 674 655 655 655 216 99 99 702 674 216 99 674 99 674 674 826 655 655 99 702 655 216 702 826 702 702 674 216 674 216 216 216 826 674 655 702 702 826 99 655 99 674 702 99 216 99 99 99 702 826 702 702 216 99 702 674 702 702 216 99 702 674 826 216 216 99 826 674 99 702 702 826 826 826 655 216 674 674 99 216 216 674 655 655 99 99 674 655 99 655 674 216 216 826 826 826 655 702 826 702 216 216 99 99 655 655 826 99 826 674 216 655 655 99 826 826 674 216 655 826 99 99 674 655 674 702 655 826 826 702 826 216 655 702 826 826 674 674 674 655 702 702 216 216 216 655 216 826 702 674 674 826 655 99 99 216 655 826 826 99 702 216 674 674 702 99 674 99 99 99 674 826 216 216 702 826 674 99 674 702 826 702 216 702 99 826 702 826 216 655 674 216 99 826 702 702 826 216 674 216 826 702 702 99 655 99 99 674 216 655 826 702 674 216 655 655 655 216 674 99 99 702 826 99 702 702 216 216 99 99 826 216 702 216 826 674 674 216 655 826 674 655 99 655 702 99 674 826 826 99 826 99 702 99 655 826 99 826 674 216 702 216 674 216 826 702 826 216 702 216 674 216 99 216 674 99 702 99 655 702 99 216 702 655 702 702 826 826 99 674 216 655 826 216 655 702 674 99 826 674 702 99 702 826 702 99 826 702 99 99 216 99 216 826 702 99 702 674 216 702 99 702 216 702 702 702 216 99 99 655 216 702 655 216 702 216 655 99 674 826 216 655 702 99 216 702 216 99 674 702 655 826 826 216 655 702 99 216 99 216 826 99 702 702 674 702 655 674 216 674 99 99 826 674 216 216 655 702 702 702 674 99 216 826 655 99 655 99 216 674 826 702 826 99 702 826 702 99 216 702 674 702 826 99 702 216 702 826 702 826 99 826 216 216 99 702 826 826 99 826 674 655 216 826 655 702 826 674 674 216 702 826 674 674 655 674 826 702 674 216 702 674 655 826 702 674 99 702 655 216 702 826 702 216 674 99 674 674 216 702 99 826 655 702 702 216 674 674 826 674 216 655 674 674 655 216 674 655 826 216 674 702 826 216 216 674 655 216 826 655 702 216 826 216 655 99 99 99 674 702 99 216 655 655 655 655 655 216 655 702 655 99 655 216 826 216 99 99 702 99 674 702 674 655 655 655 216 655 99 674 702 702 99 655 826 826 216 826 216 826 99 655 99 216 702 826 216 826 826 702 655 99 99 826 99 216 216 674 702 674 99 216 674 99 702 826 702 216 826 216 216 826 99 826 702 826 216 674 702 826 702 216 655 702 826 655 655 216 655 216 655 702 826 702 655 655 702 655 99 674 655 674 216 99 826 674 674 674 216 826 216 674 655 655 702 216 99 702 216 655 826 655 655 702 826 99 216 826 674 99 702 702 826 702 702 826 674 674 702 216 674 674 826 99 826 216 702 826 702 826 655 99 674 826 655 674 655 99 216 702 674 655 216 826 99 674 99 216 655 216 655 99 216 826 826 826 655 674 99 826 702 702 702 674 674 674 826 99 216 674 826 702 674 216 674 826 655 655 702 99 216 216 702 216 702 655 216 826 702 702 99 216 655 826 702 702 655 216 702 826 99 826 99 99 702 99 655 216 655 826 655 702 99 702 674 99 216 702 826 826 655 674 216 826 99 674 702 99 99 674 674 826 674 702 655 826 674 99 702 99 216 826 826 826 655 655 99 674 655 702 99 655 674 702 702 702 826 655 674 826 702 674 702 826 674 826 216 99 702 216 216 674 216 99 99 216 674 826 216 99 99 702 702 826 674 826 655 702 216 99 99 99 99 674 674 826 826 216 702 216 655 702 216 826 216 216 702 99 674 674 674 702 702 674 702 655 99 216 826 826 99 674 99 826 826 99 702 702 655 99 702 674 216 655 826 826 216 826 827 826 216 216 241 421 216 201 216 216 826 826 826 268 826 241 702 904 421 827 201 904 268 216 702 216 826 216 216 268 216 826 216 268 702 241 421 826 826 241 216 702 904 826 241 826 268 702 216 702 421 904 827 201 421 216 702 702 421 268 216 702 268 216 904 826 827 241 826 702 904 201 201 216 201 904 201 421 268 201 216 241 421 702 421 826 827 216 216 904 421 216 421 201 216 216 827 421 702 421 241 216 826 421 827 826 826 216 241 268 702 201 201 904 421 826 241 241 421 702 826 421 268 201 201 702 268 702 216 702 702 827 201 702 826 216 702 702 421 216 826 216 201 201 826 201 216 827 904 904 241 826 216 201 201 826 826 702 421 702 201 201 216 904 827 827 216 421 702 201 827 421 241 702 702 268 702 826 216 904 216 201 702 216 827 827 216 702 216 702 826 268 904 216 827 216 827 241 904 826 827 826 827 702 826 827 201 826 827 702 826 827 268 904 826 827 702 827 216 421 216 216 421 702 702 241 241 827 702 827 702 904 268 826 702 216 421 268 702 827 826 702 702 826 702 904 826 216 827 826 904 826 216 904 216 268 826 826 702 904 904 216 421 201 241 201 241 826 826 904 268 421 268 421 421 241 826 201 268 421 826 827 827 904 201 216 201 904 904 904 201 216 201 216 241 702 216 904 826 826 702 827 241 201 826 702 827 216 201 826 826 201 241 268 702 216 421 826 241 241 421 702 216 268 827 421 827 201 216 268 702 827 201 827 421 421 241 216 268 702 702 827 702 216 904 702 826 216 241 702 216 201 904 241 241 241 241 201 216 268 216 904 201 702 702 826 268 826 904 702 216 827 201 201 216 702 904 702 702 216 216 826 826 268 702 702 826 216 702 826 702 702 421 201 201 826 904 216 827 216 826 826 216 827 421 268 827 827 216 702 216 216 216 241 421 826 268 241 827 826 702 826 827 216 904 241 826 216 827 241 826 241 904 702 826 702 702 421 201 216 268 216 268 904 216 826 421 826 241 826 241 216 201 702 826 904 826 702 216 827 702 702 904 201 702 904 241 826 702 201 904 904 216 904 216 241 268 201 702 826 201 201 826 904 241 201 201 216 241 421 216 904 826 827 904 201 241 241 827 826 421 827 201 201 826 904 702 201 826 827 216 826 268 216 201 216 268 421 826 241 826 702 702 702 702 702 201 421 827 826 702 201 826 826 702 904 702 241 241 904 201 241 702 826 241 702 702 421 827 827 826 216 826 826 201 702 702 827 216 904 702 268 268 702 268 904 702 241 216 702 702 216 904 702 702 904 241 702 904 702 421 904 241 268 216 241 216 201 827 268 904 216 268 904 702 216 216 216 268 827 421 904 702 201 702 421 702 216 904 201 826 421 827 241 827 827 702 826 826 826 702 216 827 904 702 241 702 421 421 826 827 826 904 702 216 904 826 827 201 241 827 826 702 268 826 827 826 216 702 702 216 827 826 201 241 826 201 201 827 201 216 268 216 201 421 826 904 827 216 216 702 216 268 268 827 904 702 702 421 904 702 268 216 826 216 216 268 421 216 702 826 268 268 826 826 827 241 702 702 216 826 702 201 702 702 702 826 201 216 702 268 268 216 421 826 904 201 826 904 827 201 241 268 241 702 421 904 904 216 216 268 421 904 201 826 241 201 827 826 827 826 421 702 201 421 702 421 216 702 268 904 904 268 702 421 268 241 421 826 702 826 268 241 268 904 827 904 826 241 904 216 826 421 216 826 241 216 826 421 421 216 702 216 241 702 826 216 702 216 421 702 268 268 827 826 216 702 702 826 826 826 702 702 421 702 201 241 702 827 702 201 216 702 826 702 268 904 827 421 827 201 826 241 216 201 702 826 702 904 826 268 201 421 241 827 241 827 904 826 827 904 241 827 216 904 201 826 826 826 216 216 216 268 268 904 826 201 268 826 827 268 216 826 827 702 826 216 216 826 216 216 216 827 702 702 268 216 268 216 216 216 904 216 702 241 201 904 216 702 268 702 827 904 216 268 201 216 827 702 201 268 904 421 216 827 904 826 268 216 827 201 826 827 904 421 702 827 702 216 421 201 827 702 826 827 702 826 827 241 827 216 216 702 241 827 827 268 702 827 268 826 904 826 268 268 904 216 216 826 241 904 827 421 201 216 421 201 268 826 702 827 702 421 216 702 216 702 826 826 216 216 702 826 826 216 826 201 826 826 826 216 216 904 421 702 904 702 268 702 904 241 216 904 827 827 702 826 702 702 826 702 216 826 702 826 201 216 702 241 826 826 216 904 904 827 904 241 201 702 268 702 216 827 827 827 201 826 904 268 216 421 268 268 702 702 826 216 702 826 268 201 268 216 904 216 201 827 826 904 421 702 702 241 421 827 826 241 216 201 421 826 268 904 702 216 241 826 826 421 216 826 421 826 216 201 826 904 268 268 826 421 827 702 702 826 201 826 702 826 216 201 216 826 421 216 216 268 421 904 702 216 826 268 268 826 702 904 827 268 904 702 201 826 702 268 268 216 904 826 702 268 241 241 826 827 241 904 241 826 216 421 904 702 216 241 827 826 702 216 201 216 268 827 421 702 216 421 421 826 201 826 826 702 827 201 827 421 904 826 826 216 827 241 827 702 241 421 216 216 826 216 421 421 826 268 216 702 826 216 216 826 826 216 241 201 201 702 201 827 241 421 702 201 827 826 201 216 827 826 421 827 216 216 904 241 702 827 216 241 904 421 904 421 702 268 702 904 201 702 826 702 904 241 904 216 201 268 904 702 216 268 827 827 826 216 201 827 702 201 241 826 826 268 201 702 216 702 826 216 216 702 216 216 904 904 201 702 201 241 702 268 268 216 268 702 904 702 904 216 268 421 827 826 827 826 826 827 904 827 201 826 216 216 702 827 268 702 421 268 421 268 702 241 702 201 702 702 827 827 216 216 216 826 702 268 827 702 268 268 421 702 827 268 216 702 241 241 702 827 826 827 421 827 826 268 201 702 241 268 216 421 826 702 702 216 216 826 216 904 268 904 421 702 904 216 241 826 421 216 241 216 826 241 216 241 216 826 216 826 826 268 702 827 702 268 421 826 216 268 826 826 826 201 702 826 702 268 421 216 268 904 904 241 201 216 268 826 421 826 268 216 827 268 216 201 268 216 216 702 421 826 201 201 216 421 827 216 702 421 216 268 421 421 702 702 827 702 268 826 702 702 702 827 216 827 216 904 201 702 904 268 201 421 268 201 268 826 904 216 827 827 826 826 241 702 702 904 702 702 241 268 826 904 268 268 904 827 216 702 827 268 216 421 904 216 241 826 826 268 216 702 827 827 702 904 826 904 268 216 421 268 268 826 216 826 827 826 826 268 904 216 904 827 702 216 201 904 216 904 216 201 826 702 201 827 826 241 827 241 421 827 421 216 216 826 904 827 201 827 702 827 904 827 268 421 826 268 241 904 826 904 216 904 421 216 216 268 826 268 268 201 826 268 826 904 216 216 241 827 268 827 826 216 826 201 268 702 216 216 201 702 826 702 702 702 201 826 826 241 216 702 702 421 421 241 216 216 702 826 826 702 216 702 216 421 702 827 268 826 268 421 268 241 268 826 702 904 268 702 216 904 702 904 827 421 904 421 826 702 268 826 241 241 826 268 216 827 904 904 702 268 216 421 201 241 241 826 826 241 268 826 827 702 826 702 702 702 201 826 826 421 827 904 216 702 216 702 421 826 826 826 826 421 216 216 904 216 827 421 216 241 216 241 826 702 904 201 268 904 702 827 827 216 241 421 826 904 268 201 201 826 702 201 904 201 826 702 702 904 268 826 827 201 421 241 421 826 241 827 216 216 268 826 201 827 826 216 268 826 702 826 702 702 702 201 702 241 827 201 702 702 826 216 702 241 268 201 702 702 826 201 216 702 904 702 826 216 201 904 904 826 241 702 268 827 826 421 827 201 421 827 826 904 702 268 216 826 421 702 421 241 216 702 904 702 216 241 216 702 826 904 904 904 826 201 826 702 826 904 826 827 421 702 702 421 216 201 216 216 904 826 826 827 702 826 216 702 421 826 421 216 216 421 201 827 241 904 216 827 421 904 827 826 904 826 702 268 421 702 216 241 827 826 216 904 216 826 702 216 216 702 216 216 241 702 241 201 216 904 702 201 827 216 421 702 826 702 241 702 827 904 268 216 702 702 826 827 827 201 216 268 702 702 201 827 268 826 702 216 702 702 201 827 268 241 216 268 702 827 216 241 201 827 201 904 216 702 241 904 827 216 201 827 241 268 216 826 201 702 216 826 702 826 241 826 268 201 268 904 904 216 826 201 241 904 241 216 216 702 421 827 216 826 216 421 826 827 702 826 268 826 216 268 268 201 827 241 826 216 827 421 268 827 201 702 216 268 216 421 241 201 826 201 241 216 702 702 216 201 216 241 702 826 216 241 241 702 702 241 201 216 904 268 421 268 827 702 826 241 702 216 268 702 421 241 702 201 268 826 216 421 702 216 827 826 216 216 827 702 268 827 201 268 904 826 702 201 826 904 421 827 216 702 826 826 826 702 702 826 241 268 241 216 702 241 241 904 241 702 216 241 216 702 268 826 827 216 827 216 826 421 702 216 827 826 216 827 826 241 904 827 216 216 827 826 826 826 421 216 904 702 201 702 702 216 904 421 702 421 702 241 702 826 201 241 241 241 216 241 216 827 241 241 827 702 201 702 201 216 702 201 216 268 268 421 216 421 241 904 702 826 421 241 904 216 421 904 268 702 827 216 241 702 702 201 241 826 421 826 904 421 827 827 216 904 904 904 241 201 904 201 702 702 904 826 827 826 904 216 826 827 421 826 827 904 702 216 904 241 216 268 216 826 827 201 201 216 904 826 216 241 216 268 268 702 216 268 702 702 826 904 421 201 268 421 702 201 702 421 268 241 216 826 216 216 702 268 216 421 702 702 268 826 826 826 421 268 904 201 216 201 826 241 702 216 826 827 241 702 826 216 826 421 827 904 201 904 216 827 826 268 241 201 826 268 216 241 702 216 268 702 268 827 268 826 827 216 826 904 216 268 241 827 827 702 268 241 827 216 702 826 904 826 241 826 702 904 826 201 421 241 201 201 241 904 904 702 904 421 702 241 201 201 827 216 268 826 826 904 421 421 241 421 702 216 702 827 702 421 241 421 827 827 826 201 421 421 904 826 421 421 826 827 421 201 421 702 826 702 904 216 268 826 904 201 216 827 702 241 827 826 826 826 827 826 216 201 201 216 241 827 904 268 826 827 826 827 702 201 216 216 421 702 241 827 826 826 702 904 702 421 268 827 827 421 904 216 904 268 216 702 216 826 216 904 241 904 216 216 216 826 827 826 904 421 216 216 216 216 268 826 826 827 216 826 702 826 216 702 201 201 241 826 904 702 421 216 216 702 827 827 216 268 421 216 904 827 826 421 216 904 216 216 702 827 827 216 216 201 826 216 827 216 826 827 216 216 421 702 702 827 268 216 826 826 241 702 241 421 826 268 827 702 241 826 904 216 702 241 826 216 216 421 904 702 421 216 702 702 216 241 826 268 216 702 826 268 241 268 904 702 201 268 904 241 241 421 421 702 201 201 827 702 216 702 827 904 201 268 904 201 201 421 216 421 702 201 421 421 827 827 241 216 827 826 702 702 421 216 826 702 702 826 904 201 826 268 904 702 904 216 268 216 216 827 702 201 216 904 216 216 702 268 904 826 216 268 268 904 826 201 216 827 904 827 201 216 702 216 241 827 702 702 702 702 827 216 201 216 702 826 268 826 216 421 201 216 702 201 904 826 826 904 827 827 216 268 904 241 216 216 702 241 826 826 827 268 268 268 216 216 241 826 826 826 201 826 421 216 201 216 904 421 421 702 216 216 421 904 216 827 904 904 702 421 702 702 216 826 421 826 241 201 216 826 827 216 904 904 268 216 826 201 216 826 827 904 201 421 421 904 268 216 216 904 826 216 201 826 216 702 827 702 826 826 904 241 241 904 216 826 216 241 268 421 268 826 826 826 421 216 201 826 826 826 702 241 216 827 216 241 827 201 201 904 826 421 702 702 421 826 241 268 421 421 201 702 826 702 827 201 702 827 421 241 826 216 241 421 216 241 702 216 826 216 241 702 216 826 702 421 421 216 702 904 421 827 826 827 216 201 216 241 201 216 702 216 268 826 216 826 421 216 904 216 216 216 268 702 216 826 827 421 268 201 268 241 216 241 268 826 904 241 421 268 702 268 904 216 826 826 268 421 827 421 421 702 702 201 216 241 904 268 268 702 201 904 826 702 201 702 241 826 216 826 241 268 702 216 421 268 904 826 241 216 826 826 216 904 241 702 216 702 421 826 826 268 826 216 826 216 826 826 216 827 826 827 826 702 201 268 216 216 827 421 702 216 826 216 827 826 702 702 904 702 702 201 421 421 216 826 268 421 826 421 826 904 201 201 241 241 216 702 216 702 421 702 904 201 216 241 702 827 826 268 827 826 904 702 268 201 268 826 268 216 702 827 826 268 904 216 201 904 826 702 216 702 826 702 826 201 216 241 268 421 201 826 201 216 827 216 826 216 827 241 702 702 826 201 826 201 702 216 268 241 268 904 702 702 201 827 241 241 241 702 826 268 904 241 268 421 702 241 268 421 216 421 421 904 702 702 827 421 201 826 827 826 201 702 826 827 201 216 268 201 216 216 216 421 827 904 201 241 201 421 216 702 702 826 268 268 702 241 216 216 268 268 421 674 268 268 201 241 827 827 827 674 99 827 827 827 241 827 674 674 827 99 268 827 827 655 421 99 904 99 99 241 268 674 674 904 827 241 827 99 655 201 201 655 99 655 655 268 201 268 655 268 827 674 827 827 827 904 904 655 674 268 201 421 241 655 904 827 241 827 655 268 421 655 241 268 904 655 241 904 655 655 655 904 241 268 655 99 241 99 201 421 99 674 655 201 655 655 268 904 674 827 674 655 241 99 99 674 655 655 674 99 674 674 655 827 655 674 201 99 241 674 674 268 99 421 421 904 99 674 99 99 674 674 655 268 655 827 99 268 99 99 99 99 827 268 655 268 655 904 655 655 268 99 99 241 268 201 674 421 674 674 268 655 655 99 674 904 268 904 674 904 674 904 655 655 674 827 674 655 674 99 655 99 241 99 241 655 99 655 99 99 655 904 268 674 99 827 99 241 827 421 674 99 904 99 99 421 99 99 655 421 99 201 655 99 99 655 201 421 655 655 421 99 655 655 827 655 201 99 99 655 99 241 827 268 99 674 421 99 201 421 827 268 674 99 268 99 99 201 674 655 201 827 421 268 674 201 904 268 655 201 241 421 655 99 655 268 655 421 674 655 674 268 904 201 421 655 99 904 241 421 655 201 655 827 99 904 655 421 268 201 674 904 904 99 827 201 99 674 99 268 99 827 201 904 674 674 268 904 904 674 904 674 655 904 655 655 674 421 241 655 201 421 655 655 655 904 201 827 904 655 655 674 201 421 655 674 655 99 674 655 904 201 904 655 99 904 268 99 655 201 904 201 99 201 421 241 421 674 421 268 201 655 904 99 655 99 201 674 655 421 674 674 201 99 421 201 904 99 655 827 655 655 674 655 904 421 201 674 99 655 674 827 99 241 827 904 241 201 421 655 904 421 201 421 904 99 268 241 655 421 241 674 655 674 201 904 674 904 904 827 241 904 655 674 268 268 99 421 99 99 241 268 241 827 674 655 655 655 674 655 827 827 99 201 421 674 674 268 241 99 655 241 99 674 674 99 99 674 655 421 655 827 655 201 201 268 201 827 827 241 421 99 99 268 655 268 268 99 99 904 268 99 655 99 655 655 99 241 201 827 674 268 241 674 99 268 241 655 827 827 241 904 904 99 268 268 827 99 99 674 268 674 674 241 655 421 241 241 201 904 674 674 674 904 241 674 674 99 674 268 99 674 904 655 674 99 904 268 655 99 674 655 201 674 421 674 655 99 904 655 655 241 655 674 655 904 99 674 827 421 827 241 201 99 827 421 201 99 241 99 99 241 674 421 827 674 241 201 201 904 99 904 99 904 904 99 827 655 904 674 674 241 99 674 241 674 827 904 827 99 268 99 99 99 827 421 674 99 674 674 99 827 268 655 674 674 674 99 827 241 655 655 99 201 99 421 904 421 201 904 674 99 241 904 201 99 674 655 674 674 655 99 99 421 241 827 904 904 674 268 827 674 904 99 201 827 674 674 827 827 99 904 201 655 99 655 268 827 904 655 201 421 655 241 201 655 655 827 99 674 655 421 268 827 268 827 674 904 655 674 655 99 674 99 655 99 201 421 99 201 655 99 827 99 268 674 201 674 655 827 674 904 904 674 99 268 827 655 827 904 827 201 201 201 241 674 655 201 904 421 674 655 268 655 201 201 655 99 241 655 904 99 99 655 201 421 655 99 655 655 674 655 655 655 421 201 201 241 421 827 241 99 655 674 99 827 99 655 655 655 201 674 655 827 99 421 904 241 827 99 904 241 201 268 674 99 268 674 827 655 201 241 655 268 201 827 827 201 904 655 674 241 421 241 201 99 99 827 99 674 904 99 674 904 201 99 827 674 99 99 674 655 655 201 201 655 674 674 201 827 674 904 655 99 904 201 421 241 268 827 268 827 421 201 99 674 421 827 99 99 99 827 99 655 99 241 827 674 99 827 904 655 268 99 674 268 674 827 421 421 655 99 241 268 99 674 201 674 421 241 99 99 827 99 674 904 421 241 674 241 421 904 201 241 827 655 99 674 99 241 99 655 201 421 655 655 674 99 241 674 99 655 674 904 201 655 99 241 99 99 421 268 99 421 421 655 655 827 827 674 655 904 201 674 655 655 268 655 674 201 268 99 241 268 201 674 99 655 421 827 655 655 827 655 904 99 99 655 421 421 268 201 268 655 99 674 268 268 421 268 99 827 674 674 99 99 674 99 99 241 99 99 827 655 674 674 201 655 421 827 241 99 99 674 827 99 268 827 674 904 827 827 674 268 99 655 674 827 655 241 99 99 99 674 655 201 241 241 241 99 655 674 904 201 99 904 674 827 655 674 827 674 827 904 655 99 268 674 99 99 99 201 674 201 201 99 674 99 99 241 268 99 99 904 655 827 655 201 655 421 674 241 674 827 99 421 268 99 201 655 674 674 655 674 241 827 268 655 99 904 421 674 674 268 827 674 655 674 674 674 201 421 99 241 674 421 421 99 827 241 904 241 268 904 241 268 201 827 99 674 655 241 904 655 99 827 201 674 99 674 241 421 99 904 655 99 904 655 655 99 268 201 268 904 827 674 904 674 674 904 241 827 421 827 201 904 421 674 674 674 904 268 201 201 674 241 655 827 201 99 655 268 421 201 268 827 674 674 827 241 674 241 674 241 904 268 904 827 99 201 674 268 674 674 421 655 904 674 241 655 421 674 655 201 99 904 99 827 201 904 655 655 421 201 655 827 655 674 241 674 674 201 241 268 674 421 201 99 241 655 674 99 99 904 268 655 655 655 99 99 268 827 241 674 201 99 99 268 268 421 99 421 674 421 241 655 99 827 241 904 674 421 241 674 99 827 827 827 99 201 201 268 904 827 827 421 421 201 201 655 827 268 241 674 201 268 99 674 201 655 99 99 421 655 241 201 99 827 421 827 268 241 99 421 827 201 201 827 268 268 904 421 99 655 268 201 421 674 674 421 268 99 201 201 99 241 674 99 655 99 655 268 904 674 201 674 827 655 201 99 421 674 268 268 99 268 827 904 99 827 674 674 655 99 201 674 268 268 268 655 99 674 674 655 421 421 674 655 241 827 674 241 421 268 827 674 99 655 421 99 99 99 421 655 421 421 655 201 241 99 655 99 201 99 674 904 827 655 827 655 904 241 827 674 655 421 674 655 674 904 421 99 655 827 421 655 421 674 268 99 655 241 241 99 674 674 674 674 655 674 674 827 268 904 201 268 201 99 421 674 674 674 827 674 674 674 674 421 674 904 99 655 421 241 99 655 241 674 201 674 201 674 99 421 99 201 421 421 99 674 674 99 99 827 674 674 904 99 99 241 674 904 674 421 655 421 268 241 99 655 827 674 99 904 827 827 655 241 268 421 99 99 421 674 201 99 99 904 674 674 268 674 268 99 655 904 268 674 674 421 827 674 241 99 201 655 655 674 655 201 201 421 655 655 827 655 268 674 674 904 99 674 674 827 421 674 99 99 655 241 421 421 904 827 268 904 655 674 268 421 99 827 674 827 201 421 268 655 827 827 674 655 201 674 674 201 241 674 201 674 268 99 241 268 674 99 241 904 904 241 268 674 674 655 99 268 99 827 268 674 241 241 421 241 904 655 655 904 674 421 655 421 268 421 904 904 655 99 655 674 201 268 655 655 904 99 904 268 421 674 99 421 827 241 827 99 827 655 421 99 99 201 655 241 655 904 674 674 655 99 99 268 655 827 99 655 268 99 241 421 421 904 674 904 241 241 201 904 674 268 268 99 268 241 421 674 421 827 421 421 241 655 99 99 655 99 201 268 241 904 674 241 241 655 655 99 99 268 674 655 655 674 241 674 904 421 241 201 827 674 201 674 268 827 201 904 241 655 241 674 201 268 268 241 904 268 827 268 827 674 655 421 655 655 674 99 421 904 241 268 674 674 201 674 99 674 268 904 421 268 421 99 904 99 201 201 99 268 674 904 99 674 827 99 268 99 655 241 268 655 904 674 99 241 827 674 99 241 241 268 241 904 904 421 421 241 674 99 201 421 99 655 655 827 99 655 99 655 268 268 241 268 904 201 99 904 904 827 99 201 268 99 674 827 268 201 241 674 99 99 421 99 655 674 268 674 655 201 241 241 201 99 655 674 268 674 99 241 99 268 827 827 268 421 674 421 827 201 655 421 904 99 904 904 99 674 421 99 904 655 201 201 201 655 99 241 655 99 655 99 674 674 827 268 268 268 99 268 268 674 674 99 655 655 421 268 268 674 268 655 674 268 99 241 674 674 99 99 99 827 827 99 241 99 655 99 655 241 268 201 99 655 421 674 201 99 241 241 655 99 99 99 674 201 655 241 655 655 268 268 827 904 655 827 674 655 268 827 674 674 655 655 99 99 268 99 674 827 99 268 99 674 268 99 241 827 827 268 201 827 674 99 201 655 655 674 268 241 201 827 904 268 655 674 201 655 268 241 904 655 201 421 904 201 421 674 201 655 99 99 674 99 99 99 655 268 655 201 241 99 655 674 827 201 201 827 655 655 674 241 241 655 904 674 201 99 674 674 674 99 904 99 421 241 99 421 99 99 827 904 904 655 421 421 99 674 268 421 99 904 674 674 201 241 655 827 674 655 268 421 201 827 99 201 241 99 655 827 674 674 674 268 421 241 674 904 421 674 674 827 655 655 241 201 674 674 904 99 99 674 99 655 827 655 241 674 904 674 827 201 268 904 827 241 674 99 268 99 827 674 421 201 674 674 99 674 655 99 655 655 904 201 268 655 655 421 99 674 827 674 99 99 201 201 99 99 674 99 827 268 241 268 904 655 674 674 674 674 421 241 674 655 674 827 241 655 421 99 827 241 655 904 241 827 201 674 655 421 674 655 827 655 268 99 904 655 241 241 674 99 674 904 99 655 268 421 827 99 99 674 201 241 827 268 827 99 674 201 268 674 99 99 268 241 827 99 674 655 201 827 655 827 99 827 99 99 268 674 268 421 904 268 827 655 421 655 268 421 655 655 655 268 99 421 421 99 241 241 201 655 421 827 674 655 674 904 674 99 655 674 201 421 99 99 904 904 674 421 421 655 421 904 268 99 241 904 268 655 655 827 99 421 827 655 655 421 99 655 904 241 674 674 674 674 827 241 655 655 655 827 421 268 201 201 241 904 674 201 827 674 201 268 99 674 655 904 268 827 268 241 268 268 268 268 99 827 99 904 904 421 421 99 99 241 827 827 655 421 201 674 655 827 99 674 674 904 655 201 674 674 655 241 655 99 421 674 241 421 827 268 674 674 904 904 827 827 421 655 268 655 827 904 655 268 421 201 674 201 827 99 268 201 674 99 268 674 99 268 674 655 201 674 268 655 674 674 904 655 201 268 421 99 655 674 674 904 421 655 99 674 241 99 99 201 241 655 827 201 655 655 201 99 827 201 674 241 241 421 201 99 241 99 674 655 674 674 674 99 201 904 655 421 674 99 268 99 99 99 201 655 674 99 241 421 674 827 99 904 241 827 827 201 421 655 99 268 904 904 99 241 655 201 904 655 655 674 99 827 655 99 421 674 201 99 421 904 268 655 241 268 268 827 201 904 674 241 655 99 655 674 268 99 827 421 99 241 241 904 268 99 99 421 655 827 827 827 201 201 655 674 674 421 241 674 268 674 201 655 904 674 827 99 201 201 99 268 904 655 201 655 421 241 904 421 268 904 674 655 201 674 674 674 268 827 99 827 201 268 99 674 268 99 201 99 827 674 674 827 674 655 99 904 674 99 674 241 99 201 201 99 201 99 268 201 827 904 99 655 201 904 201 268 655 674 201 99 268 241 655 268 99 674 99 241 655 201 99 674 421 201 99 674 421 201 421 201 99 674 241 655 674 655 421 99 201 904 827 421 674 201 268 99 99 421 241 201 201 421 904 99 201 655 655 99 201 655 241 99 674 241 674 674 421 99 268 674 421 99 241 674 201 674 241 421 201 201 99 674 904 655 827 99 201 674 99 268 421 99 421 827 201 241 241 827 99 827 674 827 99 904 421 904 674 827 655 99 827 421 241 904 904 268 421 904 827 655 655 201 827 201 99 674 421 99 674 655 201 99 99 99 674 655 674 201 674 655 674 99 674 904 99 99 904 655 827 904 655 674 99 99 421 99 99 241 674 268 421 655 99 674 99 655 99 904 655 201 99 674 421 99 674 674 99 674 268 268 904 827 904 904 268 904 99 674 674 827 421 421 241 268 674 674 674 904 827 241 674 655 268 268 99 655 674 201 674 655 268 655 904 99 904 827 904 268 421 421 241 674 421 655 201 655 99 268 655 904 241 241 655 99 99 99 655 674 201 655 99 655 241 655 99 99 99 99 904 241 268 827 99 655 201 904 655 674 201 674 655 421 201 241 99 99 674 674 904 655 268 674 268 827 827 241 904 904 674 421 655 241 655 241 99 827 674 655 674 421 674 904 201 421 268 241 674 99 674 99 904 674 421 241 421 241 241 421 904 421 421 241 201 99 655 201 827 674 904 421 904 904 674 241 827 655 655 904 674 655 655 241 827 655 241 674 99 674 241 268 904 655 904 655 201 268 655 827 99 268 655 674 99 421 655 655 674 201 99 904 268 201 201 827 674 827 904 674 99 241 99 201 655 421 268 201 827 827 655 655 99 99 241 99 201 827 99 904 201 268 99 201 99 674 674 241 421 99 655 99 674 268 904 674 421 268 421 655 201 268 655 655 99 421 655 674 421 201 655 655 655 674 99 655 655 655 201 904 241 421 674 201 827 99 268 655 655 99 674 201 904 904 674 99 655 827 655 421 674 201 421 674 674 268 827 421 655 268 674 655 99 201 655 268 655 655 827 268 674 99 421 268 827 99 268 99 674 674 99 655 827 904 421 268 268 201 674 268 904 904 201 241 268 827 674 655 421 268 241 268 99 655 904 655 674 674 268 674 655 99 655 201 827 241 99 827 241 904 268 904 268 827 655 674 268 674 268 674 241 655 655 268 904 99 99 655 99 421 655 674 904 421 904 201 655 201 241 904 241 241 99 655 904 674 268 241 655 99 827 904 827 674 827 99 655 421 421 99 655 674 674 674 201 201 241 674 674 904 655 421 99 99 674 99 655 827 268 827 904 674 99 99 904 241 99 904 655 655 655 201 99 99 99 268 201 201 655 99 655 655 827 655 827 827 655 655 674 904 268 241 201 655 655 904 655 421 674 99 241 268 655 674 655 827 904 655 201 655 827 201 674 421 827 241 827 674 655 827 99 99 655 655 201 241 674 674 268 674 201 268 241 99 674 674 268 904 655 268 827 241 674 674 674 904 827 827 99 655 655 99 241 421 827 827 421 421 201 655 655 904 99 904 655 421 421 827 655 99 99 904 674 421 655 241 99 655 904 904 655 241 827 421 827 655 99 655 827 655 99 268 421 655 201 99 268 99 655 241 674 904 421 674 99 827 674 904 655 674 99 827 421 241 904 268 904 655 99 674 201 201 655 268 827 99 674 655 655 655 241 99 674 421 674 241 99 674 827 268 674 201 99 674 827 674 655 827 655 655 674 201 241 655 904 904 674 99 827 674 674 99 201 674 904 99 99 904 655 268 201 655 241 99 827 99 421 421 99 674 201 674 674 674 674 827 241 674 421 268 241 674 268 241 674 904 99 827 827 904 201 241 655 241 201 827 421 99 674 674 99 904 655 674 268 904 904 241 99 674 99 655 827 99 421 904 421 674 99 904 655 827 655 268 674 655 99 827 268 99 99 827 674 674 674 674 99 674 241 904 99 674 421 827 201 421 827 674 674 827 99 655 99 674 201 99 99 99 99 655 827 241 674 421 99 904 674 655 268 201 99 904 655 655 904 655 99 421 201 674 99 241 674 99 904 655 99 827 655 904 827 655 674 201 99 655 655 421 241 201 904 201 268 655 99 827 201 99 904 655 674 655 674 904 674 674 99 655 674 99 241 904 201 655 827 827 99 201 655 99 99 201 827 241 674 201 421 674 655 827 241 655 655 655 904 904 904 241 268 421 674 674 674 99 674 268 421 655 904 674 674 99 99 268 99 201 421 674 674 674 904 201 674 655 241 421 655 904 674 421 99 201 827 99 674 904 674 241 655 655 241 241 904 99 904 655 655 99 655 421 674 655 241 99 827 827 674 99 674 674 674 655 674 904 827 827 268 268 674 241 99 201 268 904 674 655 827 655 674 241 241 827 421 674 674 421 674 99 655 201 99 201 241 99 201 421 268 674 268 99 268 655 99 827 201 827 674 201 904 268 904 904 655 421 674 655 421 827 674 99 655 674 674 241 268 655 99 904 674 201 421 421 674 201 655 655 827 99 201 268 421 674 674 655 99 421 674 904 904 904 674 99 99 241 241 674 99 674 99 268 904 655 241 421 674 674 655 655 655 99 674 904 99 99 99 674 421 674 201 655 904 674 674 99 674 201 674 674 674 421 904 268 99 99 904 99 674 655 674 674 827 241 904 268 99 827 99 99 268 674 904 201 674 674 201 655 268 655 904 99 655 201 201 241 99 201 268 421 241 268 201 421 421 904 827 655 655 268 268 201 99 241 99 201 99 99 655 674 99 674 655 904 655 827 99 99 827 99 201 904 99 674 201 904 904 904 201 655 201 201 99 674 827 674 201 827 674 655 99 268 268 99 241 268 674 99 904 268 674 827 674 241 904 241 674 421 268 99 99 241 655 655 99 674 904 827 99 674 99 99 99 674 201 674 655 827 99 674 674 421 904 99 674 904 99 268 655 674 241 99 99 827 201 201 674 655 268 201 674 904 674 655 674 674 201 674 268 674 201 655 904 241 655 674 241 241 655 655 421 827 421 674 655 241 655 827 268 827 674 904 674 674 99 241 421 655 268 655 674 99 904 99 655 268 655 827 421 674 827 655 655 268 655 674 241 655 201 241 674 99 655 655 827 268 99 268 904 241 827 827 655 904 201 268 674 99 674 655 201 655 655 674 268 827 99 99 268 99 99 421 655 674 421 268 655 827 99 268 674 674 421 201 655 268 99 904 674 904 655 421 99 268 655 99 201 268 674 655 904 674 99 904 99 268 268 655 201 827 421 241 201 99 655 674 241 674 904 99 904 99 99 827 655 827 674 674 99 421 904 99 268 674 268 655 99 268 827 674 904 904 201 99 99 655 421 655 268 674 674 827 674 241 241 201 827 99 655 201 99 827 904 241 99 674 674 99 421 827 99 674 241 904 268 201 268 99 201 99 655 201 201 201 655 827 827 655 674 674 241 99 674 674 201 904 201 655 674 241 904 201 674 421 655 655 674 655 201 904 99 904 674 655 241 674 827 99 99 201 99 99 99 99 99 904 268 655 421 655 99 655 674 674 241 674 674 99 655 201 674 201 99 99 904 655 674 99 201 241 655 421 655 655 268 268 201 241 201 201 655 674 674 241 241 827 674 655 99 904 655 904 674 655 655 674 201 241 674 674 904 421 655 421 99 268 201 99 268 201 99 201 241 827 421 655 421 655 655 268 655 421 201 99 268 655 268 201 827 674 674 268 674 99 99 674 201 827 655 674 201 904 241 655 655 655 827 655 674 268 421 674 99 241 201 268 241 904 674 99 674 201 674 904 201 99 674 268 827 99 421 655 655 655 99 655 904 241 904 904 674 99 268 201 674 421 268 99 268 655 241 827 201 674 241 674 904 201 655 655 99 655 241 201 421 99 674 904 655 674 904 655 674 674 674 99 655 904 674 201 827 99 99 655 99 904 421 201 674 99 268 904 241 99 268 421 674 655 421 655 655 674 241 674 99 421 99 241 674 827 655 201 99 241 655 268 241 827 655 827 99 674 827 655 241 421 99 674 655 241 674 674 827 201 674 827 674 674 655 674 241 268 268 99 655 674 827 674 827 674 201 827 241 827 241 268 421 674 99 99 99 655 655 904 674 201 674 674 827 268 99 827 655 421 674 421 421 421 674 827 268 655 201 674 655 421 241 674 201 201 201 99 99 201 201 99 674 904 421 201 99 904 904 674 674 99 241 421 904 904 674 241 201 421 421 268 99 655 99 904 904 904 655 674 655 241 674 99 827 655 268 827 655 904 674 421 268 655 241 99 421 201 674 827 421 201 827 904 99 655 421 268 99 99 241 99 201 827 674 201 655 421 268 827 655 241 655 421 241 904 99 421 268 99 201 201 904 268 674 674 674 827 421 241 827 827 201 201 674 241 201 241 674 674 268 99 241 268 99 99 655 99 674 655 99 201 827 827 655 674 99 904 201 201 241 674 674 674 99 904 674 904 655 99 904 241 421 241 655 241 421 268 99 904 99 674 241 655 268 655 674 655 268 827 827 655 201 421 655 201 421 674 674 99 674 904 904 904 655 655 99 99 674 99 99 674 241 904 268 268 268 99 674 674 241 904 655 201 904 674 241 655 827 655 99 827 674 655 99 99 201 99 421 99 904 99 655 674 99 421 241 201 655 268 241 99 904 241 241 99 201 268 268 674 241 827 674 655 421 268 904 99 268 904 99 99 421 99 827 99 241 904 655 674 99 674 655 268 655 674 655 421 421 827 241 655 99 421 655 268 201 655 99 655 99 674 99 904 99 99 241 674 99 241 655 674 241 827 655 99 655 201 421 674 674 421 241 655 674 674 201 268 674 827 268 655 99 655 241 827 99 674 241 421 201 241 655 201 827 201 241 241 241 904 201 241 99 99 421 655 827 241 674 655 201 827 99 201 674 99 421 268 241 241 674 674 904 655 655 904 99 99 99 241 904 241 421 99 201 99 904 268 421 99 99 241 655 421 241 99 827 655 99 655 904 99 201 674 655 655 99 421 674 827 241 827 655 655 655 241 674 99 655 268 268 99 655 655 655 99 827 674 99 904 674 674 655 674 99 99 904 655 655 421 674 904 201 421 674 904 99 674 99 904 655 268 655 827 99 99 201 674 421 99 99 241 674 674 674 827 655 99 655 241 421 904 674 99 201 655 421 268 241 268 655 655 655 904 268 99 421 268 241 904 268 904 655 99 99 655 268 268 201 99 201 99 904 827 655 99 241 99 674 904 99 674 201 99 904 655 268 241 99 655 674 674 674 99 904 99 241 421 674 674 827 827 201 99 99 827 674 201 201 99 674 99 655 827 674 655 99 904 674 655 99 268 421 241 674 241 201 655 655 201 674 201 674 904 655 674 421 674 655 904 201 421 99 655 99 99 655 421 421 99 99 655 241 421 201 655 201 904 268 421 674 827 99 421 201 99 655 674 421 99 99 827 655 827 904 827 201 421 655 99 827 655 241 421 674 827 99 904 241 674 904 655 826 826 826 826 826 826 826 826 826 826 826 826 826 826 826 826 826 826 826 826 826 826 826 826 826 826 826 826 826 826 826 826 826 826 826 826 826 826 826 826 826 826 826 826 826 826 826 826 826 826 826 826 826 826 826 826 826 826 826 826 826 826 826 826 826 826 826 826 826 826 826 826 826 826 826 826 826 826 826 826 826 826 826 826 826 826 826 826 826 826 826 826 826 826 826 826 826 826 826 826
