15707 1000 1000
59 222 420 455 683 732 773 880 954 960 0
26 209 287 354 417 422 556 618 737 806 0
190 348 367 407 418 453 521 841 951 0
160 214 363 467 507 533 655 763 947 0
40 97 108 201 456 507 580 0
392 432 622 623 713 802 915 0
158 449 462 474 539 623 751 813 876 951 0
343 469 522 523 671 770 774 801 886 0
34 227 340 491 532 883 0
9 106 214 438 672 0
13 69 423 449 821 986 0
198 267 329 611 661 784 867 963 0
105 178 201 392 482 653 672 688 739 0
31 341 483 486 701 711 717 801 923 0
111 197 267 311 356 357 475 548 635 697 833 870 976 982 0
206 495 593 0
108 130 373 374 392 422 582 774 0
220 223 345 366 432 0
217 246 289 333 444 513 978 0
234 324 473 563 952 0
7 15 43 183 402 503 654 791 793 802 918 959 0
259 312 363 521 743 806 856 0
77 308 417 438 439 545 754 998 0
3 81 205 214 324 484 537 603 712 758 790 0
58 245 346 350 370 534 722 765 917 0
22 77 173 209 506 521 720 981 0
75 97 103 369 397 402 403 408 610 630 681 823 854 0
176 192 194 200 245 325 328 387 725 832 0
150 263 529 562 571 604 697 781 931 0
244 253 435 464 793 802 865 954 0
91 178 272 295 381 619 649 653 987 0
60 181 440 534 548 766 788 844 852 0
27 115 327 365 398 518 529 532 548 636 740 789 0
21 317 502 534 560 588 735 787 920 0
11 29 330 368 517 720 835 929 961 0
105 211 352 421 491 886 954 995 0
96 114 121 426 688 774 796 0
47 180 211 491 560 565 603 781 948 0
46 120 121 267 369 426 726 731 828 860 885 915 991 0
31 208 500 526 553 575 670 858 0
68 213 267 285 678 908 952 0
90 428 536 711 959 0
38 201 282 300 321 461 662 725 763 966 0
236 506 541 551 557 633 649 656 855 947 0
279 563 618 699 727 764 780 830 869 946 0
33 100 144 254 261 305 447 540 629 844 906 0
14 717 953 0
39 80 359 471 504 706 0
62 639 672 728 748 978 0
98 135 188 415 889 924 0
93 185 392 401 511 706 724 792 799 0
5 29 73 117 232 360 395 450 601 684 734 898 917 958 968 0
244 467 623 652 811 845 884 930 977 0
3 16 56 62 181 242 366 474 553 679 730 778 821 898 979 0
71 106 253 362 365 445 781 0
78 126 162 478 495 515 743 903 0
87 261 484 542 0
157 238 470 659 948 993 0
339 523 754 766 840 922 0
56 97 153 256 288 319 454 471 489 543 0
67 253 315 320 785 0
128 193 239 243 650 0
257 303 559 574 636 807 921 933 0
25 167 193 317 330 352 419 441 465 667 859 915 0
262 286 401 561 584 852 871 0
165 291 339 348 375 492 549 587 649 667 687 784 964 981 0
34 74 263 282 338 540 665 763 777 852 878 913 0
114 374 894 908 0
1 249 357 362 508 546 715 0
635 786 842 950 0
172 214 266 392 418 564 633 698 0
29 187 273 367 464 496 699 763 852 853 960 0
70 207 328 506 605 777 791 0
23 25 152 162 377 620 672 709 854 0
39 238 411 509 514 536 577 717 757 794 807 886 0
142 293 320 417 515 599 0
297 421 431 512 543 0
84 188 231 334 362 400 414 549 799 962 0
4 150 152 369 500 709 881 898 0
105 157 194 229 539 977 0
78 112 115 248 304 762 848 897 926 0
76 471 511 530 577 597 654 763 849 0
182 319 415 498 597 828 859 0
10 42 248 498 647 845 0
35 74 252 830 865 880 958 0
17 44 260 438 444 498 608 843 0
65 506 673 836 888 0
30 122 270 402 513 635 833 846 993 0
399 474 623 690 736 771 819 910 956 969 0
101 265 273 323 406 508 550 629 690 775 0
88 193 631 699 850 862 984 0
175 268 291 310 389 424 453 495 599 969 0
110 123 155 179 185 232 263 407 530 568 600 612 692 794 847 0
66 208 270 298 483 549 685 816 836 0
158 164 222 582 940 977 982 999 0
31 377 779 0
137 212 284 346 373 472 578 655 822 896 0
358 399 551 726 787 828 845 997 0
30 75 94 155 215 259 286 335 563 598 858 947 0
251 561 657 699 913 945 0
96 158 282 309 377 397 762 904 992 0
86 186 284 517 692 693 698 821 852 866 873 889 979 0
77 251 364 388 445 474 668 818 970 0
261 536 816 974 0
41 47 258 393 442 574 575 660 885 0
106 169 372 383 521 557 606 716 897 0
83 168 178 214 325 490 598 853 900 0
149 186 197 204 211 231 280 294 398 634 637 670 705 760 0
131 138 173 242 244 258 329 494 536 674 714 748 814 860 881 0
23 41 60 387 440 596 627 0
47 52 189 860 941 0
6 164 338 382 443 498 626 913 974 0
156 428 607 0
43 157 318 355 364 387 415 561 586 617 618 669 707 793 807 0
10 100 459 500 565 614 697 714 771 0
75 553 760 790 842 945 0
116 179 848 915 980 0
4 197 227 273 326 420 486 487 638 779 0
54 124 174 210 567 811 958 0
349 412 746 813 849 970 0
34 40 72 321 414 853 855 915 968 972 0
176 229 358 625 988 0
369 414 541 653 681 708 759 855 0
105 139 680 694 775 916 987 0
92 278 389 448 550 588 590 749 899 0
1 8 21 53 151 213 653 730 852 0
74 316 528 556 702 703 714 797 886 0
43 60 103 144 232 246 375 470 545 636 760 805 910 0
58 153 233 369 387 391 484 493 654 684 784 785 0
295 302 303 305 402 471 508 577 587 600 743 968 0
515 559 581 582 617 701 913 0
100 252 259 378 625 656 674 947 0
126 567 685 725 806 808 954 0
130 152 447 463 468 506 532 769 931 0
7 22 358 535 614 655 761 969 0
84 243 496 507 650 679 735 740 812 818 944 0
79 133 138 217 311 494 831 0
6 156 185 245 430 472 595 662 707 979 991 0
275 276 578 610 688 827 874 917 991 0
64 147 165 298 401 844 967 0
225 395 466 816 930 0
180 305 320 443 456 497 564 636 927 0
101 328 363 481 594 667 863 902 921 932 0
28 81 228 408 434 818 967 0
360 503 505 654 667 785 917 965 0
88 283 610 728 836 926 0
31 178 230 283 318 352 376 379 762 882 0
13 511 520 528 653 672 745 821 985 0
74 142 498 577 764 809 842 0
113 148 150 238 271 370 437 520 767 999 0
59 118 209 315 350 442 956 0
22 30 34 72 234 242 249 303 520 645 650 679 0
89 120 239 328 393 404 727 736 999 0
405 421 483 607 642 956 0
21 197 253 308 310 444 490 538 539 602 757 822 920 0
127 128 397 629 713 859 868 904 0
2 10 218 224 240 374 439 537 722 826 838 0
58 78 178 252 605 629 647 846 877 952 0
24 45 251 342 482 651 679 0
259 493 503 555 640 711 738 780 953 0
385 387 441 478 555 635 685 832 0
42 318 524 744 772 943 970 0
141 156 297 317 377 596 684 815 846 905 0
9 122 149 430 488 628 678 817 819 0
284 306 504 544 716 0
247 305 956 0
102 276 434 487 499 514 566 586 0
148 505 626 774 949 0
55 57 502 541 543 666 775 800 0
242 466 482 502 642 668 911 934 995 0
87 124 354 372 395 451 523 544 567 618 761 0
50 57 239 316 422 464 474 481 723 942 0
107 175 381 382 435 641 885 902 0
21 38 136 139 328 359 432 533 563 586 637 804 0
54 248 990 0
404 427 611 878 0
42 168 188 419 462 468 489 605 903 949 977 994 0
100 105 118 255 572 600 759 0
9 17 54 166 229 613 697 801 861 912 989 1000 0
5 61 584 699 0
126 187 292 352 387 541 613 629 810 829 850 863 911 974 0
98 140 192 376 411 419 443 622 656 704 720 730 792 915 0
86 112 230 236 268 293 662 693 0
19 74 214 222 478 537 551 613 737 802 805 994 0
243 370 404 554 595 669 708 715 798 836 849 858 923 937 0
152 195 199 410 503 602 770 892 990 0
66 138 146 175 668 784 867 943 0
24 98 209 298 420 495 516 537 538 714 723 0
68 141 175 208 299 519 609 704 845 864 0
48 301 656 763 824 873 926 0
217 323 803 0
22 85 150 295 311 493 543 829 953 0
58 425 552 725 773 789 939 0
27 324 325 371 411 627 638 930 964 0
18 310 407 452 581 645 881 911 946 0
17 231 343 512 539 594 899 0
44 273 423 614 620 791 838 843 883 0
252 371 463 523 527 795 0
67 170 174 281 647 706 755 941 0
21 307 483 631 682 786 859 887 910 0
2 22 187 299 554 566 589 694 769 984 0
134 219 379 588 679 704 871 0
20 213 229 245 473 682 961 0
146 215 333 480 561 821 972 0
5 70 298 435 512 713 0
68 95 212 279 542 584 716 768 854 903 945 977 0
155 327 501 750 788 809 0
41 145 183 223 340 580 637 945 1000 0
70 111 129 290 927 0
61 116 345 384 487 689 747 755 817 994 0
20 139 744 748 758 776 833 842 908 0
169 390 496 501 509 601 608 882 984 989 990 0
54 200 439 539 824 899 0
44 89 175 466 498 531 672 899 960 979 0
59 109 125 544 799 876 890 934 945 0
114 149 287 388 571 607 740 768 841 0
28 118 237 256 260 703 763 821 901 965 0
130 292 344 370 427 604 625 667 686 721 779 955 0
42 86 225 451 795 866 0
28 115 297 472 484 670 692 775 916 0
83 527 751 972 973 0
87 152 293 447 709 823 879 946 0
36 41 94 350 639 749 797 865 900 0
200 300 414 534 852 0
166 234 280 483 590 639 688 828 887 0
51 69 125 152 516 541 730 808 828 0
3 232 432 456 531 537 637 685 874 978 0
115 136 143 158 224 249 302 317 366 456 460 510 615 658 818 970 0
76 98 115 165 180 270 341 354 359 420 588 590 610 651 723 785 805 858 995 0
188 439 710 718 770 894 0
52 123 203 240 275 324 471 480 486 563 757 879 0
26 85 95 171 423 610 644 668 837 0
166 478 654 825 915 0
111 320 395 416 453 461 527 654 665 677 707 825 0
66 96 189 234 243 340 411 429 504 522 638 711 810 812 825 831 960 0
54 88 170 268 516 573 590 592 652 852 904 0
251 478 513 520 554 564 764 795 872 901 0
385 474 508 840 847 848 898 947 0
132 167 332 528 696 889 890 938 0
153 353 481 600 630 746 985 0
27 39 208 350 458 553 891 955 962 997 0
288 427 484 533 709 0
9 808 988 0
10 137 191 315 341 831 0
259 339 383 566 585 895 0
83 157 188 221 537 569 685 792 951 971 0
105 132 223 317 337 818 0
95 129 229 336 407 431 437 505 620 0
552 555 557 663 750 808 850 966 0
17 99 307 458 676 0
12 46 76 101 556 571 693 774 983 0
416 450 490 586 744 805 859 891 899 0
129 278 303 451 483 648 734 913 987 0
83 164 257 409 547 572 785 796 801 871 0
102 194 226 475 839 947 0
148 244 596 633 771 950 958 0
32 306 494 570 574 707 750 761 786 829 994 0
114 173 198 709 990 0
216 941 997 0
88 476 515 688 777 0
70 134 240 292 333 376 569 747 907 0
35 375 428 437 621 687 728 874 0
108 217 416 0
191 206 263 283 307 375 413 455 627 699 749 813 988 0
452 501 504 528 742 0
17 72 341 356 518 619 625 666 0
80 263 308 354 485 507 644 709 726 880 882 902 0
23 126 248 260 471 515 551 556 642 702 964 0
8 34 109 251 498 570 768 816 838 986 0
9 304 340 772 788 844 933 0
70 196 197 255 289 314 351 760 0
20 338 355 716 807 0
292 501 676 729 872 943 0
265 269 400 426 567 572 574 699 727 738 851 898 0
381 418 652 959 0
45 134 174 194 284 458 468 537 642 684 814 829 0
31 180 193 220 264 334 405 414 880 0
34 184 340 585 602 679 704 882 921 0
8 21 145 266 382 439 799 823 930 0
147 176 227 543 659 698 700 909 962 981 0
104 217 310 561 809 892 953 0
25 190 240 301 482 557 558 684 687 720 733 959 0
120 189 223 317 334 422 564 578 904 0
147 314 398 664 673 737 881 883 904 0
101 197 414 425 679 719 909 910 0
162 387 460 502 544 722 906 0
40 217 518 547 784 823 907 0
11 23 219 236 271 277 331 445 599 724 839 0
142 181 261 270 448 517 780 808 939 971 0
1 35 299 353 602 656 716 744 0
42 145 159 266 378 436 878 0
93 132 210 279 467 522 868 961 972 0
65 75 119 193 597 668 670 738 877 0
311 649 836 0
33 161 323 475 594 718 911 0
75 256 308 463 490 660 708 944 967 979 0
20 116 125 309 389 459 828 877 893 903 934 0
88 525 526 569 575 667 699 736 840 941 967 974 0
139 184 598 602 652 702 0
419 452 544 764 931 934 0
357 390 397 568 694 998 0
44 63 64 141 759 797 0
131 156 217 373 617 781 898 947 0
61 73 255 293 329 400 482 489 570 573 676 682 745 872 0
356 400 502 540 582 743 785 843 0
24 83 257 448 666 826 871 915 916 983 0
92 117 198 215 337 431 602 734 768 903 944 958 0
121 281 393 519 549 625 776 821 0
563 578 802 855 878 0
77 172 211 241 260 659 697 752 755 780 790 0
119 137 235 591 742 765 897 0
139 190 389 396 436 489 671 696 817 863 901 0
67 233 348 458 512 723 793 0
80 91 167 198 328 501 529 585 739 785 805 826 941 976 996 0
65 304 409 428 437 470 584 666 720 781 848 995 0
7 312 352 380 453 497 574 698 0
50 249 425 545 570 582 631 779 866 905 0
112 186 247 281 313 495 616 778 962 0
116 571 618 650 0
69 73 125 278 347 611 731 821 943 960 0
62 81 175 182 227 272 288 338 601 614 866 874 0
143 327 348 389 395 586 934 943 951 0
512 659 853 892 901 934 945 978 0
341 462 985 0
194 239 384 508 729 790 942 995 0
15 25 93 94 181 195 332 343 454 528 611 714 742 972 0
15 37 208 302 390 464 518 621 626 939 0
16 202 207 322 519 740 752 876 0
28 241 281 296 341 558 726 827 927 0
25 40 66 138 140 153 252 323 331 374 548 737 856 0
100 143 156 214 235 310 313 336 404 598 620 633 901 0
67 211 500 839 944 0
21 111 171 260 358 566 579 815 829 0
45 97 137 223 325 381 401 652 905 0
18 77 93 201 249 252 313 376 394 646 842 844 930 0
72 286 448 467 718 736 745 799 811 867 889 959 0
62 95 142 151 240 534 601 713 822 956 0
135 183 204 232 295 349 546 568 598 774 867 0
48 224 309 347 397 613 673 0
52 845 873 961 0
171 377 404 563 792 796 814 846 871 879 908 0
49 245 253 322 613 674 689 888 892 0
59 170 462 508 675 682 833 0
20 48 141 150 329 740 758 842 0
33 115 340 413 674 687 707 710 999 0
287 306 342 404 601 870 906 991 0
72 93 565 644 742 0
107 133 164 283 293 326 487 0
59 320 435 454 527 624 690 757 850 887 994 0
36 71 112 167 206 221 222 497 545 578 962 986 0
202 298 457 686 847 0
363 378 471 592 641 800 0
120 204 383 509 531 544 663 710 876 0
19 213 390 496 509 606 779 0
233 405 423 534 551 571 838 982 983 0
92 132 139 170 227 232 353 367 432 502 583 609 645 708 741 789 791 952 957 0
14 103 246 734 883 912 964 0
67 235 406 461 561 688 856 0
54 103 324 366 419 466 642 926 968 982 0
3 127 335 388 627 780 920 0
294 362 368 416 533 554 700 951 0
99 252 311 372 639 718 856 863 864 981 0
15 160 215 311 343 364 410 437 553 751 0
208 243 306 337 349 357 464 521 547 567 621 653 0
227 247 546 635 648 719 797 965 0
7 49 340 491 591 610 620 624 767 788 823 832 0
17 51 72 142 325 762 793 928 0
155 243 394 653 709 922 974 0
196 291 403 439 565 576 805 841 953 0
90 97 172 479 497 505 515 652 688 825 918 937 0
193 445 537 852 922 998 0
82 86 181 467 577 714 740 769 850 871 0
197 363 435 451 554 811 0
52 74 283 357 701 767 782 0
138 151 191 203 207 299 306 521 583 585 609 659 738 829 914 933 0
164 168 285 337 437 651 767 810 0
7 160 212 219 250 271 344 346 775 800 837 0
319 637 640 820 0
6 48 201 338 366 377 742 831 853 0
1 95 147 239 263 343 456 598 729 756 794 857 0
423 628 739 758 768 951 0
403 745 774 789 999 0
47 60 157 177 669 833 926 980 985 0
167 231 315 383 452 463 835 864 875 0
123 594 636 675 776 793 825 0
6 166 266 375 386 491 615 676 791 0
4 61 249 489 497 516 588 591 753 870 0
17 27 283 321 340 391 591 665 832 0
16 21 36 85 191 264 296 527 854 0
95 391 438 477 546 649 715 771 922 976 0
225 417 616 705 769 854 920 965 0
92 124 148 154 589 661 793 825 892 903 909 0
77 83 164 318 575 640 765 930 0
37 74 422 522 536 594 652 747 818 924 932 989 0
184 269 320 511 756 800 835 888 896 964 0
114 189 258 371 394 450 520 765 872 963 0
19 26 51 178 506 558 747 773 819 0
7 438 489 514 835 874 939 0
48 185 466 588 0
106 204 243 412 458 631 702 715 978 0
228 408 419 575 779 0
157 258 262 369 380 466 607 636 651 677 950 0
94 335 420 528 539 559 649 752 811 0
128 211 506 669 889 971 0
227 384 388 482 727 733 0
391 660 665 703 804 943 0
155 195 215 230 280 315 318 407 511 681 825 855 918 0
59 127 153 195 369 690 775 817 0
53 80 449 458 569 640 664 706 863 912 943 0
107 477 478 862 867 951 969 0
28 183 383 768 769 806 0
216 254 258 283 355 461 530 622 814 969 0
6 29 239 411 551 830 835 0
417 697 722 818 0
64 98 136 157 167 263 335 585 731 757 762 890 0
110 290 397 535 589 623 758 778 940 945 0
125 187 391 399 410 584 842 939 953 0
90 157 204 269 321 329 398 644 645 685 769 849 0
226 342 529 610 634 641 726 0
145 275 347 358 428 443 487 666 712 746 751 809 0
190 218 277 331 484 530 566 686 796 830 894 926 0
23 27 38 105 128 281 524 676 726 805 848 988 0
58 120 150 231 243 318 329 354 448 515 595 833 0
94 101 411 478 570 644 660 684 779 926 0
19 91 371 406 487 568 646 810 941 954 0
19 169 208 414 463 632 696 809 876 983 0
126 444 661 716 0
141 201 256 264 326 386 555 564 0
491 648 672 731 861 991 0
144 231 239 330 400 533 579 617 657 660 755 821 831 919 958 0
182 406 572 647 851 926 982 0
60 96 161 229 624 985 0
41 155 233 364 415 442 666 827 924 0
162 350 540 559 807 821 862 897 951 0
371 449 484 519 539 546 613 734 951 0
220 251 252 345 365 578 613 719 841 946 0
192 229 246 286 479 589 702 728 830 0
82 90 188 299 306 412 516 524 600 604 898 0
69 101 245 277 529 552 861 987 0
5 64 90 102 274 496 550 667 706 788 908 979 0
16 26 151 293 307 669 862 869 870 877 0
53 159 199 256 275 346 546 610 650 815 831 844 0
43 80 371 488 490 497 509 880 907 994 0
84 187 214 230 404 519 592 603 732 0
65 356 401 403 495 500 522 868 0
53 110 122 331 395 487 531 594 667 698 835 0
70 305 394 508 934 995 0
134 361 670 745 757 798 864 0
2 24 31 65 330 478 564 626 700 763 824 846 904 983 999 0
149 151 210 226 260 473 591 601 624 634 909 0
15 50 70 98 240 498 506 929 0
22 171 230 258 415 555 593 0
65 138 162 169 199 208 507 757 766 771 0
52 144 179 192 339 466 661 678 756 781 0
62 84 313 615 700 735 940 994 0
90 127 132 257 300 450 679 840 0
17 83 133 176 435 451 584 828 849 936 0
82 219 298 386 401 489 585 634 961 986 0
39 111 204 255 553 777 788 824 916 955 965 0
189 243 356 405 499 508 520 649 752 812 816 854 857 0
337 375 456 628 0
2 12 347 423 518 549 725 727 781 802 912 0
92 129 186 190 282 554 898 988 0
45 78 144 479 575 576 638 705 735 744 823 0
41 96 165 460 701 909 0
37 55 212 275 336 590 612 675 748 870 877 878 906 922 944 0
111 118 357 419 709 710 866 0
141 159 169 440 450 712 724 872 909 925 0
129 360 467 573 706 721 779 891 960 0
12 113 209 259 382 591 816 902 0
398 476 538 684 745 848 858 861 0
349 514 568 623 834 839 985 0
4 19 236 251 304 324 407 435 576 664 673 743 772 792 974 0
41 102 121 397 423 448 646 680 761 0
220 341 382 417 508 627 705 803 985 0
84 143 201 322 383 431 513 535 663 963 0
35 687 935 980 0
63 196 342 374 418 453 582 585 605 746 0
96 232 272 316 507 536 814 891 0
46 53 140 237 528 659 846 961 0
209 345 381 576 665 716 889 0
75 234 323 438 462 470 526 713 722 770 805 980 0
62 164 227 314 613 809 0
131 209 239 360 391 447 462 640 742 896 900 1000 0
296 935 940 990 0
33 107 122 219 264 392 428 455 488 962 0
251 327 496 564 587 724 780 887 0
80 122 470 566 600 807 868 987 990 0
344 433 450 731 0
110 125 322 672 678 693 705 987 990 0
27 130 183 845 872 971 0
97 195 205 272 326 376 418 491 642 743 804 0
176 336 646 732 755 757 791 0
29 53 124 186 558 573 614 736 751 791 0
18 25 56 59 154 330 437 487 552 621 797 840 847 0
34 37 71 343 365 393 403 453 513 520 523 857 965 0
289 335 442 592 704 719 959 0
163 405 435 459 517 721 768 861 897 0
7 112 140 236 241 569 578 580 669 802 854 0
200 319 358 374 416 430 471 597 629 639 679 798 942 0
137 233 272 449 504 637 660 743 866 0
33 87 125 140 178 313 788 949 994 0
26 105 107 258 290 645 664 731 888 0
27 77 635 697 820 969 0
23 627 664 720 755 776 865 977 0
205 325 508 574 697 0
70 407 427 460 493 728 796 940 0
18 158 281 382 393 413 451 465 474 626 638 725 931 937 0
25 106 156 171 218 277 376 429 530 686 708 715 772 0
116 0
62 93 122 162 203 343 564 678 956 0
166 319 400 486 769 918 0
155 163 196 516 812 856 876 922 1000 0
5 8 217 240 301 569 578 729 0
267 399 509 560 600 0
89 408 586 706 731 764 0
82 127 185 212 699 741 771 0
16 58 62 207 299 321 486 715 997 0
135 144 247 398 411 412 630 721 783 787 928 0
192 213 276 324 559 635 714 939 0
247 485 896 900 0
67 80 299 329 344 526 599 659 664 837 842 869 911 931 983 0
85 104 109 135 153 168 304 676 776 809 935 942 983 0
10 114 158 481 518 554 650 759 802 958 973 0
28 346 554 555 748 805 906 971 0
75 79 88 97 175 177 268 575 700 968 984 996 0
12 129 132 532 572 614 621 718 0
236 321 337 349 390 492 750 752 881 938 973 0
82 131 277 648 817 834 993 0
166 188 303 540 595 596 632 843 882 919 992 0
134 315 342 448 462 597 743 772 970 978 0
57 117 459 679 784 844 874 889 904 932 935 964 0
66 122 237 376 446 465 559 806 0
10 66 176 447 632 677 682 0
115 240 329 410 434 462 554 694 780 892 0
33 88 127 287 506 553 680 845 848 938 0
66 79 128 161 197 585 700 754 815 975 0
46 199 240 269 360 367 412 470 503 736 754 880 955 994 0
187 224 267 471 771 797 0
140 177 230 256 296 702 746 945 967 970 0
406 524 553 585 692 717 892 899 0
141 144 151 408 753 757 878 0
5 43 364 374 384 527 532 675 701 930 0
60 85 191 246 328 493 499 568 601 695 780 790 900 944 0
71 72 266 476 739 879 888 892 912 979 0
39 104 191 255 582 647 941 0
423 438 444 449 711 722 828 988 0
8 212 213 261 361 389 419 631 644 727 777 960 970 0
35 135 200 383 422 502 518 531 570 595 728 770 889 924 0
22 26 113 235 304 396 442 479 499 689 694 703 804 870 0
12 168 170 196 256 274 352 464 504 533 587 599 607 611 705 755 0
50 168 410 473 677 805 0
86 90 124 311 453 552 910 0
85 156 495 512 516 622 868 0
35 43 170 339 490 493 643 713 737 786 794 804 923 0
101 202 241 271 334 416 482 660 683 777 849 888 0
1 50 61 202 269 586 790 954 958 0
199 468 587 654 692 0
4 30 31 68 123 130 195 234 251 266 427 701 753 887 931 946 0
65 211 228 295 368 463 787 852 891 907 924 0
173 323 452 483 487 755 957 973 0
37 187 386 444 540 569 575 666 800 919 971 993 0
333 393 593 614 869 884 0
28 99 162 166 225 418 454 495 522 656 727 933 0
90 131 598 757 951 953 0
149 401 502 665 834 971 0
117 140 456 484 486 516 533 555 618 901 917 0
27 232 312 381 387 589 614 683 0
35 161 504 507 546 0
56 186 194 362 442 577 608 642 743 937 0
79 142 308 374 481 729 991 0
116 624 683 799 954 0
14 313 461 479 575 650 670 688 758 879 941 0
237 358 406 502 550 858 859 994 0
20 100 106 306 721 778 862 873 882 907 919 934 0
47 78 232 242 342 742 750 782 887 915 0
70 94 257 367 515 762 843 845 863 884 992 0
11 317 335 561 696 0
12 72 91 109 345 368 395 400 413 686 812 0
28 181 384 393 451 488 754 798 872 928 0
4 60 182 218 494 789 893 909 0
147 190 361 682 850 891 912 984 992 0
172 266 347 644 673 735 746 882 920 0
165 234 492 621 644 766 982 0
247 282 786 800 977 995 0
60 75 218 268 294 333 371 449 526 736 746 876 0
46 69 86 113 292 385 523 558 579 593 736 803 954 955 0
71 182 357 366 481 483 525 773 0
49 246 334 348 349 353 391 420 478 493 522 659 716 806 893 940 0
169 333 388 517 564 760 0
92 219 223 309 333 338 687 772 875 942 0
78 114 221 268 490 560 0
253 315 395 539 628 885 887 0
36 225 241 524 674 694 739 849 0
53 241 388 451 509 590 626 627 714 731 744 986 0
4 31 68 108 258 409 582 786 885 0
144 278 292 509 653 674 834 858 0
135 142 178 359 476 0
34 138 292 297 332 685 711 891 0
122 247 630 735 0
14 156 163 179 612 663 670 710 0
60 570 662 715 808 879 912 937 0
216 228 287 291 301 444 479 718 723 759 762 851 882 898 0
33 182 302 320 530 790 0
81 254 267 359 372 420 421 605 633 851 0
149 241 475 605 624 632 818 819 986 0
33 55 182 280 545 703 718 792 865 920 960 0
195 237 245 600 660 0
53 82 259 308 457 690 764 894 0
84 203 387 411 445 462 536 698 734 878 950 979 0
231 345 434 456 595 693 735 981 0
6 8 47 107 123 142 266 432 443 651 766 989 0
8 26 107 191 208 322 436 470 479 527 673 706 0
147 264 337 367 431 642 923 0
38 224 444 494 563 804 965 987 0
20 199 272 321 360 403 589 687 715 883 0
73 193 231 511 671 937 0
23 121 160 239 248 317 402 515 519 676 0
2 570 616 798 878 890 916 966 0
124 573 596 645 738 919 938 0
76 230 416 476 549 573 845 873 0
91 208 372 460 535 605 867 982 0
97 227 636 642 769 790 984 0
186 258 473 571 632 638 667 707 834 0
488 619 647 719 864 0
34 88 112 118 174 224 446 522 549 566 608 617 639 822 935 0
34 69 529 532 601 765 808 853 0
296 312 314 320 346 477 485 514 531 595 729 848 948 0
15 89 94 220 358 422 530 802 0
20 228 447 468 477 590 868 919 925 0
149 276 284 376 412 896 902 0
167 213 253 274 515 541 787 814 933 966 0
138 407 420 467 634 765 0
94 190 195 217 268 295 354 567 578 594 647 697 835 981 0
103 131 407 554 728 806 944 0
51 114 121 233 245 282 325 379 485 618 770 0
148 248 254 338 455 461 467 483 523 783 786 957 0
296 597 742 844 940 949 995 0
9 65 135 261 333 404 457 461 492 538 584 0
417 420 436 444 632 0
165 261 271 298 396 400 665 669 773 849 926 0
53 177 390 441 468 542 624 771 935 0
87 160 295 306 429 550 737 768 836 0
9 117 138 224 250 283 371 438 549 614 625 789 820 824 0
120 293 314 323 402 417 445 470 609 674 745 0
303 314 327 347 389 427 522 602 681 770 796 826 893 0
75 368 398 506 859 883 939 974 0
120 141 173 416 472 507 666 765 986 0
329 352 521 895 957 0
87 241 259 630 652 688 0
91 228 299 337 397 449 482 545 620 634 671 784 906 942 955 0
10 45 560 628 663 727 813 964 0
13 58 75 386 539 579 741 752 901 0
87 376 609 878 0
132 142 448 452 550 812 0
68 317 359 364 394 427 637 789 854 918 0
37 121 164 292 457 458 601 658 722 726 734 827 835 0
81 95 183 236 480 492 517 716 749 812 837 920 0
17 215 474 628 635 865 883 962 0
85 189 301 357 379 440 514 548 738 774 860 870 888 942 0
244 261 525 640 661 736 753 857 0
189 224 319 327 464 529 692 774 928 964 0
111 216 286 288 535 586 682 703 948 0
66 156 173 207 294 311 392 577 650 765 0
81 287 504 556 583 626 813 973 0
113 303 383 899 0
5 72 97 457 542 916 996 0
95 363 409 443 815 883 907 0
103 143 253 255 381 395 455 707 747 764 871 0
44 172 190 245 485 525 624 823 934 0
686 712 890 900 938 949 955 0
2 164 431 490 519 643 680 928 0
211 300 314 373 387 578 0
215 278 455 780 819 870 892 0
213 229 307 725 833 855 863 0
377 460 628 635 662 748 819 915 0
163 172 216 260 287 302 465 512 581 619 644 668 973 0
256 313 501 671 693 759 766 808 825 850 0
62 92 176 352 616 721 783 812 893 0
173 566 639 722 723 764 0
182 303 489 492 519 750 0
61 95 111 254 280 291 355 441 625 761 787 0
93 154 167 185 270 552 604 662 833 853 910 0
133 137 423 430 583 682 702 880 895 0
257 259 271 338 373 385 590 612 0
253 254 266 657 0
13 25 273 306 486 789 952 0
151 203 313 442 472 970 989 0
169 434 439 521 576 621 709 811 919 980 0
181 269 295 317 488 528 985 0
54 121 133 247 477 611 728 912 0
306 311 438 491 776 803 936 979 996 0
110 112 123 128 137 328 358 362 366 446 582 650 690 708 782 862 968 0
8 158 278 499 799 910 0
57 304 477 551 657 732 733 791 901 974 0
13 20 325 330 379 659 865 955 0
168 183 270 617 690 712 888 0
104 260 266 291 455 569 571 617 864 0
41 530 713 772 861 963 0
246 264 335 339 412 620 638 867 930 0
262 410 449 639 747 854 884 930 0
54 177 603 762 819 851 0
602 609 932 954 0
131 185 193 221 226 475 586 864 871 0
109 330 363 389 573 584 698 0
40 233 286 355 382 439 440 712 823 989 0
117 174 187 290 427 692 785 905 0
117 124 154 365 418 459 488 643 656 668 0
63 73 86 143 213 327 424 633 663 780 796 975 0
154 254 264 326 410 543 643 771 775 967 0
51 72 112 201 226 271 313 372 409 650 879 0
39 163 178 293 396 721 803 919 0
30 48 50 177 227 328 493 602 797 895 984 0
168 186 655 859 912 959 985 0
405 891 896 0
58 146 184 249 286 320 641 658 735 787 847 890 959 0
5 116 161 194 202 324 482 584 636 671 0
98 183 396 434 858 0
145 336 617 834 895 977 998 0
83 175 386 521 754 983 991 0
115 126 298 331 346 422 521 579 599 762 778 0
495 592 658 918 0
54 79 172 199 210 215 273 568 593 760 972 987 0
82 95 310 636 671 703 719 779 990 0
186 512 736 762 930 931 949 0
279 339 644 719 730 759 890 977 0
27 99 314 488 497 516 786 0
301 343 373 458 574 603 658 741 0
76 159 405 462 471 687 715 820 0
183 218 318 401 609 626 694 706 772 817 0
64 170 363 459 612 662 673 730 756 0
14 24 101 116 395 447 454 475 737 745 846 898 913 0
74 89 213 651 964 0
155 467 700 901 0
55 163 342 394 492 823 979 0
73 110 113 286 302 349 351 369 394 746 946 0
108 159 238 628 759 788 823 912 973 0
82 260 290 374 389 480 550 603 632 694 958 0
152 171 179 205 207 529 638 722 0
12 77 116 125 191 351 473 546 0
52 279 367 505 567 607 696 777 0
58 136 153 166 186 238 255 272 334 562 635 742 0
41 89 147 204 212 303 410 645 655 721 824 0
98 322 412 426 620 981 0
167 224 493 646 749 776 862 922 963 0
14 145 327 480 481 675 738 913 944 0
22 272 399 449 668 995 0
6 146 178 275 371 406 590 643 953 0
154 272 278 486 509 562 622 682 789 840 0
188 235 310 336 372 398 458 517 687 752 851 0
23 222 247 342 368 467 494 514 705 858 990 0
37 96 219 254 288 297 300 301 312 318 452 491 770 0
140 401 412 517 547 560 630 796 872 973 0
74 128 257 567 570 815 816 832 0
124 162 292 330 360 408 531 0
397 548 557 655 756 0
308 568 673 0
207 238 653 763 769 818 838 873 925 0
36 81 323 425 465 542 801 815 838 0
430 585 633 651 686 717 774 0
173 341 353 400 422 457 540 599 647 923 0
203 455 540 759 815 857 881 954 968 978 0
119 152 237 269 388 486 678 710 800 847 894 0
23 42 454 607 735 878 897 992 0
18 176 368 576 580 583 704 719 746 986 0
71 115 134 249 514 778 991 0
50 226 288 448 485 705 730 928 990 0
32 57 84 187 301 342 446 477 787 999 0
44 273 348 489 556 689 770 802 826 929 0
3 109 339 385 524 643 648 737 739 754 881 917 0
9 113 128 300 430 541 599 613 776 867 922 972 0
18 198 259 354 437 624 713 740 844 941 0
5 96 124 602 688 893 0
31 134 202 483 509 552 565 579 582 606 620 632 882 0
13 16 51 365 501 0
145 595 637 653 704 857 904 938 0
307 403 677 955 967 997 0
184 340 380 527 642 761 783 866 867 872 907 923 966 0
96 103 353 364 377 414 541 599 671 782 981 0
82 246 262 277 297 611 614 813 0
99 174 179 222 476 606 664 673 720 734 883 888 903 939 0
59 192 225 436 440 558 869 0
147 173 237 405 788 860 958 0
182 211 428 441 485 516 520 573 749 856 944 982 0
29 97 98 373 580 603 676 759 902 946 0
50 249 250 365 457 485 646 846 0
434 510 597 645 720 760 843 896 0
161 175 338 439 822 856 0
52 365 438 531 646 841 885 886 0
44 131 180 191 205 235 278 291 426 569 755 820 927 971 0
91 177 441 447 797 840 0
290 336 479 668 678 797 938 960 997 0
204 277 440 472 564 619 677 711 838 924 0
118 281 353 427 645 752 766 781 851 949 0
4 161 181 183 324 423 531 588 671 933 0
37 143 192 228 665 669 685 733 810 925 949 957 0
378 548 949 0
45 91 120 358 426 689 807 879 966 0
49 92 177 761 793 808 901 0
63 324 577 593 745 877 959 969 0
88 93 127 207 283 336 343 348 366 425 519 729 817 881 0
78 165 319 424 497 0
80 193 270 373 396 546 939 0
226 237 338 342 391 433 500 503 548 680 855 893 0
188 275 400 468 551 608 745 782 880 992 0
205 274 332 379 424 551 662 712 838 893 929 0
45 297 360 617 714 0
169 242 384 460 594 627 657 740 753 782 865 0
24 87 132 151 154 200 356 488 497 713 906 0
135 159 577 672 793 0
202 305 414 586 665 726 982 996 0
100 197 243 288 329 576 747 932 0
1 119 229 231 233 310 501 534 636 681 692 754 987 0
216 236 296 337 404 544 567 841 918 961 0
270 354 366 466 706 926 0
261 297 320 597 832 833 0
40 77 145 181 271 388 491 576 921 973 0
547 786 792 885 0
307 600 872 977 0
42 168 221 270 300 392 498 503 532 534 537 905 946 0
2 10 29 557 737 760 838 868 910 0
39 56 67 69 262 286 480 593 605 631 881 913 0
103 197 228 761 0
226 336 469 982 0
15 139 141 214 215 222 263 290 428 591 714 811 0
4 11 162 275 414 601 621 952 0
196 210 284 458 701 704 730 864 883 0
31 326 611 792 874 967 0
7 241 437 549 560 710 742 752 766 873 932 0
86 133 322 493 511 514 639 846 850 983 0
32 38 110 308 570 697 739 775 812 953 966 0
214 431 610 655 723 935 978 1000 0
107 198 563 631 640 868 0
133 173 177 182 322 421 533 559 610 0
92 276 365 385 511 557 630 637 662 729 783 853 873 876 0
68 102 120 280 408 454 552 692 942 960 0
179 267 577 579 738 766 840 881 991 0
124 255 265 287 309 370 428 588 727 731 777 890 928 0
16 152 185 216 351 376 533 633 791 0
37 235 368 375 676 698 875 899 900 966 0
237 563 572 639 814 916 0
114 231 431 504 0
20 157 167 307 398 456 658 928 999 0
92 113 218 287 386 555 626 0
119 174 216 246 301 319 385 410 689 811 876 0
81 300 314 384 428 479 593 609 611 624 663 919 0
33 44 465 469 485 492 550 583 643 710 900 940 0
35 127 177 250 316 390 411 556 699 917 935 0
145 279 406 638 664 827 965 0
47 107 240 383 421 556 596 658 856 884 993 0
169 229 244 312 381 386 392 487 538 559 603 772 804 906 978 0
42 219 292 384 587 633 640 725 782 839 0
310 348 359 562 608 844 885 978 0
30 65 76 540 775 900 943 0
40 313 583 627 629 707 778 0
45 295 356 416 421 480 547 813 0
353 453 703 720 777 810 841 896 0
264 450 466 518 621 634 662 747 771 918 949 0
12 21 85 179 281 332 335 434 466 474 532 925 0
480 484 722 798 829 909 0
118 206 216 520 550 646 810 826 938 0
344 377 440 532 691 758 889 0
206 257 348 399 405 452 517 625 858 950 0
221 271 349 457 539 663 932 953 0
64 122 136 154 566 665 801 935 972 987 0
120 144 318 451 700 773 0
134 220 385 587 632 701 704 815 859 861 0
278 708 882 888 902 947 983 0
61 119 206 230 280 301 365 481 492 507 580 587 807 984 0
36 159 543 755 778 910 937 966 0
127 131 194 200 265 331 349 659 829 0
801 989 999 0
140 264 427 430 468 482 569 669 686 689 750 818 0
170 206 349 378 432 446 579 865 911 933 0
164 295 507 561 588 725 824 0
30 35 165 174 291 315 607 734 855 899 0
36 125 149 228 275 597 701 795 850 986 0
79 87 102 160 419 470 675 676 875 894 932 0
205 261 424 444 505 517 519 530 698 749 750 924 974 988 0
67 367 386 410 620 648 870 0
73 166 502 733 743 965 0
21 28 44 57 257 319 354 489 562 574 801 807 826 0
83 273 336 434 443 511 846 849 969 0
76 277 660 886 0
100 196 256 297 402 411 490 599 657 748 749 967 0
386 453 592 845 896 0
83 196 203 332 682 684 746 760 0
87 175 279 380 461 710 908 969 0
12 334 391 399 441 623 731 752 783 860 0
10 22 115 117 141 242 280 523 525 562 933 0
24 41 76 127 199 378 701 763 0
65 149 151 357 362 381 421 464 594 851 857 891 899 0
221 270 525 556 581 593 812 826 859 0
77 263 669 747 748 776 910 0
108 289 354 373 381 435 450 677 739 748 931 0
73 82 254 276 346 371 555 689 718 789 0
157 314 420 542 559 634 678 687 760 799 0
189 206 316 445 460 496 567 677 692 952 0
49 327 425 573 716 725 790 803 853 890 0
205 284 339 366 455 652 830 934 0
135 176 316 454 472 477 689 791 908 0
252 273 431 499 572 897 0
8 101 433 473 486 559 839 956 0
206 277 333 626 728 747 794 944 959 0
29 209 210 234 264 325 360 505 579 593 885 995 0
29 436 580 785 997 0
48 155 408 459 532 547 876 905 0
68 279 330 615 628 0
4 63 176 202 233 514 528 581 796 843 857 1000 0
9 46 86 139 422 430 452 965 0
25 63 73 113 245 0
73 112 237 262 316 331 346 401 518 779 824 903 0
150 165 174 379 536 655 873 0
25 128 224 316 439 572 617 710 768 939 969 1000 0
111 113 153 236 285 579 713 880 993 0
36 148 202 359 470 591 750 848 851 874 891 913 0
114 220 481 557 575 607 655 673 733 906 0
194 219 391 533 647 691 936 0
89 90 475 530 548 950 972 989 0
117 297 385 433 537 603 693 815 0
103 193 232 565 591 718 836 0
48 132 210 380 396 587 830 957 0
119 145 249 287 447 479 661 873 0
103 128 468 472 503 765 848 962 0
16 62 565 606 787 806 943 948 0
29 91 142 271 484 511 670 790 843 0
278 436 549 619 651 696 703 734 973 0
94 211 276 436 448 473 547 689 884 0
8 53 100 172 185 244 571 936 966 0
36 46 130 174 553 568 627 681 773 860 875 0
136 139 179 451 641 758 822 861 868 0
45 215 252 290 308 561 753 0
55 91 228 274 510 799 0
6 102 129 303 362 473 535 641 721 748 807 870 903 904 985 0
45 76 155 179 260 328 724 0
39 78 86 109 191 225 274 390 393 629 750 766 788 871 900 0
139 172 256 399 667 775 0
180 379 660 801 947 0
67 190 203 242 267 325 341 754 935 937 0
105 108 190 219 267 298 681 820 907 913 933 0
26 56 84 217 299 419 853 864 0
19 251 330 341 345 357 443 625 661 675 854 919 923 940 993 0
90 279 311 415 437 457 474 492 557 685 686 850 892 938 971 991 0
116 196 199 225 327 525 776 787 0
280 390 399 512 538 664 680 693 707 967 0
81 280 472 717 741 855 0
49 242 378 382 505 795 831 0
60 71 118 204 257 308 352 477 512 609 619 835 857 897 981 0
50 291 318 528 596 720 741 773 916 999 0
236 504 576 863 0
646 838 955 0
48 196 210 322 548 712 814 839 941 0
389 418 538 551 607 686 778 0
57 369 402 424 751 0
121 226 262 372 472 478 708 828 932 0
79 352 409 476 596 628 691 703 816 856 0
69 143 277 281 369 406 454 501 685 715 769 794 0
96 242 253 254 309 454 540 970 0
71 223 283 469 712 811 911 0
76 169 218 536 606 695 936 974 0
367 957 0
385 684 693 829 916 0
1 42 58 156 377 388 605 646 855 937 947 0
89 109 171 221 293 319 408 461 562 773 808 988 0
315 322 658 849 0
100 166 246 503 700 740 822 835 0
84 111 201 611 619 677 728 946 963 971 0
39 70 334 351 463 468 525 590 625 637 797 828 830 0
2 218 436 477 531 597 694 811 0
35 102 353 434 622 647 680 0
5 363 545 557 594 684 923 0
233 273 927 936 964 998 1000 0
67 118 184 195 230 291 335 372 457 503 553 739 0
33 185 290 353 562 739 842 921 0
408 480 545 581 638 670 767 868 946 0
225 399 603 796 839 889 0
204 321 525 658 678 758 981 984 0
42 206 286 326 404 525 819 908 980 0
316 379 392 536 645 666 1000 0
19 104 413 456 566 633 800 895 0
59 85 109 146 223 573 674 819 820 988 0
69 373 572 704 825 1000 0
44 135 340 621 708 711 897 988 993 0
162 168 199 282 302 545 561 616 681 735 804 903 940 972 0
132 281 304 501 555 589 942 0
122 367 388 529 726 770 875 975 0
13 14 195 393 433 749 836 0
94 154 244 351 574 668 765 865 914 943 0
59 315 335 469 520 616 658 708 786 0
28 81 209 238 441 700 795 924 0
38 84 110 440 652 670 758 907 929 0
37 38 101 405 406 592 605 799 836 906 970 0
11 23 154 181 337 418 452 535 565 694 773 778 785 840 864 938 950 0
88 591 677 726 730 911 0
47 102 201 230 272 379 608 616 916 0
66 672 721 783 986 0
54 361 801 842 909 997 0
398 655 709 820 880 968 0
9 64 66 104 130 131 165 172 194 446 546 587 768 772 824 897 0
12 152 305 447 453 754 886 0
213 19 390 606 213 301 213 84 213 606 606 496 779 57 477 213 446 342 19 32 509 32 57 84 213 606 390 999 477 32 301 496 390 496 301 779 779 779 496 477 509 606 32 213 779 213 187 187 57 477 446 999 446 509 477 477 187 213 84 187 84 57 446 509 342 213 779 779 84 509 496 606 787 84 19 787 19 496 390 477 390 390 999 477 509 301 509 301 787 999 32 19 787 213 301 57 213 57 606 213 57 390 477 32 477 187 213 509 446 84 787 509 187 301 19 606 509 57 999 477 787 84 999 446 509 32 390 787 787 301 84 187 213 496 84 213 213 787 509 999 213 84 509 19 496 999 606 301 84 213 342 606 509 187 390 446 999 999 32 606 57 509 187 787 496 32 496 84 999 779 342 19 213 509 999 84 999 213 187 496 213 19 779 606 187 779 84 84 390 787 32 477 606 606 213 606 301 57 779 999 32 496 509 779 509 477 187 342 606 496 187 301 477 446 606 496 446 606 509 19 213 446 496 477 999 787 19 999 496 477 342 84 32 187 57 19 477 496 84 213 606 999 779 779 342 779 187 477 446 999 779 606 19 301 496 84 19 606 19 84 477 999 509 213 477 509 213 999 390 779 509 390 19 477 787 19 509 342 301 301 606 496 213 301 390 787 213 32 342 390 446 57 84 19 32 19 606 390 57 446 19 19 606 606 187 496 301 779 999 342 779 477 496 496 509 301 606 213 213 19 779 496 342 779 999 84 342 19 84 32 779 342 999 32 187 19 342 390 509 187 390 213 999 57 57 999 787 213 213 19 779 999 84 496 19 342 342 496 477 509 446 606 999 477 57 999 509 84 19 779 187 57 19 787 606 57 32 301 509 446 446 390 779 496 84 446 477 606 496 84 509 787 446 187 787 84 390 57 301 84 496 19 390 606 509 187 787 509 390 779 301 496 606 779 779 999 606 446 779 19 779 606 390 496 509 496 496 509 57 19 57 446 19 446 32 496 32 57 496 213 606 19 19 606 342 477 84 32 213 509 84 213 509 187 19 779 496 213 509 446 606 19 187 477 390 84 19 84 84 342 496 509 606 496 446 342 787 342 19 779 509 32 84 19 19 477 187 787 57 779 496 213 496 187 32 509 477 213 509 446 84 509 84 779 187 496 787 301 32 606 84 779 213 779 509 509 57 301 187 213 446 301 999 213 19 390 342 342 19 390 787 19 496 57 606 19 477 606 342 606 84 57 496 342 606 509 213 390 32 19 19 19 57 390 999 84 509 390 57 787 187 84 390 509 787 787 999 999 787 213 213 390 213 446 779 390 787 187 342 57 19 390 606 342 32 477 606 496 779 779 342 213 477 19 342 606 509 84 390 787 213 390 390 19 779 477 390 496 779 477 509 606 509 496 213 19 999 187 606 301 390 779 57 496 342 213 213 213 787 496 19 496 787 779 509 390 477 999 606 477 477 446 446 57 84 446 496 606 213 606 32 496 84 999 213 509 509 779 779 187 84 57 301 187 787 446 606 213 342 999 477 787 390 57 477 999 342 509 57 57 32 787 509 787 496 84 342 32 57 496 446 213 509 213 477 213 477 509 187 606 779 390 779 787 84 509 606 57 787 446 301 999 446 779 390 787 213 213 32 787 57 606 390 19 57 84 390 19 213 606 496 342 213 477 787 57 606 787 301 390 213 19 779 187 19 84 19 19 19 301 213 187 606 213 19 342 187 19 779 187 477 32 32 606 446 509 606 779 57 187 301 496 390 301 477 787 999 57 84 606 19 390 787 57 390 606 187 509 390 390 779 19 213 187 779 390 787 84 19 999 446 496 999 496 213 446 390 19 213 606 84 213 446 390 57 477 19 509 787 84 390 213 84 779 57 342 390 446 187 32 509 787 446 787 779 213 57 57 779 496 787 301 301 19 32 496 496 57 446 509 509 213 390 301 19 213 477 342 779 19 446 19 19 477 779 32 19 32 57 390 496 301 19 84 477 477 57 390 509 187 606 19 19 57 509 213 779 446 84 779 84 187 19 84 57 390 187 509 779 32 606 779 509 787 84 496 390 606 787 57 19 32 301 57 999 999 787 477 496 301 477 187 477 57 999 390 213 213 213 509 446 787 606 301 779 496 32 84 999 301 84 19 213 301 496 342 509 390 779 390 213 477 84 446 32 390 779 496 606 84 390 999 606 496 19 84 390 446 390 19 509 779 390 57 779 779 342 999 19 496 779 213 32 446 496 19 57 477 477 301 390 32 496 446 213 787 509 496 187 999 496 84 390 496 19 999 787 19 301 342 213 187 301 32 787 187 787 787 999 446 32 787 301 301 57 390 999 213 19 779 496 999 999 496 187 32 779 496 779 999 606 477 342 390 477 213 213 84 390 999 213 779 342 787 999 57 509 787 787 301 779 213 187 999 301 477 342 187 779 606 19 779 213 84 213 779 496 84 509 187 84 999 999 390 342 19 84 446 779 57 19 57 390 390 390 779 84 446 509 19 84 779 787 496 509 496 509 496 509 84 57 779 187 606 342 213 342 301 57 57 32 84 19 496 213 477 509 187 779 213 301 779 84 84 446 57 342 390 57 19 509 999 787 446 496 999 342 19 84 606 446 19 213 84 213 187 301 390 57 477 19 496 509 19 606 213 57 187 477 32 509 57 496 779 477 32 496 787 477 496 19 999 477 606 477 187 32 606 342 32 606 342 187 779 19 779 19 606 57 187 213 84 19 213 606 84 57 509 509 342 301 390 390 19 390 999 390 342 19 606 213 342 213 19 999 342 19 496 390 779 301 999 999 606 999 213 509 999 342 509 32 342 496 19 57 606 509 477 999 32 999 301 496 446 779 390 999 496 342 213 779 999 496 787 342 301 342 19 19 301 57 19 84 509 19 779 606 32 787 496 477 606 509 187 606 32 779 57 779 390 779 57 606 84 213 509 999 477 999 19 213 301 606 496 342 213 477 390 477 301 213 57 19 301 787 19 779 999 32 390 213 477 496 301 999 19 213 32 999 509 57 606 57 213 57 213 496 606 999 187 477 606 342 187 446 509 496 57 509 999 446 57 787 213 342 57 779 390 509 446 509 606 390 32 213 84 787 213 779 84 477 496 390 477 999 342 342 390 32 477 779 32 390 446 84 187 213 779 779 301 509 32 342 509 446 213 477 477 19 999 446 19 509 606 213 477 999 213 84 509 342 187 390 496 301 509 477 84 19 301 509 301 446 390 779 84 390 19 301 301 999 84 390 213 509 390 477 84 606 999 342 509 84 787 606 446 19 342 477 477 187 187 84 787 19 999 509 779 787 779 496 787 390 779 342 779 19 606 787 301 213 779 57 999 301 19 606 606 19 187 606 779 301 999 779 779 779 496 390 301 779 606 342 84 301 19 779 213 446 32 509 301 390 606 32 342 496 187 606 390 84 509 342 477 606 213 509 32 999 446 390 606 477 32 84 342 606 84 57 57 342 32 509 57 496 187 606 509 999 477 84 57 390 32 301 606 19 999 787 477 787 496 301 496 496 999 787 606 390 213 509 84 19 213 187 19 390 84 19 606 19 213 999 187 509 606 779 446 999 213 779 509 496 84 342 213 342 606 187 779 213 342 57 84 390 787 779 390 496 19 606 301 496 301 390 779 606 390 213 84 999 509 213 477 390 787 496 213 19 187 779 19 57 446 446 19 606 496 390 606 509 187 57 32 390 342 301 84 57 32 84 606 213 301 19 342 84 606 213 509 606 496 19 390 999 446 999 213 509 213 999 84 390 187 19 213 446 606 509 496 477 496 779 477 301 187 496 496 477 606 187 213 787 779 19 19 390 787 57 787 84 19 999 446 213 779 446 390 187 213 213 496 301 496 496 509 496 787 213 301 19 19 32 496 779 32 787 496 19 57 187 342 779 606 32 779 606 787 301 57 779 446 787 999 84 787 477 390 301 301 301 787 213 390 509 496 496 19 787 32 477 301 187 496 779 57 509 187 57 84 509 779 779 187 787 32 19 390 779 390 187 57 187 84 496 779 342 999 477 187 390 999 496 606 787 606 301 787 32 19 446 477 301 509 57 606 57 999 213 509 606 213 509 301 19 187 187 19 606 509 779 213 779 57 606 509 32 606 496 446 496 213 19 446 342 19 787 342 187 57 779 32 213 301 390 342 446 187 32 187 301 446 606 999 57 606 999 779 390 213 32 779 446 477 187 187 446 999 779 32 606 477 477 446 477 32 57 779 19 787 32 779 84 477 342 779 19 509 787 390 213 32 999 84 999 509 446 19 446 509 32 999 496 477 32 57 342 446 606 787 446 496 496 301 301 496 999 509 32 999 606 187 606 779 342 342 606 496 213 787 999 19 999 999 57 779 787 779 187 342 779 32 390 787 301 84 446 390 19 606 390 32 19 446 999 390 779 787 509 187 496 213 787 390 606 779 57 999 32 509 342 446 787 496 779 342 390 477 509 779 213 342 606 999 477 477 342 301 477 301 342 477 187 999 779 606 342 187 19 509 509 779 301 477 779 57 999 84 57 496 509 301 509 446 301 32 19 342 19 187 19 19 187 999 84 32 606 496 390 496 509 509 342 606 213 509 32 32 213 32 213 509 342 509 446 390 342 32 779 509 57 213 999 509 606 32 999 496 779 999 390 496 19 509 446 477 213 342 32 84 84 32 509 787 187 84 606 213 187 779 301 999 57 32 606 390 213 496 301 342 19 999 57 187 213 301 213 509 32 84 390 32 342 84 84 57 496 477 606 496 477 779 19 779 390 446 496 32 496 84 606 787 477 496 496 787 477 390 477 779 787 606 999 57 477 187 446 496 446 496 999 787 342 779 509 57 509 390 477 187 213 213 301 477 390 606 446 57 390 390 32 342 787 187 999 57 19 779 999 213 446 57 446 606 342 19 342 213 213 787 57 342 496 999 57 390 779 301 187 187 496 390 446 342 787 999 509 779 19 999 606 509 213 390 779 57 779 390 342 509 606 84 390 496 19 84 779 477 390 84 477 84 390 213 32 57 606 446 787 187 606 301 213 509 390 446 301 213 509 342 84 390 57 390 84 57 301 390 779 19 342 446 301 509 390 213 19 496 390 301 213 606 187 57 57 496 84 84 213 509 446 57 787 19 509 19 57 496 301 301 787 477 390 342 779 999 213 496 57 779 301 19 301 301 496 32 342 19 187 19 496 187 342 342 496 301 19 342 19 187 446 213 509 496 509 779 57 390 606 606 496 187 446 213 213 446 509 606 390 213 213 509 390 779 57 446 57 57 84 509 446 477 213 779 187 787 19 787 606 57 213 509 477 187 213 390 496 32 342 213 496 19 342 509 390 187 496 84 390 301 999 187 301 779 19 301 342 446 301 213 32 999 301 509 999 606 446 496 390 342 779 187 187 19 477 496 779 187 446 84 84 213 779 606 213 213 84 57 19 606 57 606 390 187 509 446 787 999 84 19 509 606 779 779 496 187 779 496 84 787 84 606 606 301 19 446 999 301 509 606 509 301 509 57 32 32 496 19 509 57 787 779 606 509 509 57 342 779 342 19 496 213 446 301 390 57 19 390 57 187 32 19 477 342 779 477 342 496 477 496 606 509 301 84 213 84 342 787 496 187 213 84 779 57 496 213 477 787 779 57 57 509 446 342 496 606 19 57 779 390 446 390 779 390 390 342 787 342 213 390 496 477 446 213 342 390 477 496 606 606 509 606 496 509 57 390 213 19 32 57 496 57 509 446 213 301 32 390 19 606 213 606 787 779 509 32 509 301 999 509 509 496 84 213 787 787 213 509 187 390 779 19 999 606 213 477 779 342 496 999 787 477 390 342 301 496 301 19 779 999 390 787 477 779 509 390 213 999 57 477 213 342 19 779 19 509 19 779 779 19 301 509 787 606 496 779 496 187 32 187 19 187 606 477 477 999 606 19 496 84 509 390 32 446 187 446 779 779 477 446 32 999 213 509 213 19 213 19 509 496 999 57 57 606 390 84 19 779 509 19 496 187 57 32 19 496 390 19 509 477 390 779 19 999 390 19 84 19 390 390 390 390 84 301 999 477 342 390 999 57 606 779 787 213 446 19 84 509 390 342 187 606 390 390 213 187 57 187 779 477 57 509 787 213 779 342 57 787 32 32 213 213 19 57 509 496 779 390 509 477 301 390 187 390 57 477 496 342 446 213 84 999 57 477 32 787 342 606 32 213 301 446 32 606 999 390 779 84 213 342 57 477 213 19 606 32 19 390 477 213 999 787 509 779 342 32 496 19 606 390 509 779 342 787 477 390 213 779 19 32 187 57 187 779 57 509 779 496 779 57 999 606 446 779 779 57 390 19 787 213 57 787 390 606 477 496 213 477 606 496 213 19 84 606 213 390 477 187 779 509 787 187 496 213 19 187 509 509 187 477 606 84 606 301 390 779 999 32 301 496 213 301 477 57 779 187 187 606 213 213 32 509 19 446 187 19 999 57 496 779 606 301 999 477 390 787 477 496 509 779 32 19 496 446 477 787 19 787 509 787 787 342 509 779 787 477 187 57 606 999 509 84 606 779 477 84 187 509 19 213 477 84 301 606 496 19 390 390 342 999 187 390 213 446 32 301 19 19 999 446 787 606 32 606 477 779 496 509 477 787 477 32 84 84 32 787 187 606 999 446 342 213 477 57 342 19 342 84 446 999 390 606 390 787 477 779 32 446 342 509 999 496 509 779 390 779 390 787 779 779 509 57 342 446 57 779 477 84 606 606 187 496 477 606 84 787 187 787 187 187 446 477 509 390 213 19 496 999 342 32 999 477 32 342 390 213 19 606 509 19 477 57 779 187 496 999 19 19 84 32 779 390 779 213 32 999 213 606 999 509 787 496 301 446 187 342 606 446 779 446 84 606 84 999 496 57 477 446 496 496 606 606 477 446 32 779 606 496 496 187 19 187 779 390 213 606 187 19 301 779 496 301 32 446 509 390 390 301 301 606 496 19 390 301 187 187 390 606 477 187 19 509 57 390 496 496 496 342 342 496 390 57 606 779 477 19 19 787 477 477 446 779 496 19 477 213 213 509 32 496 446 19 32 213 213 390 999 509 301 446 787 496 19 213 999 390 301 57 496 390 509 606 509 213 509 32 19 496 779 446 187 496 606 477 19 446 213 787 301 32 446 509 32 57 606 477 496 19 57 509 19 999 606 606 213 787 390 787 390 57 787 390 779 19 57 57 496 509 779 496 999 301 477 187 606 787 84 187 19 999 446 301 787 19 19 446 84 496 342 779 509 213 390 446 19 187 999 496 779 213 84 477 342 779 57 787 19 496 477 19 19 509 446 84 496 606 342 32 301 446 509 496 301 509 19 999 779 787 606 19 342 496 84 301 57 779 213 496 301 496 509 606 213 57 496 779 509 390 213 32 496 606 390 84 213 187 187 446 19 509 32 477 496 779 187 390 496 496 496 342 509 496 787 19 390 390 606 301 32 213 301 19 390 477 509 84 606 213 509 446 606 19 509 84 446 213 509 509 84 390 779 19 496 606 496 32 779 390 187 342 342 446 779 213 342 779 57 999 84 301 496 301 496 32 57 342 84 606 999 509 509 509 787 606 84 477 509 19 509 999 779 606 779 779 301 57 32 57 390 301 19 213 446 213 390 477 509 496 779 213 84 19 477 84 187 32 301 32 19 342 509 213 32 32 32 779 187 606 57 509 787 213 787 496 496 213 446 779 390 32 606 342 57 496 32 342 779 57 301 779 342 787 999 446 779 213 477 57 787 999 446 999 779 606 787 787 496 19 779 19 342 187 390 999 787 32 787 509 57 342 779 779 509 301 187 187 390 390 606 496 187 213 187 32 446 999 19 606 187 32 213 19 496 606 390 496 606 32 446 496 496 213 999 187 342 779 779 509 32 19 509 213 57 999 213 606 606 606 84 787 213 477 187 509 477 213 787 779 57 787 509 187 787 342 84 509 213 32 57 509 787 606 779 390 446 187 477 496 301 19 390 187 606 32 342 342 187 779 342 496 32 32 446 999 446 57 999 187 187 509 390 301 606 779 32 779 787 187 57 342 342 606 213 606 19 787 213 187 496 301 779 787 606 187 19 57 213 342 301 509 779 446 187 606 301 787 301 19 19 390 779 390 999 213 496 57 999 477 213 32 84 390 213 509 496 446 496 301 57 84 301 509 342 390 342 84 390 477 496 301 477 999 779 57 496 606 779 57 496 32 446 390 187 390 446 446 779 342 606 496 509 390 446 509 606 213 390 19 477 301 477 19 477 32 509 477 32 57 606 606 446 606 787 606 84 19 509 213 999 390 32 187 606 19 19 496 32 390 342 19 787 606 301 84 509 390 496 999 390 477 496 301 19 390 213 187 32 509 496 187 496 606 19 301 787 213 779 477 446 999 390 509 787 999 57 509 606 606 496 187 390 301 213 606 187 57 342 446 446 779 496 19 999 84 446 477 606 999 57 390 301 84 213 496 342 57 787 787 342 19 509 390 606 301 84 509 606 301 509 477 496 779 477 301 342 787 390 187 787 187 606 301 84 187 390 57 509 606 446 779 19 509 213 213 509 509 213 779 606 213 509 19 32 446 606 32 496 301 496 187 32 787 84 779 787 187 301 779 390 84 509 213 32 477 446 509 57 301 496 606 301 19 390 787 390 606 187 509 477 19 187 84 779 84 301 84 446 19 19 446 779 213 606 446 32 779 509 606 32 342 477 19 19 446 301 213 509 787 496 606 301 509 779 187 57 999 301 301 301 509 187 213 606 19 19 496 496 999 509 999 477 787 779 342 477 390 213 779 301 390 390 779 301 390 787 477 32 606 32 32 84 999 57 477 32 509 57 32 787 301 779 84 57 57 606 390 496 509 213 509 787 606 496 496 84 301 57 342 779 606 999 606 84 390 999 390 390 509 84 57 84 19 84 509 477 606 779 213 213 779 477 213 606 213 509 390 606 187 187 301 509 779 187 301 779 606 477 787 509 496 779 606 84 606 446 390 787 187 19 779 787 606 342 496 32 342 606 213 32 301 57 606 496 446 57 301 496 606 999 999 187 342 213 213 999 606 787 213 509 496 301 301 496 606 19 19 301 787 779 57 446 606 342 187 477 213 301 19 779 390 390 606 999 187 787 187 390 301 446 446 446 342 999 999 84 390 606 606 509 390 390 999 57 390 32 606 509 390 446 57 446 787 779 509 496 606 57 606 57 779 509 32 390 496 32 606 301 390 84 509 84 342 477 509 779 187 999 509 342 32 390 477 84 187 496 342 446 446 32 446 342 606 509 999 57 187 19 390 606 496 446 477 301 57 19 187 999 390 19 446 606 999 606 779 213 19 999 187 787 606 787 509 477 32 301 57 509 787 779 446 57 19 496 779 84 57 342 999 606 342 509 477 213 19 477 606 477 496 496 779 779 446 496 606 509 57 84 779 301 999 787 390 390 213 57 57 84 32 496 787 787 301 32 342 213 509 446 606 446 509 84 342 32 446 32 446 509 509 606 19 57 342 19 446 19 509 342 787 999 84 779 32 999 213 779 32 57 509 787 787 32 57 19 301 779 390 779 787 390 446 509 509 509 606 496 19 779 446 19 606 301 84 606 57 19 84 477 213 509 19 509 787 999 446 446 301 509 19 779 496 19 496 999 57 999 606 19 187 496 446 84 509 606 342 787 496 342 999 32 496 32 213 606 509 496 787 84 606 57 787 301 213 446 32 187 19 999 57 32 342 213 342 390 32 606 446 446 496 342 779 999 390 779 606 509 390 32 213 19 999 213 999 787 509 496 301 187 999 187 342 342 509 779 390 19 509 999 301 57 606 84 187 390 606 509 509 496 446 32 999 213 606 779 779 477 477 32 446 390 999 19 19 187 57 999 779 342 390 213 477 606 301 509 606 496 496 787 19 19 509 509 606 787 477 496 477 779 84 787 187 496 999 213 342 390 187 19 187 606 342 606 213 390 779 213 57 779 509 606 213 84 390 606 787 787 787 19 32 787 213 390 213 999 496 509 213 187 84 496 509 32 342 390 32 301 779 301 390 779 779 999 213 301 19 496 301 606 509 477 779 84 19 187 19 787 84 496 301 606 787 57 779 390 999 19 446 301 84 57 999 787 446 390 779 213 999 446 57 390 187 477 606 787 84 342 779 301 509 779 84 390 187 606 787 787 19 446 999 301 446 390 84 390 342 509 213 213 342 213 32 342 446 84 509 446 342 32 301 84 477 390 301 446 496 19 446 301 787 57 606 779 84 787 446 84 19 446 57 787 496 213 509 213 342 84 999 496 606 84 446 606 390 477 477 787 509 496 213 213 84 606 787 606 509 187 496 477 19 496 509 301 32 509 496 496 787 19 496 390 342 787 496 999 509 999 390 779 606 19 19 446 496 779 779 606 779 999 509 496 301 213 606 213 301 213 477 32 446 213 213 84 509 390 187 57 509 779 509 32 496 477 213 779 187 779 606 477 496 999 606 213 787 32 187 213 84 84 57 32 19 779 32 57 57 787 84 496 342 32 32 779 477 57 999 496 446 213 606 213 779 84 390 477 32 19 57 509 509 496 390 779 57 213 301 57 19 509 187 390 301 606 496 19 390 390 213 32 32 187 390 446 477 19 509 496 446 779 84 779 779 999 19 606 187 187 509 19 213 301 999 19 509 57 84 187 446 446 19 446 213 301 342 187 32 301 213 32 606 301 999 213 779 84 477 84 477 57 19 19 187 187 446 19 32 390 779 606 606 496 606 477 187 213 390 19 496 187 779 390 509 187 509 19 187 84 187 496 496 509 446 187 213 496 390 779 390 84 57 57 32 342 779 57 787 57 19 213 779 509 213 19 84 477 19 213 999 606 509 84 496 496 787 19 32 301 19 57 187 390 390 779 779 999 509 446 477 84 446 787 999 999 19 32 57 57 509 509 606 787 999 606 84 779 32 57 390 301 213 509 32 779 213 84 301 84 19 779 390 187 19 509 496 999 496 787 19 390 496 779 301 19 19 606 342 19 999 390 84 999 779 32 606 187 509 779 19 999 32 509 509 19 477 84 342 509 787 477 999 213 187 213 999 496 509 446 19 477 57 390 606 301 496 606 84 787 390 187 496 477 787 509 779 301 779 57 390 606 509 342 606 342 57 342 19 213 301 999 32 477 787 19 999 390 57 606 213 187 187 606 213 496 787 496 84 496 19 509 19 509 509 342 301 19 19 787 496 19 446 779 606 787 779 999 84 342 301 999 496 342 606 606 390 187 509 779 779 390 19 342 509 496 999 301 213 84 779 787 606 509 496 57 477 606 84 779 213 509 606 19 19 496 19 213 496 301 213 32 187 57 779 342 446 787 32 213 213 301 19 509 32 213 57 84 84 213 779 19 509 19 999 496 496 999 999 606 606 187 301 787 779 999 787 32 606 496 213 57 84 187 187 509 999 213 787 779 787 390 509 509 19 187 19 779 342 787 390 32 509 57 787 477 390 19 19 301 446 301 19 606 787 496 477 446 32 213 57 477 187 342 19 187 32 606 606 446 84 496 213 301 477 32 57 19 477 606 509 509 477 496 779 999 390 509 509 213 446 32 57 301 301 446 787 32 390 187 509 390 84 32 213 606 509 446 446 509 32 19 84 57 446 446 496 213 32 509 446 446 84 606 187 342 477 342 787 779 57 19 32 779 787 606 446 57 57 509 446 84 496 213 779 606 509 779 301 32 496 390 301 187 390 32 57 84 301 446 477 446 32 57 19 779 32 477 496 999 84 32 787 496 509 19 496 301 301 779 509 509 999 342 999 213 390 84 187 496 446 390 787 606 787 19 19 301 787 84 606 213 342 342 779 779 390 496 606 19 606 509 787 999 606 509 57 187 496 32 496 390 779 342 779 509 32 496 446 496 446 19 57 32 477 301 787 999 496 446 187 57 606 787 84 496 999 509 19 999 496 446 213 999 446 301 390 446 213 446 787 779 32 213 84 84 57 301 19 509 509 213 57 19 999 390 84 19 301 779 301 496 187 999 19 342 187 509 999 213 496 606 999 477 84 606 999 390 999 390 342 301 779 19 342 301 57 496 509 32 477 84 606 496 496 446 301 787 19 213 509 606 342 301 57 84 390 446 301 390 999 779 999 187 606 446 301 779 779 779 477 496 390 509 342 213 84 390 342 787 606 342 187 301 446 84 787 787 390 606 509 32 84 779 213 477 779 999 779 19 606 787 84 606 787 496 999 84 787 606 301 301 19 213 477 496 496 19 496 496 606 32 390 606 606 84 342 509 19 187 301 496 342 19 999 446 32 57 496 19 213 390 779 787 301 213 19 787 509 999 779 32 390 390 779 509 606 787 57 509 213 213 390 342 509 213 787 57 213 477 787 999 84 19 342 390 446 509 57 606 999 496 213 57 57 999 187 213 57 779 509 999 19 999 477 32 19 19 509 57 606 999 446 779 213 342 57 509 187 19 32 19 999 213 496 84 19 999 787 606 19 606 32 779 19 509 390 390 999 787 301 32 477 999 213 390 390 509 213 779 509 477 19 301 496 32 779 779 84 446 509 779 213 606 390 779 213 213 19 477 606 57 19 779 496 19 509 187 779 509 779 477 84 57 779 477 779 342 509 187 57 19 390 213 779 509 496 213 779 477 509 606 496 606 446 787 213 496 446 32 496 496 779 446 779 19 342 787 509 213 606 390 213 32 606 477 999 509 187 301 509 779 509 496 606 32 477 301 213 509 606 606 390 477 606 496 477 496 606 342 213 19 787 32 57 342 213 496 496 187 999 606 32 509 509 84 19 446 57 213 32 496 301 213 477 779 32 213 213 509 787 213 390 787 446 477 213 57 57 496 213 477 446 213 779 787 787 509 779 84 477 606 779 606 187 509 213 301 342 32 496 509 787 303 913 57 32 301 913 999 32 999 451 129 477 187 987 483 913 913 129 787 303 999 987 477 57 913 129 987 648 913 301 278 129 446 999 129 648 483 301 342 451 278 278 278 999 303 84 278 734 129 648 32 303 787 84 913 278 303 57 913 278 999 303 57 187 187 451 483 342 446 129 84 913 303 84 301 451 303 734 57 446 648 446 734 303 57 187 301 451 987 477 913 342 32 477 483 129 301 342 84 303 129 999 648 483 913 278 129 57 477 301 84 342 32 84 477 301 913 278 787 278 303 301 734 999 477 477 987 303 187 999 477 648 987 57 451 57 301 446 987 84 303 987 987 278 84 913 648 129 734 999 913 987 648 913 301 342 451 342 129 278 734 999 987 477 913 32 84 999 57 278 446 303 787 446 84 187 303 787 57 987 913 648 129 451 303 648 303 278 648 648 913 84 57 84 734 734 987 477 999 787 303 648 999 451 648 477 987 734 446 451 84 913 446 32 987 129 477 999 57 734 84 999 451 129 734 483 342 987 734 342 301 787 999 451 446 446 987 32 303 787 999 734 32 84 446 301 129 301 301 187 734 648 57 451 734 129 278 278 483 477 648 483 477 342 787 278 987 32 483 32 446 301 787 648 129 913 999 57 278 301 187 129 913 278 187 32 787 129 301 446 303 342 84 301 278 648 278 999 987 477 187 483 734 303 648 999 787 129 446 787 999 483 301 913 278 342 648 913 477 446 477 84 57 129 477 303 648 84 57 32 32 129 303 451 483 303 129 301 483 32 913 278 57 734 303 648 342 187 648 278 734 734 446 129 648 57 787 278 477 483 129 734 913 129 913 84 483 57 301 32 451 913 999 129 477 342 987 187 57 84 451 451 187 477 187 303 787 648 483 787 483 787 787 278 451 303 342 913 303 303 446 446 648 278 477 84 787 987 987 303 84 999 451 342 477 301 451 451 999 278 129 57 734 84 648 734 303 787 187 303 301 648 303 187 187 483 32 734 342 483 483 303 648 451 987 446 913 477 451 301 57 342 57 987 987 57 483 32 301 999 84 84 446 787 342 734 477 57 278 303 342 303 787 303 477 129 303 987 477 787 483 648 32 734 734 446 84 303 84 734 451 84 913 303 999 999 278 999 483 483 129 999 446 84 477 913 451 129 734 913 483 446 451 787 999 787 303 301 187 129 999 734 477 913 483 987 913 483 278 451 129 734 342 451 342 187 446 913 483 32 84 451 987 477 451 278 999 999 342 129 342 32 648 301 734 451 451 303 787 787 303 734 32 303 477 477 57 987 913 987 278 84 477 303 342 477 451 483 483 57 301 787 32 987 187 129 987 303 57 187 278 303 451 303 787 32 477 648 278 734 187 129 999 57 477 32 446 187 303 913 787 648 483 987 303 999 301 451 446 84 301 913 483 303 129 446 451 342 446 187 129 278 32 999 999 84 734 999 187 999 477 787 57 648 187 301 734 477 913 648 32 734 734 987 57 913 451 999 32 913 301 734 999 648 987 278 446 446 446 446 787 483 734 57 477 342 32 303 913 913 987 477 913 734 477 999 787 84 32 84 303 648 342 278 446 913 913 57 32 734 483 84 301 987 999 301 32 301 477 999 301 446 451 187 483 987 278 57 187 987 84 57 129 451 451 446 187 84 913 451 57 84 913 303 57 451 57 483 187 787 57 446 278 446 278 987 787 84 57 483 987 32 913 987 187 734 57 84 477 301 483 477 301 278 477 278 342 303 129 32 648 301 301 787 987 734 303 734 451 342 734 648 84 787 301 477 278 84 648 446 734 913 787 32 129 57 999 57 734 987 303 987 446 446 913 483 129 734 483 999 734 84 913 278 477 913 913 477 84 451 987 129 129 913 648 451 787 187 57 278 446 787 648 32 129 999 84 483 477 342 913 987 987 451 446 301 278 187 477 446 913 446 32 477 57 187 787 987 32 999 787 734 278 278 303 84 342 301 301 129 648 129 278 477 987 734 787 987 987 648 451 734 32 734 446 913 278 483 303 648 787 483 129 32 913 483 787 999 483 648 483 57 84 648 446 787 477 999 483 187 451 999 129 451 187 57 129 342 32 648 301 342 648 342 734 278 483 303 446 451 84 987 303 734 477 278 303 483 84 648 57 999 734 483 787 648 787 187 187 278 734 129 57 342 57 446 734 342 57 451 32 787 278 913 648 648 987 913 483 32 301 451 342 648 278 57 483 477 999 648 278 648 787 648 301 483 913 734 301 987 57 477 446 483 913 648 84 187 477 129 451 648 303 787 787 278 734 446 187 787 342 57 787 129 913 342 787 483 303 648 451 451 32 342 648 129 987 301 187 734 477 57 303 987 477 303 987 913 477 84 734 913 301 303 787 787 483 734 301 278 187 987 84 483 648 32 303 278 987 303 446 483 913 477 446 129 483 278 477 446 129 734 451 787 913 342 278 477 787 787 84 451 57 301 913 187 32 342 913 278 734 987 301 84 999 483 278 913 787 303 303 278 301 32 913 734 477 129 648 342 303 342 999 451 734 446 301 734 446 446 483 477 734 187 342 999 342 32 987 787 734 999 999 648 446 57 477 301 84 342 648 648 483 648 303 187 787 187 483 301 301 84 787 278 734 787 451 129 278 913 342 84 129 913 187 913 84 278 342 278 483 129 648 477 446 648 278 987 787 278 451 129 129 648 913 999 913 451 477 187 787 483 57 913 477 451 32 187 648 787 187 451 187 451 787 446 187 84 32 987 451 187 301 987 787 129 187 787 187 477 734 84 477 999 129 987 787 451 913 84 84 303 303 342 483 129 84 187 129 987 57 278 734 477 451 787 278 301 999 451 278 477 84 446 129 477 32 57 999 446 278 734 483 57 483 999 32 477 57 303 342 999 477 999 451 734 303 129 446 32 32 987 477 987 734 129 342 278 84 187 987 342 32 278 648 57 278 451 57 84 787 648 648 451 129 342 913 301 446 451 483 129 129 648 278 987 303 32 303 342 301 278 84 278 648 913 301 84 734 987 32 32 84 987 129 301 301 301 999 787 477 187 278 648 483 278 648 301 787 301 301 32 32 734 187 278 787 483 301 987 913 787 278 342 57 477 303 301 451 342 913 129 303 648 342 999 999 999 648 648 999 301 446 32 913 187 787 999 342 301 303 451 477 303 301 483 483 987 57 278 303 187 913 648 648 303 787 187 129 913 451 84 999 999 787 84 648 301 301 999 648 999 913 913 303 129 477 32 787 987 57 477 57 987 451 301 477 303 987 301 303 483 301 301 32 734 303 278 301 999 477 187 342 278 913 303 278 187 278 57 303 129 342 648 787 787 342 57 301 451 129 787 987 999 987 446 187 187 999 483 84 987 446 342 446 483 483 483 999 787 477 301 913 999 987 301 787 278 303 913 303 342 483 187 451 84 913 483 301 278 84 187 913 451 187 446 477 648 129 734 787 648 84 913 187 913 129 84 913 446 342 342 734 451 342 913 129 187 129 987 303 303 342 301 999 648 129 187 303 303 477 787 446 734 84 342 987 129 446 451 483 451 483 84 787 187 303 648 483 648 787 483 483 301 129 451 987 446 187 84 734 987 451 451 913 913 301 303 451 342 913 32 57 734 999 483 446 477 477 32 451 999 84 303 483 303 483 999 734 734 999 129 84 648 129 987 32 301 477 342 987 278 342 913 987 301 342 451 477 483 129 787 278 32 451 787 913 129 187 477 32 57 278 129 57 57 301 787 787 451 32 301 278 913 477 477 648 187 913 734 648 648 451 57 446 648 451 483 446 999 987 987 999 477 342 648 483 32 342 913 483 303 303 987 446 734 129 57 84 987 446 187 987 32 451 987 913 301 57 32 278 446 129 278 913 342 84 787 451 734 303 734 483 987 303 787 446 483 187 446 477 187 32 129 787 32 446 648 278 32 477 451 278 734 303 32 483 187 129 913 483 648 187 648 787 303 477 84 342 913 787 451 129 648 187 32 57 999 303 477 987 734 483 734 648 987 129 446 32 913 483 342 278 342 787 648 451 987 999 84 987 477 913 477 57 483 913 913 477 84 446 477 303 303 987 32 303 187 446 987 446 477 303 342 734 987 913 57 342 483 648 987 187 278 787 999 301 187 32 446 303 303 278 483 483 129 84 999 648 84 129 734 648 987 734 648 913 483 84 913 734 301 129 734 446 303 84 913 451 734 342 451 303 648 84 187 483 477 84 734 301 278 451 648 734 999 446 303 913 987 57 477 648 477 451 129 648 648 987 84 32 57 787 278 913 129 734 57 129 84 734 32 303 187 999 57 278 187 648 987 303 913 483 303 342 483 57 57 446 278 32 84 57 913 451 303 84 342 734 129 32 303 446 301 787 734 84 57 477 734 477 483 342 787 999 999 303 451 483 57 734 999 32 648 84 483 648 734 451 446 648 187 451 57 483 342 301 451 913 278 303 451 278 187 648 483 129 32 648 32 342 451 303 987 301 303 301 734 84 278 278 84 57 446 187 446 999 129 129 84 278 446 648 129 446 451 483 32 648 342 913 451 734 987 648 301 303 32 84 483 648 787 57 999 32 451 999 129 129 84 303 129 987 913 342 787 999 787 303 913 648 999 278 999 129 648 187 477 648 301 303 477 57 451 451 987 648 483 187 734 32 84 303 477 301 57 278 57 477 84 301 301 648 342 451 451 477 987 483 187 987 987 787 913 446 787 57 987 57 451 648 987 129 451 913 32 187 303 648 483 84 57 987 278 278 648 787 278 446 342 734 648 303 32 483 477 57 999 648 57 787 129 987 84 84 301 446 129 734 303 734 483 129 477 187 278 84 342 129 451 278 451 483 187 278 129 648 57 342 32 648 446 913 913 913 187 999 278 301 32 187 734 913 787 32 129 129 129 32 483 32 648 32 129 787 787 84 987 446 734 32 483 187 451 451 477 32 734 84 129 301 987 999 999 32 303 32 734 483 913 32 451 913 987 129 342 734 734 787 913 648 84 987 734 342 648 913 913 477 187 278 483 129 187 787 648 278 787 648 477 987 648 187 84 129 987 301 913 84 477 913 278 278 342 301 787 913 84 129 32 446 451 303 278 342 446 477 446 987 301 446 987 451 451 187 84 342 446 787 446 477 787 301 913 477 187 303 483 451 913 278 187 648 57 483 446 84 483 84 483 301 483 913 303 451 999 84 446 84 301 84 987 301 342 301 913 999 303 32 787 187 342 987 987 477 999 477 648 483 278 734 446 278 999 187 483 278 648 301 734 451 451 483 477 278 451 483 483 999 734 342 84 32 303 301 648 278 278 303 648 32 787 477 999 278 446 303 483 477 477 734 303 648 301 303 913 987 483 84 278 303 483 129 187 301 303 342 999 278 483 987 999 913 787 301 187 129 483 84 57 483 787 187 999 187 278 787 477 734 278 32 446 446 999 187 987 999 734 129 57 32 57 84 913 129 84 987 187 648 451 734 648 303 301 84 446 301 278 57 278 483 342 32 301 84 787 57 913 187 84 648 187 787 342 278 84 999 278 446 301 84 84 301 648 32 32 913 987 648 734 84 787 84 187 787 477 32 648 477 477 301 451 32 301 913 477 734 987 129 278 32 477 342 57 477 187 999 451 734 477 648 987 129 32 129 648 999 446 303 303 451 787 446 787 303 342 301 32 278 301 787 84 787 787 987 187 999 32 84 451 84 342 32 787 477 32 84 129 987 987 446 477 913 32 303 913 129 301 446 451 913 451 32 734 32 913 648 84 477 477 787 987 129 301 483 477 734 451 187 648 483 648 57 483 787 57 301 648 301 734 32 987 999 451 446 84 187 303 913 129 57 129 57 734 301 84 483 187 787 301 57 129 303 32 84 32 451 483 301 32 303 477 446 987 999 987 57 32 129 129 84 987 987 477 303 787 913 32 84 129 129 648 999 999 84 787 32 999 483 129 57 187 483 787 987 483 446 477 913 451 734 129 477 301 84 477 342 483 32 301 987 32 451 483 734 999 84 451 84 483 278 477 913 446 451 483 483 278 483 342 278 32 129 303 987 446 913 999 84 303 303 187 446 787 446 913 32 278 987 84 32 987 303 187 734 32 129 129 303 303 787 913 278 999 303 278 913 987 483 483 999 648 446 451 483 483 301 477 278 451 477 483 129 987 999 648 477 787 342 303 32 446 451 999 477 342 301 278 987 451 999 734 787 57 999 446 987 483 987 57 913 987 303 187 987 301 32 303 477 342 648 57 999 477 84 303 303 734 477 451 477 787 301 987 342 734 301 734 278 303 84 483 477 187 32 648 57 451 301 84 303 483 477 477 787 129 787 451 446 483 913 787 342 648 987 84 787 451 187 483 451 342 483 999 303 84 187 57 187 84 342 999 987 57 451 787 446 342 451 342 477 84 913 483 477 57 129 303 129 999 999 84 787 483 451 648 913 451 913 648 303 84 987 278 648 483 734 32 913 32 999 342 301 477 446 999 278 913 57 129 129 301 999 987 303 129 648 483 999 129 734 342 451 483 278 342 129 187 278 999 303 84 648 129 787 57 913 734 787 734 303 446 84 57 483 787 278 787 278 187 787 483 787 451 32 446 57 913 446 129 451 278 446 913 913 32 483 734 342 787 787 342 477 734 648 734 301 57 999 301 84 187 303 303 446 32 301 648 129 129 278 301 57 57 787 987 787 987 57 57 734 999 278 303 57 451 129 84 734 913 187 734 787 84 987 648 648 734 483 734 477 913 734 342 278 32 84 129 342 84 913 734 84 278 84 57 987 913 32 303 446 999 278 278 734 187 987 451 734 913 303 734 303 734 278 187 451 451 303 301 734 446 129 57 648 477 734 483 734 787 342 913 451 483 301 451 648 303 446 301 303 32 303 446 446 84 57 483 787 477 451 451 84 734 999 787 187 446 477 999 648 446 999 913 483 32 477 301 446 913 303 477 483 987 451 129 446 446 342 32 446 451 987 451 987 278 734 32 129 84 477 187 32 57 987 129 301 129 913 187 999 57 451 987 648 648 734 303 483 446 483 57 483 342 913 999 787 451 303 999 477 987 57 987 278 129 32 342 734 32 342 187 187 477 451 999 32 342 648 32 301 301 999 446 734 129 483 987 987 303 477 987 999 648 999 129 84 913 84 734 483 57 129 129 84 913 342 787 787 301 787 84 303 342 451 303 987 32 787 187 913 303 32 84 999 129 57 84 734 57 648 301 446 57 999 787 999 787 446 129 446 57 787 32 303 278 57 446 301 483 648 57 342 734 342 787 303 648 129 84 32 477 342 987 278 303 57 787 913 451 477 84 301 477 913 648 129 278 57 32 129 987 446 301 32 477 999 999 129 446 32 57 278 477 303 187 342 477 278 32 913 913 342 648 342 187 303 57 278 301 987 787 483 446 483 301 446 483 446 987 999 451 187 303 483 303 999 451 477 734 999 57 451 987 483 987 451 483 999 913 999 129 734 301 477 84 477 57 301 129 187 301 57 477 734 787 187 32 278 342 477 787 32 301 57 999 303 303 303 342 483 32 84 32 84 987 913 913 446 342 301 999 303 913 57 451 477 987 187 278 129 446 32 446 483 477 987 483 787 987 342 129 301 787 913 278 999 451 787 987 32 129 57 342 129 342 303 187 342 129 734 303 187 278 987 303 303 477 477 477 301 32 32 734 734 129 342 57 451 987 84 301 303 278 129 477 446 987 57 999 987 477 57 342 477 446 913 129 303 734 129 32 278 451 32 57 913 303 734 303 446 451 57 483 278 451 477 451 446 342 129 648 913 999 451 278 787 278 301 84 342 913 57 734 483 32 787 57 451 477 278 987 57 32 301 278 278 446 734 987 342 84 301 987 129 913 999 483 303 999 278 446 278 32 84 187 57 84 57 999 913 129 477 129 342 278 84 734 987 57 913 187 987 278 648 483 999 451 57 303 734 787 187 32 734 483 301 32 84 999 301 446 342 913 987 999 446 129 57 483 987 342 477 648 734 187 84 129 451 57 84 129 734 32 57 483 57 734 84 342 278 987 301 84 451 32 129 32 477 987 787 278 787 32 913 987 987 84 477 987 999 446 342 987 301 84 129 303 446 648 342 734 84 84 32 477 913 913 987 57 303 84 787 787 446 57 342 303 32 446 477 999 987 648 342 342 84 483 84 787 84 129 187 129 987 648 303 301 446 734 129 446 477 129 342 787 787 303 57 483 999 57 987 648 129 787 787 342 303 84 32 787 301 187 648 999 483 451 278 999 987 129 278 913 451 303 278 999 446 648 187 303 84 84 987 648 342 787 301 987 999 913 301 787 648 129 648 278 129 303 446 787 451 187 303 451 84 483 57 987 477 477 84 342 913 301 787 446 129 301 301 451 57 278 129 187 32 301 787 446 446 913 787 32 84 734 84 734 301 187 787 451 483 477 129 483 734 913 787 483 451 987 987 483 787 342 446 446 278 278 187 648 734 129 32 913 913 451 734 734 303 301 477 999 734 187 483 278 187 483 301 342 32 57 787 342 278 187 787 303 451 342 451 999 446 187 483 278 32 129 446 342 32 278 32 303 451 734 483 913 342 84 787 483 999 301 301 913 303 734 913 129 648 913 787 278 187 483 278 303 477 278 451 913 301 734 999 451 446 987 57 987 278 734 301 734 451 787 303 84 913 483 129 477 987 187 84 129 483 987 278 187 483 32 913 303 999 648 342 303 483 734 734 999 446 734 187 342 84 303 734 446 84 301 477 84 987 734 648 84 84 301 987 451 787 451 187 301 84 477 913 301 129 187 648 84 477 342 342 477 734 987 129 483 278 483 84 57 84 913 303 303 483 477 301 57 129 129 446 477 129 987 734 303 278 187 734 301 84 446 342 446 913 57 987 129 129 32 129 187 129 32 734 187 483 987 129 129 303 278 129 301 187 187 913 32 987 477 648 32 987 129 999 913 84 648 129 303 787 342 446 451 57 342 451 303 32 84 342 32 57 84 129 301 734 446 57 278 987 477 648 278 187 787 129 129 483 999 57 999 187 278 57 477 32 278 999 342 303 84 648 913 446 278 648 477 342 451 477 187 446 734 913 301 987 342 278 987 913 446 913 57 57 987 129 278 57 187 129 303 187 987 648 787 84 129 913 734 278 187 278 987 129 84 342 446 483 999 342 84 446 57 57 483 57 451 446 446 301 451 278 477 734 187 483 734 32 84 734 187 446 187 342 483 342 648 987 187 987 187 648 303 187 787 648 84 446 987 734 451 57 187 999 648 648 451 303 57 446 303 787 483 477 787 129 787 483 57 734 451 734 787 483 483 57 787 187 129 483 32 129 987 32 57 913 451 57 301 987 787 734 342 57 913 477 451 913 451 446 303 303 129 734 187 648 483 57 446 129 303 84 483 734 734 734 129 301 734 987 301 129 483 446 278 187 446 477 84 913 483 57 301 648 787 483 451 477 301 734 913 734 913 477 84 787 483 451 451 451 57 648 32 987 129 32 303 483 999 303 451 84 648 734 477 303 477 999 477 32 734 734 84 342 787 999 84 57 303 648 278 84 734 129 446 734 187 57 57 303 187 278 734 477 84 787 787 446 913 187 483 303 303 787 648 187 913 913 787 32 987 84 303 648 734 787 987 734 913 483 987 342 278 84 999 187 278 999 129 303 278 84 451 57 483 477 32 57 187 999 734 32 477 451 57 913 483 129 129 483 57 734 187 987 787 342 734 913 913 129 342 648 187 32 301 278 987 57 57 32 187 477 913 32 913 987 787 913 648 648 32 787 477 477 84 278 477 446 913 483 483 301 999 32 84 342 999 999 57 913 734 57 787 57 187 987 301 451 999 648 278 303 477 32 787 483 787 648 451 32 342 913 734 303 483 446 446 648 987 483 451 187 451 342 987 477 987 787 483 129 987 987 278 342 787 129 483 446 278 734 129 187 278 734 987 84 342 303 451 57 301 187 734 446 734 734 483 446 999 987 913 451 648 446 84 913 787 301 57 999 84 648 303 301 84 999 446 477 734 278 734 787 451 84 84 57 278 129 303 987 278 648 987 648 84 187 446 913 648 32 446 483 734 787 999 451 129 187 734 342 84 999 999 84 32 129 787 301 57 278 187 129 342 57 913 734 32 301 84 987 987 787 734 477 187 342 734 129 57 342 483 84 301 84 57 787 84 648 32 451 999 278 477 483 57 483 129 648 987 477 129 129 477 303 648 451 913 446 278 84 187 342 446 913 734 451 451 787 278 648 303 129 129 446 278 787 787 648 446 451 446 477 987 57 32 278 301 32 987 57 913 446 648 734 187 446 129 278 446 477 129 303 648 648 57 451 999 129 129 278 446 648 129 451 57 913 446 342 913 451 303 787 451 451 451 999 451 187 278 483 278 477 301 477 84 57 999 451 913 278 483 999 734 129 278 477 187 451 787 913 987 187 57 303 301 303 483 278 278 32 987 483 57 648 913 187 301 648 303 987 278 129 342 787 787 913 987 477 301 987 787 446 648 342 84 913 477 451 32 913 648 446 999 483 32 187 129 483 913 999 999 483 57 787 278 342 734 446 477 57 303 301 913 477 987 648 301 913 648 483 734 734 84 57 84 446 342 446 342 342 987 446 278 483 451 477 301 32 32 342 446 303 477 303 648 301 84 999 342 451 32 483 278 278 734 999 787 129 477 451 734 451 648 477 303 303 187 84 129 342 446 303 451 451 734 446 913 301 648 57 451 987 303 648 987 342 84 451 342 303 129 342 32 301 278 32 32 987 483 913 987 129 301 987 278 57 446 446 483 129 913 301 648 303 451 57 301 303 913 451 477 987 32 129 303 477 278 734 987 57 303 57 987 999 342 477 483 999 451 187 278 303 648 303 129 301 446 483 477 648 648 648 787 278 648 451 787 734 734 999 787 32 913 451 999 787 84 734 787 648 987 483 278 999 734 278 129 913 787 451 483 987 301 303 999 477 278 57 451 477 278 734 129 57 451 734 84 278 57 342 451 477 734 303 129 301 342 32 648 451 278 477 446 187 648 787 301 787 342 84 913 734 278 32 999 451 987 987 787 187 483 84 787 446 477 84 648 32 342 483 32 987 278 987 303 129 301 483 648 303 342 987 451 648 57 278 129 734 987 483 999 477 999 187 787 301 303 477 57 446 787 987 446 32 278 999 57 32 303 787 913 32 477 278 303 913 278 187 57 278 301 999 32 451 446 57 32 129 301 57 57 483 303 32 57 483 84 57 987 129 477 84 451 787 483 187 913 648 987 187 446 451 999 446 129 57 787 32 129 477 734 999 446 129 342 483 301 483 446 446 32 57 483 787 84 303 84 342 187 301 451 390 779 606 303 509 303 303 451 496 509 483 303 606 779 606 278 451 451 987 213 913 213 19 213 390 509 509 734 19 129 987 451 451 606 390 509 509 303 19 278 390 648 213 278 129 496 19 451 303 734 987 509 987 509 129 648 303 496 913 19 779 606 913 509 19 129 987 19 734 496 779 278 303 213 779 913 496 734 913 913 606 779 779 390 129 913 390 779 606 734 483 648 278 606 987 483 390 606 606 648 606 303 606 278 278 509 606 451 779 779 734 779 496 987 779 509 213 390 278 451 129 779 451 509 19 213 278 213 779 129 483 303 390 278 303 483 987 496 451 303 496 303 483 734 509 213 19 213 606 278 509 451 734 496 213 483 129 129 390 213 913 987 213 278 734 303 483 779 496 390 779 509 213 483 913 213 496 648 648 19 129 606 483 509 451 278 303 509 19 213 913 606 987 451 303 483 496 213 779 913 913 303 451 451 483 779 496 19 278 606 987 390 213 390 303 987 483 390 451 483 987 278 483 213 213 213 606 606 483 19 779 483 987 606 648 779 734 606 987 483 734 303 483 483 129 496 213 278 213 278 129 509 913 496 303 509 606 648 606 303 19 606 648 779 483 390 734 303 278 509 509 496 606 129 779 278 390 278 213 606 451 496 213 779 213 779 913 451 987 779 779 987 390 19 390 496 129 913 278 779 509 19 779 648 129 390 913 509 913 913 19 734 779 390 496 648 648 390 278 19 213 648 509 496 648 509 19 779 734 390 648 606 390 19 496 483 390 648 509 734 19 779 606 19 496 483 509 451 483 213 779 213 496 779 129 19 779 390 390 19 483 913 213 606 129 451 779 129 390 19 648 303 483 390 648 779 483 303 779 451 451 19 278 496 987 390 734 496 129 648 303 509 303 19 779 19 606 913 509 303 509 390 390 129 913 987 278 606 987 390 483 606 987 451 303 779 451 509 278 483 213 987 509 303 496 779 496 390 390 390 779 606 648 278 451 278 509 483 213 483 390 509 779 278 390 483 303 390 496 734 390 278 303 129 451 734 213 509 303 129 483 987 451 19 648 913 213 779 483 987 451 648 129 987 278 390 129 913 19 19 278 19 19 987 19 213 19 19 734 451 779 278 451 483 19 606 278 779 303 129 19 987 509 451 390 648 303 19 606 213 606 129 278 606 606 509 606 303 451 509 779 19 648 278 303 278 303 303 734 779 496 509 129 509 213 648 648 451 496 734 606 987 734 913 483 303 213 213 913 734 648 303 779 496 734 19 509 606 278 987 303 451 213 648 913 779 303 129 390 213 303 648 213 734 483 129 734 913 779 913 483 779 648 129 509 496 606 509 303 987 303 509 483 19 779 483 496 213 913 303 496 734 913 19 451 509 987 19 987 734 213 509 451 303 451 509 496 278 496 496 303 734 213 648 483 987 483 278 779 496 913 213 451 779 213 451 509 213 19 509 648 129 734 509 648 451 913 129 129 648 390 496 779 129 451 19 496 913 390 987 648 913 19 213 509 390 913 303 390 779 987 606 390 390 483 606 390 648 19 19 19 987 390 303 606 213 278 451 390 779 648 779 483 19 606 129 509 779 19 390 451 987 913 129 451 987 213 734 648 779 496 451 913 913 303 496 213 648 913 648 606 390 648 509 451 303 606 278 451 496 496 303 451 278 483 509 390 606 913 779 451 483 390 213 390 451 779 496 913 213 129 483 278 913 779 303 213 779 606 779 303 496 913 648 606 779 19 734 648 303 278 451 483 390 451 509 390 303 987 779 213 483 19 451 734 496 779 496 734 213 648 648 734 451 483 129 496 483 779 278 734 19 451 213 451 913 303 606 483 451 496 451 509 913 129 496 278 129 779 509 213 213 779 509 734 913 779 303 213 390 606 606 19 213 648 913 213 213 496 390 734 129 606 213 19 19 779 451 303 19 496 129 19 451 913 213 213 509 913 278 129 483 987 213 987 496 19 606 129 734 987 129 509 779 648 483 913 129 390 734 19 509 303 390 303 129 913 734 278 734 390 496 278 913 213 509 451 606 509 213 451 496 779 213 451 278 19 606 390 213 451 390 483 129 648 496 129 987 734 483 19 987 496 19 779 779 213 303 913 987 779 779 779 779 779 606 509 213 779 648 913 496 734 451 987 213 451 129 19 913 213 913 129 606 213 496 648 19 19 606 451 913 496 213 278 913 987 496 648 483 278 648 496 509 987 19 451 648 648 483 606 129 779 129 19 213 734 648 606 129 19 606 606 779 390 303 648 734 913 734 648 509 213 509 483 648 734 129 496 129 648 278 496 303 987 483 303 734 509 19 779 913 303 606 606 496 278 303 451 648 987 278 213 509 606 483 913 734 913 129 648 129 303 390 987 19 129 451 496 19 496 509 496 648 19 278 509 734 390 779 987 213 213 278 278 390 129 509 496 509 606 648 19 483 496 213 913 390 606 987 606 390 987 734 648 451 19 129 913 19 509 734 734 129 496 129 483 648 213 451 606 606 390 483 734 129 734 606 606 913 913 779 451 734 496 451 483 390 213 987 483 648 390 509 129 496 278 278 129 987 483 19 913 390 129 129 483 779 213 19 606 734 779 913 390 509 451 606 19 390 278 496 606 606 606 496 451 496 734 483 606 213 496 213 19 779 278 451 483 129 129 913 19 19 496 213 648 390 390 734 509 129 129 129 278 278 734 129 509 129 483 734 509 734 129 451 606 213 779 19 390 390 734 213 19 606 606 987 496 648 606 390 913 451 779 734 213 303 648 606 496 129 509 451 648 483 303 129 390 390 779 779 779 213 213 606 779 19 779 496 19 213 606 483 303 987 913 390 987 987 451 213 648 606 734 734 213 390 648 213 913 648 451 390 19 390 390 213 213 129 390 779 390 496 509 213 648 483 303 483 496 451 303 496 496 648 390 303 648 987 19 606 913 509 483 303 451 913 648 648 779 913 779 483 129 648 509 19 987 213 19 779 648 734 303 278 496 509 987 779 213 303 509 509 987 606 734 734 606 987 451 606 129 19 129 278 451 987 483 509 483 606 303 606 606 913 390 213 19 648 779 451 509 987 509 496 451 509 987 390 913 987 278 648 278 987 278 278 303 509 987 509 779 913 213 213 779 648 606 390 19 496 606 913 913 390 303 509 987 606 987 303 509 509 213 213 19 509 390 483 19 987 278 648 606 779 483 734 483 483 913 390 509 390 213 483 213 451 509 390 913 303 734 303 390 451 19 509 213 496 278 648 496 606 303 496 606 734 496 509 19 606 19 451 734 606 303 483 779 303 779 451 213 496 734 483 303 913 483 496 303 987 483 213 390 213 496 606 734 19 779 779 509 483 496 303 734 779 606 213 390 19 390 606 451 734 303 483 303 496 913 278 483 509 606 129 483 779 606 779 496 779 451 734 987 913 779 648 213 496 606 606 606 213 779 509 129 496 509 496 451 129 19 734 496 451 648 129 496 987 390 496 390 648 734 606 390 509 451 213 987 483 483 509 129 509 913 913 390 390 278 509 451 913 734 496 987 509 734 734 987 451 496 606 213 987 451 303 779 213 648 213 303 779 779 451 19 606 496 648 734 451 129 129 496 278 213 451 390 451 278 451 606 648 19 509 303 390 390 483 606 779 734 451 451 496 483 19 213 129 390 303 509 278 648 496 19 734 19 483 496 129 779 734 606 483 19 987 606 648 303 390 496 390 213 509 648 19 303 303 19 496 213 496 129 213 496 734 779 509 913 648 913 303 509 129 734 390 19 913 496 213 648 779 987 390 390 987 734 509 390 390 606 648 390 213 213 213 987 303 496 913 509 509 451 648 606 303 390 483 606 213 606 648 496 987 496 129 483 987 19 278 913 648 987 779 129 496 213 303 390 129 129 129 509 987 390 213 390 734 913 648 734 213 648 648 303 496 19 648 278 496 19 496 213 390 648 19 779 913 483 390 779 913 779 648 648 987 451 129 390 987 483 390 278 390 648 779 606 496 213 913 451 303 913 483 606 913 606 19 496 987 509 390 390 303 779 779 213 19 779 913 129 779 303 483 303 648 19 987 390 19 496 19 648 496 303 496 734 648 913 496 913 451 278 19 496 913 19 606 496 509 451 648 913 779 303 779 496 779 19 734 278 129 451 509 496 129 19 606 451 913 648 129 509 390 390 213 213 390 509 779 509 509 278 390 606 19 648 19 987 19 213 606 606 451 19 734 648 779 648 19 278 606 213 213 303 987 496 734 451 779 390 779 483 606 734 483 606 606 779 779 129 303 451 606 278 278 19 483 606 496 483 779 734 390 509 303 648 451 303 648 390 19 509 390 987 129 213 19 987 987 734 648 606 451 303 509 451 19 19 734 451 913 483 509 390 606 606 451 913 913 483 483 213 278 509 509 496 390 648 509 129 734 483 648 779 483 496 606 483 496 734 390 19 303 19 496 913 496 19 509 987 451 913 303 303 509 496 451 734 129 19 734 606 213 278 213 734 496 278 987 648 483 278 648 19 648 451 496 496 606 451 483 496 278 779 779 913 496 734 451 303 734 19 496 496 451 509 278 451 509 19 129 213 129 734 303 19 913 483 278 496 213 913 606 451 606 390 606 734 278 451 734 496 19 496 390 451 606 303 606 987 734 19 606 606 278 987 987 779 779 734 734 278 483 213 390 496 913 483 734 390 496 734 496 129 303 648 129 606 606 483 303 496 509 509 496 779 303 913 648 278 913 509 390 987 278 451 987 496 278 734 213 129 987 213 509 496 987 213 483 303 509 913 483 19 483 390 390 213 734 19 278 483 483 390 913 987 390 19 19 606 278 648 734 606 496 913 987 913 509 509 278 779 278 779 496 509 303 734 129 734 913 734 19 483 779 779 278 496 483 648 483 278 483 779 390 648 913 913 734 779 451 734 483 19 496 278 483 496 913 129 496 303 213 509 213 509 496 734 390 648 390 913 483 606 734 496 913 987 303 987 606 483 129 390 213 779 303 213 278 606 451 606 734 648 606 213 451 509 496 483 606 278 303 779 913 734 483 278 606 19 496 390 648 606 509 278 509 278 734 913 779 606 496 606 496 278 129 987 278 19 606 19 509 483 303 496 913 451 278 213 509 19 987 451 987 734 648 129 278 451 779 509 606 509 779 779 390 390 483 913 483 779 278 734 19 451 779 19 913 648 19 913 213 648 509 483 606 509 19 451 496 278 606 483 509 987 129 451 451 779 390 483 509 451 779 19 19 19 734 509 19 483 483 734 509 913 451 779 451 129 606 913 19 913 483 451 496 129 213 390 509 496 779 278 734 648 19 779 648 19 987 19 606 278 483 734 779 483 606 483 19 496 278 606 734 390 648 213 606 648 303 496 913 779 734 496 278 213 648 390 278 779 779 390 987 451 987 648 496 303 483 779 496 606 278 496 509 913 779 390 129 213 19 129 451 19 213 913 913 987 779 303 213 509 390 303 278 278 648 303 483 19 734 278 913 509 390 213 509 987 779 213 509 483 648 913 303 648 451 19 496 213 987 390 390 278 303 451 648 779 606 987 496 509 129 213 648 19 496 913 129 509 606 213 390 987 496 303 451 390 278 129 19 779 779 451 509 648 606 278 390 779 213 390 779 213 496 734 606 483 987 509 509 483 129 496 451 987 19 483 648 129 734 734 779 509 390 496 303 483 213 606 19 606 129 648 303 483 390 496 913 606 303 483 734 390 19 648 606 734 496 278 509 509 987 278 129 278 648 913 779 483 509 451 451 390 509 278 451 496 129 734 19 987 913 606 213 390 509 390 509 129 648 390 213 129 390 734 606 606 129 734 606 496 509 278 213 129 606 451 483 913 483 129 483 390 734 483 390 779 278 390 451 278 278 779 987 390 496 509 734 648 129 496 19 303 19 19 19 606 278 779 303 213 19 509 483 390 213 606 987 390 606 779 390 734 648 606 509 509 278 451 483 129 390 303 496 129 734 303 509 213 779 451 278 278 390 19 987 648 606 913 213 734 278 913 987 509 987 451 509 606 213 606 19 278 213 734 390 483 390 129 496 496 483 496 213 19 19 606 278 734 213 278 779 390 913 483 779 390 19 213 303 987 451 19 606 451 987 390 606 779 734 496 779 451 987 19 606 496 390 779 779 606 734 509 648 278 19 496 509 734 779 303 390 509 19 303 509 913 779 483 648 987 779 913 19 496 606 509 509 648 509 278 987 278 734 390 303 451 779 278 303 606 129 606 303 19 129 19 19 19 509 278 606 779 606 303 496 213 987 496 278 734 648 606 606 483 483 390 648 390 129 390 129 390 390 19 303 390 648 129 606 303 496 779 390 779 913 303 987 606 509 496 496 606 129 648 129 648 303 451 987 648 913 278 648 303 213 509 213 129 303 483 734 483 213 509 779 496 483 734 734 779 129 509 606 648 496 129 213 734 451 779 606 303 213 483 213 451 129 987 390 390 913 303 606 987 606 648 496 278 213 390 509 496 19 390 129 19 779 390 19 278 213 648 509 390 483 303 390 483 734 390 496 606 496 129 278 213 913 390 734 483 483 734 509 483 648 213 987 987 734 303 734 734 451 913 987 483 451 913 734 303 496 496 779 129 19 779 496 496 19 19 779 496 451 913 509 496 509 451 987 779 390 509 129 496 19 129 129 483 451 987 913 390 987 303 390 734 987 606 390 648 734 451 606 303 496 496 129 278 987 390 496 19 509 278 303 509 913 509 734 278 734 987 779 451 278 278 779 987 987 734 606 303 390 648 303 451 987 303 451 496 129 278 451 129 606 779 19 390 913 278 390 390 213 509 483 913 451 779 779 129 278 648 606 734 496 451 19 913 451 779 451 451 19 278 648 451 648 509 451 213 779 648 606 19 19 390 213 648 496 19 734 129 496 303 129 734 451 779 913 734 734 606 509 648 509 451 496 496 483 779 213 606 606 303 648 606 19 129 509 451 734 779 779 390 987 987 987 987 734 278 19 303 509 303 496 779 483 987 129 779 509 213 606 390 509 509 648 509 779 278 734 213 213 496 648 509 779 278 129 19 303 509 390 496 648 390 19 19 129 734 19 987 734 278 606 303 648 734 509 496 129 606 278 509 483 987 987 451 129 483 913 129 278 278 213 509 779 129 213 451 913 496 496 213 213 913 303 451 129 213 987 213 779 451 129 496 987 509 509 913 987 913 734 606 734 606 390 779 496 779 987 509 496 451 278 734 734 648 606 390 496 213 509 509 779 648 213 303 987 213 451 648 496 303 779 913 451 129 19 19 913 496 303 913 213 303 483 606 278 303 606 606 913 451 129 779 509 987 278 303 987 129 734 390 987 606 606 606 278 734 779 496 129 913 496 390 913 648 496 509 779 496 213 213 648 19 509 303 129 129 509 779 779 496 19 390 278 303 987 19 19 779 390 496 606 496 213 496 213 390 451 129 496 213 278 19 648 451 987 779 213 483 451 779 451 19 390 648 509 19 779 496 913 913 496 451 451 19 913 303 213 390 483 987 987 779 734 19 278 987 390 278 19 129 451 19 278 913 213 779 19 483 390 606 779 483 509 606 509 734 303 648 987 129 129 451 129 509 19 648 496 19 734 278 390 278 213 606 606 648 779 509 913 278 390 303 278 779 606 648 496 390 913 213 451 390 451 779 483 779 278 213 483 483 278 213 913 606 390 129 734 606 483 987 451 913 483 734 303 129 987 648 496 509 734 509 451 496 129 913 606 606 19 213 390 451 129 129 987 303 278 390 987 987 213 129 496 496 19 303 496 779 390 213 496 987 987 19 779 390 19 648 390 509 987 129 129 648 779 779 213 19 779 129 509 451 451 987 779 451 451 19 213 483 303 303 779 129 19 496 734 129 779 278 509 606 496 19 987 496 483 496 303 509 779 987 451 129 606 129 987 390 483 987 606 606 483 129 129 913 390 19 483 483 779 390 779 390 509 483 779 390 913 496 483 913 129 303 483 509 213 278 483 509 496 509 606 213 913 987 213 779 19 496 606 779 606 483 129 390 303 483 129 390 606 606 213 496 606 129 496 779 913 129 303 213 648 496 496 606 509 213 913 648 509 303 390 390 779 451 19 648 483 213 19 451 129 483 451 606 779 734 987 913 509 648 987 19 606 213 213 648 278 779 129 509 496 606 278 483 606 129 129 606 734 129 496 496 303 483 913 779 509 987 451 213 913 390 303 779 278 483 913 606 213 734 19 19 213 19 606 451 606 509 734 278 129 451 779 913 648 19 451 509 779 390 129 606 390 509 303 129 648 390 303 303 19 303 278 19 278 213 496 734 913 390 303 509 779 451 606 913 19 303 19 213 496 509 213 509 129 913 734 496 913 496 496 303 19 987 390 913 390 213 19 509 483 303 213 606 779 213 509 129 278 19 648 390 509 19 913 913 913 496 509 390 913 496 483 987 779 390 606 779 19 734 19 987 779 734 606 390 779 303 278 390 496 987 509 390 451 390 278 648 483 509 129 390 779 483 734 213 390 390 278 648 648 278 451 129 606 451 509 913 779 913 648 390 483 509 390 213 987 483 987 213 496 734 987 19 509 648 483 987 606 648 509 390 496 303 19 606 390 390 648 606 390 648 913 648 987 303 648 606 451 913 483 913 19 390 278 606 483 734 606 483 779 303 779 913 213 913 779 278 483 451 483 303 606 278 496 451 19 779 734 483 451 19 390 19 779 648 734 734 19 390 606 483 390 278 734 606 496 606 390 913 509 390 278 129 303 451 278 913 451 987 734 19 213 19 913 213 390 496 509 129 987 509 19 278 278 779 129 129 303 390 779 19 606 648 987 779 390 779 213 390 483 648 483 19 19 451 606 987 606 606 129 303 390 19 451 213 19 987 451 213 606 278 606 483 451 496 129 390 734 606 648 606 390 483 19 779 987 509 734 987 606 509 648 987 451 987 19 303 303 129 303 390 390 913 606 213 278 213 496 213 913 451 213 496 734 779 987 987 303 390 483 913 278 606 390 496 913 496 509 606 987 278 303 390 987 19 483 496 213 278 913 779 213 509 734 606 779 451 509 779 509 496 779 496 213 390 606 913 779 483 303 779 779 913 390 278 509 19 648 278 509 129 987 19 779 648 390 648 913 213 496 606 390 648 648 987 278 19 303 129 483 19 303 606 390 496 483 303 606 987 509 913 213 278 213 606 213 451 606 496 19 734 303 509 648 278 483 390 19 734 509 129 648 213 390 278 390 913 509 734 483 129 648 390 483 987 303 451 734 509 213 451 779 303 496 278 278 734 779 987 19 129 483 19 483 390 779 483 303 734 913 19 451 390 19 303 606 451 734 390 496 213 734 483 278 19 509 779 496 451 19 278 496 496 483 606 278 390 451 19 987 390 509 606 779 734 451 509 779 451 303 390 779 390 496 509 129 779 213 303 278 451 509 987 483 129 913 390 779 19 606 734 19 390 496 213 19 390 19 390 303 213 483 451 483 19 734 303 213 606 779 451 129 390 648 648 303 278 303 779 213 913 451 390 496 213 509 987 390 509 278 19 213 509 987 606 509 606 606 648 303 451 278 496 129 606 213 734 129 303 303 303 213 303 734 278 451 483 987 648 303 648 987 129 451 129 451 509 509 779 390 390 19 129 390 734 606 496 129 213 451 496 509 734 390 509 606 129 451 278 19 734 483 390 19 303 987 129 606 496 648 213 779 496 129 606 451 390 734 913 303 390 278 483 509 483 390 390 213 278 606 648 19 987 451 483 648 303 734 483 278 648 213 303 913 278 509 213 213 779 779 779 483 213 303 213 390 496 509 213 509 303 779 509 913 913 19 648 606 606 496 509 390 987 19 483 19 451 213 213 451 390 734 303 779 913 987 779 129 606 129 278 779 451 509 129 278 496 390 483 129 496 19 213 129 913 606 987 496 129 509 987 390 19 779 496 483 987 779 509 606 509 19 390 509 278 496 278 213 19 648 509 213 390 496 129 303 129 913 779 606 913 987 278 606 606 278 129 451 451 278 451 390 606 303 509 303 129 303 303 303 303 483 987 509 509 496 390 496 390 213 496 213 390 390 606 390 129 213 496 278 213 451 509 734 913 913 213 483 509 987 779 987 483 648 987 303 451 451 779 129 19 451 483 734 734 303 483 19 483 779 19 390 779 648 278 451 278 278 213 451 509 303 779 303 129 303 19 303 734 509 129 390 987 987 19 779 213 213 509 648 390 606 19 648 496 913 390 509 390 913 606 509 390 278 390 779 648 483 496 278 390 987 648 129 483 390 913 496 734 779 390 129 509 213 779 19 19 509 19 278 278 278 213 648 779 734 734 303 509 19 913 509 913 303 509 19 129 303 19 779 19 606 987 483 648 483 278 390 987 734 451 509 483 213 213 913 451 278 129 779 779 19 278 496 913 278 509 390 390 129 390 483 129 19 779 734 496 509 303 779 213 606 278 606 496 19 779 606 278 390 19 648 278 129 496 913 303 606 303 213 496 509 496 734 390 19 390 390 483 451 129 213 483 19 303 278 913 129 303 509 390 913 19 606 483 913 483 483 451 451 734 496 496 913 483 913 987 606 606 19 451 213 19 129 451 390 390 278 451 303 734 509 483 987 483 779 509 496 779 278 734 648 606 390 496 987 451 19 303 483 509 483 483 129 129 987 129 606 509 606 734 303 509 509 648 213 648 509 987 303 734 278 213 779 779 606 278 19 987 734 483 213 913 913 913 734 496 606 19 606 303 606 779 278 779 19 987 390 496 509 390 278 606 987 390 734 779 483 19 779 19 19 779 913 734 648 496 913 390 278 496 987 779 606 303 734 987 390 606 213 509 496 779 913 606 390 606 303 278 509 496 390 451 987 987 509 213 779 496 278 303 987 509 19 213 496 779 19 451 303 606 913 451 496 303 213 496 451 734 451 779 483 213 509 606 303 509 451 129 390 213 606 129 734 19 19 451 606 913 987 390 19 648 213 648 496 648 390 496 19 390 779 648 390 390 19 987 734 648 19 734 19 913 913 496 496 913 19 648 213 496 390 278 913 303 987 509 648 390 509 987 213 390 606 303 779 129 913 606 390 496 303 606 606 278 779 278 129 913 648 451 19 496 213 779 213 303 451 913 509 213 303 278 19 278 390 648 213 496 734 648 779 606 213 779 303 509 987 213 913 913 509 606 213 390 606 987 987 19 734 606 451 19 278 303 913 213 213 779 779 779 129 734 278 779 278 496 509 451 606 213 606 19 213 483 129 734 496 648 509 303 278 483 734 303 496 987 648 19 779 509 19 913 509 451 390 734 606 303 451 390 606 390 390 987 129 483 19 779 451 278 509 390 483 303 342 342 342 342 342 342 342 342 342 342
