14699 1000 600
73 150 245 540 545 775 0
376 496 816 825 845 951 0
60 70 86 247 346 442 469 605 686 699 0
26 353 459 717 739 937 0
228 809 886 0
53 732 0
130 242 305 589 948 969 0
70 159 217 297 379 586 594 616 911 917 0
45 241 251 312 404 463 469 498 685 0
59 218 283 491 0
92 156 465 545 716 824 0
15 85 130 517 524 610 0
380 739 0
50 299 405 493 0
21 35 107 173 295 742 883 893 0
199 426 649 688 720 794 0
112 202 765 0
261 314 543 593 678 859 0
165 194 352 735 762 0
59 311 415 464 622 913 986 0
46 49 105 368 470 865 0
89 292 334 376 444 702 798 0
23 95 140 254 381 757 0
73 206 436 710 0
487 927 0
14 240 355 361 365 554 740 0
252 526 555 743 788 792 0
181 207 362 510 663 676 699 756 947 961 0
83 252 267 326 446 580 834 850 0
16 22 56 141 458 469 606 670 924 0
60 180 355 408 428 499 553 590 838 918 919 939 0
25 65 196 442 645 671 735 0
40 452 503 511 532 548 582 661 699 0
397 406 611 643 710 939 0
635 890 0
72 108 295 570 0
433 742 955 0
76 0
191 200 434 581 679 0
114 514 559 906 0
110 616 646 0
57 61 71 77 351 607 663 990 0
71 813 924 928 0
118 346 413 628 673 0
87 277 365 834 838 869 0
3 86 177 408 0
99 502 536 554 638 725 0
142 447 751 764 0
128 175 208 418 809 0
160 165 898 0
197 217 379 521 648 0
224 409 454 926 0
38 64 233 257 486 623 797 0
17 18 48 257 272 368 449 809 967 0
299 533 616 700 924 999 0
188 204 321 339 417 581 764 779 810 850 867 0
28 44 68 134 201 331 420 589 731 0
7 192 208 269 683 825 952 961 0
139 281 724 918 946 0
77 289 372 427 573 657 795 0
41 91 121 265 315 382 428 684 721 993 0
29 84 468 547 583 653 0
491 546 635 831 0
85 216 245 259 476 632 906 925 0
46 349 569 610 707 904 0
196 246 598 612 824 953 0
370 777 905 0
7 234 423 764 765 973 0
218 550 675 816 842 856 0
41 92 370 574 724 0
121 268 321 349 587 820 913 920 929 0
26 401 409 604 726 901 972 0
24 160 624 636 681 756 854 903 0
107 222 234 259 658 0
206 258 508 867 874 0
61 187 270 297 462 467 523 614 709 737 757 0
264 345 890 0
7 114 522 648 674 0
20 138 320 705 0
140 477 553 771 891 903 0
183 333 616 732 779 796 937 0
11 13 179 452 658 0
352 466 494 509 521 589 593 755 817 894 0
396 610 932 940 0
89 104 261 880 997 0
18 106 177 747 855 963 0
164 373 487 522 882 0
16 30 452 465 820 0
73 216 658 745 896 940 943 0
53 104 217 302 391 572 828 0
85 153 234 311 450 743 774 809 959 0
82 196 264 371 397 668 695 0
223 720 780 872 902 0
354 775 890 903 0
14 15 398 632 840 857 914 953 0
5 184 232 514 991 0
120 132 253 353 440 548 583 684 906 0
129 275 315 367 398 609 615 796 840 855 890 0
53 579 678 818 902 929 968 0
37 51 128 198 382 748 976 0
37 42 81 123 164 572 636 727 872 0
305 416 898 968 0
192 358 409 660 964 0
76 101 185 305 396 429 528 712 908 0
72 96 419 471 812 834 875 968 0
177 324 426 488 590 0
184 224 274 540 749 996 0
50 344 483 490 615 641 776 962 0
369 373 981 0
305 389 559 993 0
272 314 408 867 982 0
1 858 0
260 386 512 913 914 0
308 907 0
612 614 673 751 876 948 0
164 223 331 574 583 787 876 0
278 473 478 533 538 634 653 679 0
111 180 307 567 570 0
86 103 349 952 993 0
340 762 857 0
84 256 575 718 724 733 883 913 0
7 8 14 101 688 0
255 314 433 588 814 901 966 0
185 217 304 444 502 638 0
15 129 200 270 473 612 770 774 820 928 0
19 250 809 0
74 220 517 655 869 0
16 163 785 0
125 514 586 734 868 0
163 287 369 446 460 528 720 726 0
417 512 725 735 0
25 494 627 806 885 0
44 355 365 416 926 0
310 314 323 327 778 964 0
37 135 342 521 814 970 992 0
107 316 322 415 423 430 506 527 758 822 0
359 648 941 0
197 351 844 892 972 0
72 178 218 392 538 620 665 0
84 92 492 554 672 752 0
110 219 930 0
5 245 525 527 589 642 669 827 943 0
217 352 369 482 520 859 0
183 198 411 498 556 1000 0
237 393 538 561 0
119 228 405 450 524 555 644 672 692 0
384 400 521 530 823 925 937 0
6 33 621 632 711 787 878 0
534 797 833 0
65 218 249 326 327 428 455 612 0
70 417 551 957 0
687 697 721 796 809 978 0
66 131 166 246 359 741 0
99 223 287 332 376 487 0
65 175 258 436 511 693 0
174 318 334 442 471 847 959 0
9 59 97 425 541 550 554 569 600 996 0
275 739 772 939 0
260 622 738 887 908 0
16 264 282 358 501 596 670 675 0
54 156 345 574 599 644 949 0
45 161 362 524 0
213 218 361 483 594 637 0
57 199 312 417 563 688 704 0
208 622 0
16 89 284 0
167 331 647 694 919 0
194 320 478 723 0
184 235 422 563 0
24 61 117 152 898 0
142 345 617 785 803 867 959 0
166 243 564 566 638 701 718 805 900 996 0
31 131 147 511 751 861 903 0
16 35 236 332 698 733 807 0
40 99 144 277 800 870 873 0
140 155 388 523 716 769 954 0
59 65 95 149 226 334 377 443 650 0
37 330 339 361 495 623 970 0
32 286 441 479 652 717 950 0
278 281 569 594 0
90 739 0
55 277 322 327 498 548 692 758 0
598 763 0
139 328 581 903 0
448 642 850 0
424 515 521 523 643 701 710 799 985 995 0
188 242 385 486 588 902 945 0
202 317 451 667 695 706 976 979 0
484 760 808 997 0
64 465 553 641 838 840 0
1 76 106 195 197 485 0
170 399 432 630 669 730 0
795 998 0
75 113 489 922 932 964 0
250 0
225 248 317 764 0
177 342 350 613 984 0
475 561 758 0
86 189 249 255 589 0
200 276 322 466 501 842 0
150 195 270 287 358 500 724 794 0
268 788 0
58 143 196 541 617 660 684 760 0
58 97 407 409 430 540 645 693 786 0
39 59 235 317 522 537 773 940 0
90 131 144 310 322 370 599 0
73 269 380 400 456 497 970 0
517 990 998 0
249 294 314 363 421 971 0
260 402 448 905 977 0
59 96 625 704 830 901 0
16 37 159 219 325 389 714 783 831 0
22 55 835 983 0
237 396 523 653 953 0
288 362 431 523 591 753 793 796 839 0
376 801 0
15 118 672 920 990 0
66 199 430 446 485 797 823 877 896 0
200 360 363 396 419 607 737 765 828 0
323 501 548 636 794 939 0
95 184 274 807 0
72 262 495 798 0
256 365 471 491 543 739 758 795 816 919 0
9 167 184 239 323 438 508 0
61 410 413 569 920 1000 0
31 294 448 492 691 731 927 0
158 247 566 602 831 0
83 176 181 495 519 569 0
22 82 446 464 524 630 718 0
19 137 248 534 659 844 925 0
20 40 117 257 423 794 0
194 293 543 790 805 912 0
36 207 837 909 956 0
8 124 733 950 962 0
322 554 654 914 0
8 395 433 460 529 662 0
49 81 89 373 472 868 923 954 956 0
311 436 830 0
15 78 306 514 624 853 0
273 389 778 890 976 984 0
34 101 247 249 613 650 0
283 624 891 971 0
272 296 499 654 675 790 863 986 0
163 276 474 478 763 0
156 375 384 399 457 602 618 663 0
102 364 373 532 605 713 730 966 0
512 905 0
172 275 403 470 514 529 750 829 0
171 351 435 585 619 623 701 840 0
43 253 268 286 600 0
233 321 498 657 836 0
63 223 300 348 476 776 0
133 282 344 361 390 637 929 0
88 140 291 416 0
440 487 558 682 697 826 891 0
13 318 329 515 841 864 0
74 317 392 657 716 784 925 0
37 165 319 598 898 0
46 498 508 673 730 782 0
295 497 585 595 619 742 787 888 0
304 360 402 674 684 839 877 931 985 0
30 195 471 768 904 0
43 80 260 364 867 0
36 310 335 513 990 0
69 340 375 450 468 628 656 853 892 897 0
151 230 303 366 455 804 837 0
450 653 709 751 797 0
31 174 281 609 968 0
71 135 304 366 493 535 559 572 881 0
235 408 665 666 752 796 0
244 381 401 436 471 490 508 821 995 0
22 183 237 275 752 814 985 994 0
6 72 107 752 786 877 0
35 85 203 333 524 733 979 0
50 57 370 416 721 909 0
166 214 347 676 840 914 0
87 291 383 390 453 540 720 929 0
204 352 897 0
97 410 521 553 661 881 936 964 972 0
304 657 931 998 0
144 148 163 477 499 807 982 0
112 234 351 421 723 765 789 0
351 577 619 639 666 955 0
170 438 562 678 689 743 768 825 0
220 226 378 542 631 765 810 0
7 10 21 204 515 761 801 914 0
561 669 677 730 791 939 0
87 328 351 622 0
28 66 528 657 769 782 920 962 0
150 364 389 487 591 724 0
318 343 363 396 408 654 0
374 574 843 0
49 77 450 717 0
61 350 417 780 0
102 189 384 651 779 804 859 939 0
9 286 792 871 0
244 409 510 547 601 700 783 890 0
263 278 400 496 534 623 763 848 0
16 122 248 752 773 982 0
273 296 430 489 833 0
77 427 463 475 506 522 637 703 773 887 978 0
269 652 0
256 390 812 0
195 202 420 513 806 0
23 198 235 438 658 0
46 66 99 122 230 518 523 649 699 913 984 986 0
82 165 248 676 831 915 957 0
233 234 566 615 656 734 0
90 136 226 479 501 613 0
18 306 462 640 852 0
163 176 328 0
419 463 719 0
88 752 976 0
150 262 347 458 532 640 652 656 663 698 0
154 294 396 446 526 0
599 607 726 838 0
76 85 181 281 376 570 902 0
57 62 172 793 981 0
358 935 978 0
250 890 987 0
46 96 234 699 785 840 0
200 292 432 470 589 753 757 774 979 0
337 599 777 0
338 575 778 829 948 0
87 221 408 478 490 518 528 561 898 900 0
197 269 330 566 0
53 84 463 645 819 0
187 254 262 283 415 635 816 0
167 357 398 856 864 892 0
10 97 147 157 0
258 260 555 563 672 907 0
99 514 705 0
386 422 616 764 874 0
131 267 314 355 374 523 907 0
160 587 703 0
115 263 449 691 934 981 0
34 61 141 405 546 912 919 971 0
73 241 270 350 429 440 583 833 0
236 573 599 659 681 0
107 278 356 542 618 0
374 426 567 579 632 698 893 964 0
67 369 436 552 810 874 941 993 0
18 418 854 859 0
57 114 302 340 647 823 974 0
175 187 220 305 522 702 774 0
469 610 648 666 819 973 0
399 668 782 875 0
108 186 199 375 935 955 0
50 717 922 979 995 0
61 269 0
55 283 504 576 902 0
471 587 620 652 878 897 0
96 189 220 372 396 494 509 824 0
29 339 561 0
37 180 243 250 346 392 483 552 645 718 747 938 0
83 639 693 846 0
211 329 399 548 566 581 778 830 0
82 361 472 859 923 934 942 0
186 199 304 358 582 0
153 630 717 0
16 84 90 192 402 526 568 591 610 651 666 758 0
287 354 470 545 741 879 0
107 143 204 254 417 674 680 823 0
59 189 302 353 532 822 0
135 312 337 393 525 747 833 0
118 136 677 795 804 874 0
181 235 350 410 433 492 527 0
55 60 177 517 765 814 870 0
126 153 351 478 483 619 852 869 0
114 379 388 557 566 821 835 844 0
137 340 558 716 785 931 985 0
12 230 264 323 408 512 0
85 146 593 643 771 0
11 152 191 673 0
90 227 276 339 627 821 0
222 597 967 0
213 289 694 0
185 473 503 725 893 0
484 647 697 870 0
26 236 430 444 496 0
33 377 387 0
177 358 446 532 687 756 960 0
91 155 286 320 373 408 670 794 841 0
136 873 894 969 0
44 222 517 554 589 0
143 537 983 0
207 230 289 391 465 540 585 726 944 974 0
179 582 600 0
327 346 350 413 561 716 830 836 0
217 282 310 649 0
194 322 341 442 523 540 636 902 906 964 0
4 118 280 392 461 630 712 785 940 993 0
79 244 986 0
553 761 790 977 0
75 142 170 232 289 386 575 593 619 624 831 862 0
242 639 926 0
7 169 220 308 570 698 756 932 0
123 283 294 586 592 775 821 0
160 474 686 884 889 915 920 967 0
2 195 262 536 810 978 0
42 205 298 389 493 496 520 562 588 839 925 0
42 450 518 541 719 783 796 854 938 0
319 568 849 911 948 0
614 948 0
59 102 513 572 687 973 0
311 352 409 661 0
49 129 200 367 524 0
33 180 194 392 476 543 619 930 0
146 195 329 441 565 885 0
103 121 202 555 831 989 0
135 165 196 226 366 386 431 538 837 0
372 522 678 863 0
145 223 381 589 642 750 923 0
131 195 349 505 558 0
226 240 0
112 161 233 574 583 691 768 901 0
569 753 765 896 0
112 158 476 532 792 0
2 31 60 662 729 733 971 996 0
231 330 368 583 744 746 0
270 299 346 709 719 995 0
77 80 104 228 231 715 780 0
13 14 166 178 325 385 394 605 817 0
115 253 362 736 756 0
63 372 595 958 0
142 980 0
110 217 303 478 727 967 0
260 420 588 0
133 409 650 0
340 361 426 495 681 765 906 986 996 0
25 62 275 510 590 0
261 286 423 543 861 970 0
29 130 137 163 246 286 434 650 754 0
267 689 832 981 0
44 329 432 450 453 600 0
89 257 298 511 787 0
70 144 349 389 475 997 0
190 507 639 714 749 771 0
353 381 644 782 878 0
118 320 509 920 0
188 306 494 767 776 965 0
302 306 437 647 0
132 180 196 197 267 313 354 627 791 848 971 0
410 739 775 950 0
98 150 172 243 494 800 820 838 910 960 985 0
88 181 406 523 526 0
90 115 496 547 653 0
302 440 450 722 744 836 969 978 0
125 725 0
48 235 290 295 300 390 484 605 623 900 0
32 102 221 248 375 453 573 574 698 762 880 0
30 43 244 301 970 0
6 162 231 385 494 505 867 0
241 304 479 550 725 833 860 884 890 0
92 445 912 0
168 596 619 683 841 903 964 0
26 33 386 780 0
893 955 0
362 511 717 0
120 327 818 836 997 0
390 459 470 629 696 738 799 968 0
37 107 349 919 0
14 210 215 273 321 326 343 442 518 529 603 831 0
585 0
258 285 894 911 944 949 961 0
236 275 762 926 0
139 333 674 964 0
34 157 162 250 280 298 393 499 574 576 707 900 0
285 564 682 752 994 1000 0
57 450 0
85 210 575 649 860 0
220 261 292 438 588 973 0
87 965 0
42 61 468 696 0
719 780 792 876 0
44 106 201 347 481 537 783 827 833 845 945 0
25 138 149 255 259 560 712 714 751 968 0
121 185 230 383 532 551 618 696 709 779 0
153 212 228 273 440 515 536 0
565 572 628 643 0
263 426 526 944 985 0
225 677 727 733 0
37 281 362 391 468 470 501 0
354 401 0
352 405 564 811 0
43 238 506 634 702 982 0
47 228 338 761 896 0
437 495 546 610 648 758 0
140 339 458 492 568 595 809 992 0
549 565 961 0
655 746 763 793 0
357 532 0
75 579 0
421 667 778 0
336 390 863 915 0
41 107 316 432 455 697 769 973 0
18 51 186 535 583 601 808 849 900 0
27 149 324 327 878 975 0
173 348 435 560 589 699 0
101 765 797 907 0
98 110 198 511 576 0
165 405 426 552 668 753 882 949 0
19 34 358 617 759 886 974 0
51 143 312 356 544 553 0
258 372 532 808 875 0
231 411 467 814 0
215 221 288 413 592 645 857 0
252 275 431 612 621 696 753 775 0
99 125 260 471 845 0
279 411 559 570 645 833 844 933 0
280 304 469 821 903 0
88 218 260 417 500 613 853 0
175 219 370 509 758 783 0
36 54 152 563 670 801 958 974 0
47 72 160 489 540 638 899 932 0
57 628 723 903 0
43 161 243 458 470 577 673 748 808 902 0
231 376 685 885 0
155 219 236 293 474 585 608 634 930 0
61 807 885 0
532 907 998 0
162 194 348 406 422 589 692 871 955 0
207 208 268 289 414 587 607 687 872 0
135 561 577 639 667 819 0
207 326 432 528 628 632 673 683 809 930 940 991 0
197 201 255 671 751 789 936 0
29 234 477 639 751 770 896 976 0
438 535 594 850 0
339 516 605 683 719 729 0
284 502 697 885 906 975 0
54 142 264 301 522 575 749 764 892 0
120 511 723 812 0
359 360 911 980 0
239 331 369 628 660 781 862 0
45 127 257 662 765 0
66 268 0
52 177 183 186 289 465 522 677 892 964 0
85 150 368 881 887 0
263 281 290 447 606 651 755 838 0
64 116 633 903 968 0
3 519 579 702 949 980 0
118 272 359 409 633 698 744 751 979 0
156 161 371 555 0
34 41 372 448 492 960 0
74 98 223 417 521 560 636 655 802 0
8 187 320 583 769 975 0
129 291 327 631 813 0
11 133 241 676 816 960 996 0
160 247 271 373 446 451 467 581 586 838 975 0
389 456 576 675 795 877 883 0
193 219 410 432 608 610 0
68 254 465 714 937 0
68 140 204 410 561 628 662 979 0
72 117 370 375 448 556 637 871 0
445 473 944 965 0
1 3 179 193 250 292 0
102 257 449 684 918 951 0
170 388 599 630 0
45 395 631 639 745 974 0
48 309 315 339 621 708 984 0
573 851 887 895 0
23 300 522 767 843 890 0
82 661 679 741 948 986 0
103 125 237 251 560 710 1000 0
540 566 676 710 718 755 966 0
49 410 549 726 791 898 0
69 216 469 660 712 0
2 258 381 458 732 815 873 0
166 208 605 641 724 728 771 0
254 478 529 753 975 0
367 454 746 749 767 938 939 0
50 175 313 320 484 628 823 0
247 466 657 795 0
82 123 149 394 430 459 847 0
35 252 528 622 629 803 918 969 0
215 550 661 733 936 0
266 318 502 626 730 737 785 0
80 83 283 477 0
56 123 398 440 639 642 0
3 56 102 133 209 307 319 396 479 623 633 714 0
63 99 278 504 679 827 874 983 0
67 150 625 933 962 979 0
145 193 263 330 0
432 481 805 984 0
211 457 473 574 967 0
71 201 572 665 822 836 924 928 986 0
70 131 201 428 575 739 0
82 238 663 679 696 925 0
50 61 386 811 0
138 208 530 799 0
448 670 891 0
42 596 722 0
146 285 506 911 0
56 181 364 687 0
205 362 520 791 882 0
41 44 115 240 367 650 0
3 398 512 582 739 945 0
132 152 366 544 672 679 789 861 866 0
41 492 575 642 684 792 0
75 191 433 542 689 693 950 0
446 718 446 736 362 82 630 630 82 464 446 115 630 736 253 756 22 756 464 446 464 115 524 524 82 82 22 756 524 718 22 464 464 115 736 22 82 253 736 736 718 362 464 446 736 82 22 82 524 524 464 22 524 718 736 464 82 82 22 253 446 22 524 82 253 115 630 115 253 756 756 22 82 524 253 736 115 630 446 446 630 630 253 362 22 524 362 253 756 718 446 362 22 362 718 253 524 756 524 82 464 718 253 22 464 756 736 446 756 736 82 524 22 524 524 464 756 524 362 22 115 446 82 524 362 446 362 756 524 362 736 22 22 718 524 630 630 82 630 464 524 253 22 253 756 446 115 630 736 115 253 253 718 718 464 756 115 253 736 253 464 756 362 362 756 756 736 736 630 446 630 22 253 362 115 736 736 756 82 756 446 718 736 756 362 736 22 736 524 630 362 446 524 630 756 253 115 718 115 253 756 362 524 736 253 736 115 446 115 464 736 115 718 253 718 718 82 82 82 115 736 756 253 718 524 253 446 736 718 253 756 718 736 630 718 464 22 446 82 446 253 524 22 630 446 22 736 524 446 524 464 756 22 718 115 464 22 22 736 362 756 253 464 362 82 22 718 756 718 756 756 115 22 464 362 115 253 464 736 756 464 253 736 446 756 82 630 362 82 736 362 718 253 22 446 524 253 464 464 446 115 464 22 756 253 718 253 756 756 22 630 22 115 446 756 115 756 22 464 464 362 253 524 756 446 464 115 253 82 524 82 446 756 115 464 756 756 524 524 464 718 524 22 756 736 446 718 736 22 630 524 115 362 115 253 22 736 630 115 22 22 756 22 718 524 524 115 82 22 253 524 253 630 362 362 362 736 446 718 82 115 82 115 362 630 524 756 22 115 115 756 718 524 115 718 362 718 253 362 718 253 630 756 736 756 756 736 756 756 630 524 630 736 362 736 446 22 718 446 756 718 362 82 115 362 253 718 756 464 736 115 362 736 82 82 22 253 464 464 115 253 253 115 115 82 736 756 253 756 82 736 756 115 82 756 253 718 524 115 115 82 362 524 524 524 115 253 524 253 446 253 253 82 630 736 756 115 82 115 464 630 253 756 736 115 115 115 82 82 464 446 82 524 362 736 736 253 362 630 115 718 718 736 253 115 446 756 756 82 446 446 362 630 362 115 464 115 630 446 362 736 756 464 718 464 464 630 718 115 524 464 756 253 756 736 362 22 22 253 253 253 82 115 115 524 22 362 22 756 464 253 524 464 362 464 464 446 253 362 253 115 253 115 115 115 253 524 630 464 115 718 756 736 630 82 362 736 736 253 253 756 362 524 115 736 756 718 82 446 524 736 756 464 736 115 756 756 630 82 524 464 82 22 736 524 630 82 22 524 82 362 464 253 253 446 756 736 736 524 446 736 82 362 362 82 736 446 756 253 362 756 718 362 464 630 253 630 22 630 115 446 362 362 630 253 362 446 756 718 464 630 253 756 82 464 464 756 718 756 362 446 22 464 756 756 756 82 82 362 115 736 464 756 464 736 82 756 115 756 718 718 362 362 115 464 756 718 736 756 718 736 630 756 362 756 82 362 253 524 253 115 253 115 736 362 115 736 362 736 362 524 756 362 736 82 524 718 630 362 115 115 718 736 253 736 736 630 524 464 630 253 446 756 82 253 362 736 524 464 524 630 756 446 756 22 446 362 446 446 446 464 362 524 524 446 115 630 464 524 82 446 82 446 718 524 362 115 630 736 253 253 362 82 446 524 464 22 446 253 115 524 115 756 464 524 736 362 736 362 362 253 22 115 253 115 446 22 756 630 362 718 736 524 253 524 524 22 362 756 253 82 756 253 362 362 756 253 630 524 524 718 362 630 253 524 253 446 718 115 630 630 253 362 82 464 718 22 446 362 736 718 756 115 524 736 736 253 253 736 718 756 362 362 630 718 630 736 115 756 362 362 362 524 736 756 718 115 362 446 253 115 115 524 82 253 718 736 630 756 718 253 464 22 464 524 362 718 22 736 82 464 464 464 464 253 82 736 253 22 718 630 22 253 756 362 115 22 524 362 524 464 718 630 362 253 524 524 736 736 756 524 718 524 736 736 756 362 362 630 464 253 82 22 464 464 736 736 524 22 362 82 630 524 464 82 524 362 362 362 362 630 524 253 115 464 630 756 756 253 524 756 446 82 756 115 22 464 362 756 464 115 115 630 630 253 362 756 82 362 82 464 362 446 464 82 524 736 446 253 464 524 82 756 115 22 464 464 718 736 362 115 756 82 82 362 756 22 22 464 22 82 524 736 82 362 82 115 22 115 524 22 253 362 446 446 756 736 253 362 630 756 736 362 630 82 736 82 362 115 630 82 446 446 446 22 253 446 756 718 253 115 736 253 115 253 446 362 464 253 253 82 718 756 22 524 253 756 362 82 736 446 446 253 446 22 630 22 362 736 253 362 756 524 524 362 82 524 446 736 756 756 115 464 362 22 362 718 82 736 253 253 718 630 630 756 464 630 630 756 82 756 253 115 253 446 718 362 115 115 115 756 253 756 756 630 82 362 115 82 446 253 253 630 718 718 362 22 253 362 253 115 756 82 718 253 464 253 756 446 524 464 82 464 446 22 736 736 736 362 82 362 756 524 82 718 524 362 253 115 115 464 362 464 524 446 82 756 362 115 115 446 253 630 756 253 22 115 22 115 115 718 115 524 756 524 718 736 446 362 718 82 115 464 362 464 524 630 524 524 362 446 115 446 22 115 736 446 253 446 464 22 524 464 362 524 362 756 362 718 630 22 630 362 718 464 718 253 756 115 718 756 115 253 756 82 630 630 524 253 253 362 253 756 756 464 253 82 253 464 253 115 464 362 253 22 756 362 736 82 362 115 446 362 362 736 524 446 22 446 115 718 115 253 736 756 446 524 756 718 82 464 756 756 464 524 464 82 22 630 446 524 464 253 756 82 524 253 756 115 524 630 630 362 736 82 115 362 22 718 115 718 736 756 630 630 524 736 756 630 446 756 524 736 115 630 22 630 718 362 464 524 736 362 82 115 524 718 362 115 82 22 756 22 718 115 736 756 630 718 524 82 718 82 630 253 253 115 736 362 362 630 82 253 446 464 253 253 446 253 756 630 736 718 253 115 362 446 630 362 524 736 736 253 718 464 756 756 82 82 464 115 253 22 362 756 446 736 630 82 630 362 630 718 253 736 464 115 718 22 718 756 446 736 362 736 630 718 253 22 524 253 115 82 756 82 22 115 115 756 630 718 253 115 736 736 115 756 253 464 253 630 446 253 115 524 464 115 362 362 82 362 630 362 82 630 630 82 253 22 464 756 446 446 446 115 756 82 362 253 22 524 22 446 22 115 115 446 736 718 253 115 115 464 524 446 253 630 446 756 362 524 718 362 115 446 756 82 756 718 718 524 362 524 115 22 630 253 464 464 362 524 22 630 630 630 115 630 115 253 718 253 630 362 524 464 718 362 464 464 362 253 524 524 736 464 22 524 464 756 115 464 362 115 253 362 253 22 22 82 736 115 756 718 82 82 524 736 115 115 524 82 82 718 630 736 82 446 464 718 464 630 22 253 22 253 446 115 446 630 253 630 446 736 362 362 82 253 253 736 446 464 115 736 756 362 362 253 630 362 22 82 756 756 736 22 524 253 362 362 115 362 524 22 446 22 630 115 362 446 464 22 115 115 115 736 446 464 756 736 362 82 630 736 756 115 718 756 524 524 253 253 253 524 718 82 362 524 446 22 464 22 82 253 524 718 115 464 736 736 362 736 756 22 115 22 756 22 736 756 362 718 756 446 22 464 115 464 446 446 718 736 82 362 115 736 736 464 82 253 253 446 82 362 736 253 446 756 22 446 756 115 630 22 736 464 253 718 22 630 253 362 736 253 253 362 253 446 718 22 756 736 630 756 718 524 756 362 464 464 115 82 253 253 115 464 82 253 524 362 718 362 362 446 253 756 464 22 524 736 362 464 22 82 736 362 253 756 446 115 253 524 362 115 756 736 464 115 630 22 362 630 115 736 524 756 630 253 253 115 756 362 82 362 362 22 253 464 22 524 718 253 718 362 82 446 736 253 524 362 362 718 253 22 253 736 22 253 630 464 115 362 464 524 22 718 22 82 718 362 630 115 362 524 718 756 82 736 718 464 115 446 756 82 362 756 736 446 736 22 115 446 82 253 82 22 464 736 22 756 115 756 362 115 630 464 362 82 736 253 446 362 82 464 718 736 22 464 253 464 22 718 115 82 22 22 82 464 82 718 362 253 362 718 718 630 82 446 115 253 115 630 115 253 736 115 446 362 253 736 82 115 630 756 464 22 736 446 82 446 524 524 756 756 362 115 736 115 82 756 756 446 756 362 524 253 362 756 362 253 362 736 630 736 22 446 446 82 253 718 630 524 362 736 362 115 756 756 253 464 22 253 82 736 524 464 446 524 756 82 362 736 718 524 718 756 253 630 22 736 115 22 362 446 630 524 362 464 756 446 524 630 115 115 362 362 115 253 115 446 253 524 736 630 736 630 524 22 253 115 446 464 446 446 115 446 115 362 115 524 253 253 756 82 464 362 524 756 22 736 115 446 736 736 756 115 630 756 630 464 82 362 82 82 22 524 630 115 464 22 736 630 630 630 756 253 464 630 253 524 115 82 22 362 22 22 253 115 22 115 362 756 756 253 115 446 253 82 446 253 464 22 22 82 82 115 115 115 756 82 630 736 115 82 82 362 630 718 362 362 115 756 736 82 524 718 82 524 82 736 464 446 115 22 630 115 718 630 718 362 82 446 736 82 115 115 736 362 718 446 253 115 736 115 464 630 253 253 362 446 630 736 718 115 362 22 115 82 446 524 82 115 115 524 115 115 362 362 362 362 756 362 756 82 718 718 756 362 464 464 115 253 115 524 115 82 22 22 253 82 253 115 82 82 362 464 253 756 756 362 362 253 736 253 756 464 115 736 22 22 82 22 115 115 756 524 464 82 253 362 756 115 756 736 253 253 736 22 115 464 362 446 736 22 736 630 756 253 115 82 630 362 253 718 362 22 736 22 22 82 718 756 253 82 115 253 362 756 736 756 756 115 82 362 630 82 630 464 756 630 82 524 253 524 756 464 630 82 756 736 115 115 22 736 736 253 718 446 362 82 82 362 82 736 115 524 630 756 736 718 253 524 253 22 362 756 464 464 362 524 22 253 253 524 22 718 718 524 524 446 756 756 630 253 464 736 464 362 82 718 756 82 362 82 82 362 22 115 362 464 22 524 446 362 718 756 115 115 630 253 253 756 464 464 718 718 115 718 82 253 736 718 82 253 22 630 756 756 362 82 446 362 22 756 446 446 22 756 22 82 718 446 82 630 464 736 22 446 736 446 115 630 756 524 736 630 630 736 22 630 82 22 524 736 253 524 362 362 115 524 446 464 253 736 756 446 630 446 253 718 22 756 736 630 736 464 446 115 82 362 736 253 756 718 524 82 630 464 22 22 756 756 253 446 756 718 630 22 736 736 115 82 736 362 464 253 362 115 736 362 718 464 756 22 464 736 22 362 756 362 253 736 446 115 718 253 756 253 630 630 464 446 718 362 756 736 736 630 362 253 82 115 756 362 253 446 253 524 736 22 82 82 22 524 756 736 718 115 524 82 736 82 718 446 736 524 253 115 253 253 736 464 22 524 22 253 756 22 736 524 115 736 82 464 362 756 524 446 253 524 362 446 736 718 524 630 464 253 115 756 253 446 115 718 362 630 718 718 446 362 736 756 253 736 253 115 115 446 464 736 446 446 524 253 82 115 524 756 115 253 736 253 115 756 524 362 736 446 718 22 630 756 736 115 115 736 630 115 756 718 446 464 253 253 253 253 115 736 736 630 630 718 446 253 464 524 756 736 464 253 446 736 524 362 756 718 446 524 756 718 756 718 253 115 253 362 22 446 736 446 464 115 464 756 736 115 756 756 736 756 756 253 362 446 630 446 115 736 362 756 362 253 362 524 362 115 22 464 362 362 524 362 736 82 464 756 362 362 756 253 253 22 630 756 22 115 524 446 630 756 524 630 464 756 82 22 464 22 253 253 718 736 253 524 115 22 756 362 756 22 524 524 630 718 446 253 756 253 718 115 630 253 82 736 756 756 253 736 756 362 82 82 718 446 524 446 446 22 362 446 756 524 115 362 736 115 253 718 736 115 253 115 22 736 736 253 756 756 524 253 630 630 115 756 362 22 22 22 115 718 253 446 756 630 630 736 115 464 362 362 22 362 630 446 253 362 630 464 718 718 22 253 446 362 718 630 736 464 718 115 630 115 736 446 718 253 82 736 718 115 115 253 446 446 253 446 464 115 115 253 253 22 22 736 253 524 253 630 253 22 756 736 82 115 446 524 736 524 736 362 464 362 630 115 253 630 115 756 115 756 115 464 464 115 756 736 630 253 718 446 736 82 22 756 362 362 630 718 464 82 718 736 756 524 22 253 22 718 446 22 464 630 718 630 115 362 446 524 115 446 736 464 253 362 524 82 253 464 756 82 253 756 115 362 22 718 736 736 115 756 253 22 736 115 524 22 362 362 82 630 630 22 736 524 718 115 82 82 115 115 736 718 115 446 736 736 22 115 756 464 736 524 736 464 756 524 82 736 22 82 22 630 115 446 362 736 464 736 524 756 736 630 253 362 718 524 630 756 115 22 736 736 115 756 253 115 756 736 718 756 82 362 736 630 524 524 362 115 524 22 736 464 446 630 115 82 22 362 756 718 82 446 464 630 253 253 446 446 362 446 22 362 253 464 464 630 524 736 362 718 464 524 253 524 736 115 115 446 736 253 115 362 253 446 115 22 630 253 253 718 446 756 115 362 736 253 115 22 524 115 630 115 464 524 253 253 22 115 115 22 756 253 253 464 464 82 524 115 718 756 446 756 362 362 253 362 446 362 718 253 115 736 524 82 736 756 22 362 756 115 362 718 362 736 756 82 115 756 362 464 630 736 736 736 464 630 82 446 253 756 718 362 524 630 115 253 630 718 630 524 362 115 22 22 718 253 756 718 115 464 446 22 253 362 115 446 22 362 718 524 82 524 115 464 756 115 630 524 718 115 756 464 756 524 630 253 464 253 718 718 22 736 630 630 756 82 115 736 253 22 115 22 464 446 736 22 115 362 253 115 736 82 362 756 630 756 446 82 630 718 22 630 756 115 630 446 115 362 464 22 446 253 718 736 446 736 82 756 718 718 756 756 736 524 253 446 736 736 362 756 22 736 362 253 736 115 756 115 464 253 362 362 253 756 115 464 736 82 718 756 736 718 362 22 446 718 736 464 115 362 115 115 464 362 718 736 736 630 115 718 736 524 115 756 362 22 82 82 718 115 446 253 253 524 253 736 524 446 115 115 115 115 756 253 718 524 446 362 524 756 115 82 718 630 718 253 22 736 736 464 756 446 115 464 446 253 362 718 630 524 115 362 464 524 82 362 362 362 362 22 253 718 464 362 446 464 362 756 630 718 115 22 736 82 718 756 630 524 756 22 22 718 630 22 736 115 718 756 362 253 82 253 630 736 718 464 115 464 362 756 115 736 253 524 524 464 756 253 446 82 115 464 718 115 524 115 446 736 253 253 82 362 718 82 718 756 464 253 22 362 718 446 22 253 253 736 630 253 524 630 115 464 253 22 253 630 362 736 630 524 362 524 446 253 736 362 524 464 362 22 253 630 82 524 524 464 253 718 253 736 446 362 630 630 756 253 253 736 756 464 115 464 524 362 736 115 524 736 446 446 756 115 22 736 524 362 446 736 718 736 362 115 362 524 115 253 253 253 253 115 718 253 446 22 464 115 736 524 253 736 756 736 115 524 362 524 22 253 253 362 464 253 82 253 82 253 756 446 630 82 82 756 446 253 464 115 524 253 464 253 736 524 630 446 22 630 446 524 253 756 736 756 718 630 82 718 630 115 756 756 362 630 253 22 756 362 756 22 464 718 464 524 630 22 736 524 464 362 115 464 362 362 362 630 524 446 446 524 115 736 630 718 253 253 464 718 736 115 718 464 630 82 756 115 22 115 524 718 524 736 736 630 362 115 524 115 736 253 22 82 362 736 22 464 362 736 115 446 362 464 362 756 253 756 630 524 362 446 362 630 22 736 82 446 362 362 756 630 115 630 630 115 82 464 630 736 22 756 524 464 718 756 718 630 718 253 736 718 756 756 464 756 446 362 82 446 82 362 115 736 253 756 756 718 362 253 736 630 115 718 464 253 718 446 756 736 362 464 524 446 22 446 253 756 253 718 756 630 253 362 446 115 446 115 362 253 115 464 464 736 718 736 630 736 22 446 362 253 446 736 253 464 22 630 464 756 22 464 115 524 718 362 718 736 524 524 115 446 446 362 524 464 718 718 22 736 362 524 524 756 115 736 446 253 253 362 524 718 630 446 115 756 253 524 253 115 736 22 464 22 718 630 736 718 115 756 22 253 756 22 22 736 115 756 82 756 736 464 446 464 756 464 82 736 253 524 82 253 736 362 756 22 253 756 524 630 115 736 446 630 115 22 115 718 446 630 82 736 736 718 524 630 22 756 630 253 630 630 756 253 115 115 524 630 446 524 524 253 82 718 115 524 524 464 524 718 524 446 756 446 115 446 82 115 446 362 362 362 115 362 22 464 362 630 22 253 756 253 115 446 115 362 253 446 115 115 253 82 115 115 115 253 630 756 524 524 446 630 115 630 736 736 362 253 115 115 630 253 82 362 464 446 82 630 253 630 115 718 756 736 362 756 115 82 22 446 362 524 82 362 253 362 524 464 362 524 718 630 362 115 115 362 736 82 82 115 253 446 524 253 115 82 22 253 253 756 362 362 22 736 115 22 362 253 446 446 464 22 115 464 115 362 756 756 524 362 115 115 524 756 22 464 446 446 82 22 82 115 115 630 115 362 736 756 253 736 22 362 22 630 362 736 524 253 630 630 718 464 115 115 22 718 756 756 756 22 630 115 115 736 736 362 464 630 253 464 362 253 524 524 362 362 718 718 524 115 362 630 362 736 82 253 362 446 22 362 736 736 115 22 524 82 22 446 362 446 524 464 362 82 524 630 736 736 718 362 115 362 718 82 362 22 736 22 630 446 630 718 82 253 718 446 756 630 736 253 524 82 82 253 524 464 464 756 82 82 253 736 115 82 115 736 362 362 22 736 253 253 718 718 718 524 446 362 464 718 718 362 630 524 115 253 756 524 115 115 253 630 630 82 253 630 630 718 362 362 464 446 464 736 362 756 253 446 736 756 82 362 362 756 464 115 82 736 253 756 718 736 630 115 22 630 82 718 524 446 115 524 446 524 756 82 736 756 253 362 464 253 736 524 253 82 253 82 22 22 524 253 756 82 446 464 736 718 115 524 736 115 718 362 253 115 524 362 464 115 718 22 756 736 362 464 756 736 718 115 630 362 362 630 362 253 756 22 756 524 446 464 464 446 524 446 756 82 22 362 736 718 22 630 630 630 718 736 362 253 736 362 464 736 362 362 446 362 253 630 756 362 524 253 718 756 630 630 464 115 22 630 718 630 756 446 464 362 253 736 253 22 718 253 464 115 82 736 718 446 464 115 736 736 253 524 756 253 524 736 736 736 524 464 22 362 446 115 362 464 464 253 362 115 446 756 464 464 446 22 464 362 630 630 115 253 362 718 253 464 362 756 446 736 630 362 362 756 362 22 630 630 115 362 524 630 736 736 464 756 82 362 756 82 630 630 82 446 736 464 524 115 115 718 736 115 82 756 756 362 718 362 464 446 22 362 736 82 115 253 464 736 446 22 718 756 736 22 22 630 115 718 115 253 718 630 736 446 464 446 22 82 22 736 446 718 756 22 736 115 736 718 736 630 736 736 446 718 253 524 736 524 524 524 718 446 82 464 22 362 253 756 362 630 718 736 524 22 22 736 115 22 718 630 630 718 630 22 718 756 22 362 630 82 630 446 524 630 82 362 736 756 464 736 464 524 362 524 756 756 464 362 362 22 82 446 253 630 524 362 253 82 82 718 524 464 524 115 253 115 630 82 756 362 756 22 718 82 736 756 756 524 22 253 362 22 464 253 524 736 736 362 464 362 446 253 253 115 362 362 718 756 362 253 115 253 630 630 115 524 756 736 736 756 630 22 253 115 253 736 115 362 115 756 115 718 82 736 464 524 464 736 22 718 756 82 464 22 718 115 736 22 756 115 115 253 362 524 22 253 362 446 22 82 464 756 446 756 82 253 718 630 718 82 253 115 736 446 756 630 115 82 756 736 253 524 362 736 524 362 446 115 630 115 253 718 362 253 82 756 253 82 362 736 524 362 115 446 718 756 115 22 736 756 718 446 524 115 22 464 362 22 446 446 446 756 446 464 736 718 22 115 464 446 22 718 718 524 630 253 362 736 718 736 446 630 464 362 362 362 446 756 115 446 22 756 253 362 736 756 736 630 82 115 464 82 524 82 736 22 253 22 736 253 253 524 736 115 756 718 82 718 253 22 736 22 115 736 756 736 736 22 22 756 718 736 756 736 630 362 82 362 756 756 362 630 524 22 253 82 253 22 630 115 464 756 756 464 524 22 115 718 718 718 22 736 82 756 253 253 464 718 362 362 756 253 362 22 253 115 22 446 362 736 253 115 22 630 115 82 756 630 446 736 253 464 115 756 718 82 82 115 362 115 115 362 464 756 115 756 464 115 464 756 524 630 253 464 115 718 253 115 464 756 22 756 115 362 253 362 362 736 756 253 524 464 736 22 630 362 446 756 22 115 115 115 524 736 524 464 630 362 736 736 115 464 253 756 115 362 756 524 736 362 446 718 718 362 22 736 115 253 82 756 756 464 464 718 362 115 756 362 756 524 115 736 22 115 718 630 115 362 362 253 736 736 736 253 253 736 524 446 22 630 253 446 82 736 718 524 115 362 253 362 22 253 362 82 718 756 446 115 253 524 524 253 82 362 718 736 736 82 253 253 756 464 630 630 464 362 718 736 630 253 362 736 464 736 736 736 253 362 22 362 630 736 115 524 630 756 756 22 115 22 115 22 22 82 736 718 446 464 446 718 446 630 82 718 756 22 718 464 756 82 446 115 22 464 22 115 22 756 736 362 756 82 736 362 630 253 115 82 115 718 362 362 736 718 362 756 718 253 253 446 253 362 524 736 524 115 756 253 736 756 362 464 362 756 362 82 756 718 253 736 756 362 82 115 82 756 446 756 736 718 630 446 253 630 82 736 736 718 115 253 630 736 718 362 253 736 115 362 718 362 362 524 82 756 82 362 736 464 736 446 756 115 253 253 736 630 524 736 756 756 446 736 630 756 736 115 736 524 630 464 22 756 362 253 524 362 253 362 756 630 756 756 718 22 464 446 464 253 630 718 736 446 253 362 446 362 464 446 736 115 22 82 446 446 718 22 756 736 115 115 362 446 524 736 756 718 736 446 756 756 756 362 718 253 253 362 82 82 630 22 736 756 115 22 756 82 253 82 464 756 253 464 718 446 446 756 524 524 464 446 446 82 736 464 464 446 362 362 736 736 362 524 630 630 630 756 362 524 756 524 253 756 756 446 115 756 253 253 115 115 446 756 253 22 253 524 253 22 756 115 756 82 362 82 362 718 22 756 115 524 524 22 115 524 736 446 718 756 446 464 82 756 524 524 253 22 736 82 82 362 756 82 253 464 718 464 630 524 630 362 115 630 718 115 736 630 718 362 736 362 524 630 736 115 362 630 524 253 756 362 115 524 253 115 464 736 362 362 630 464 362 718 630 253 115 524 82 362 736 736 736 736 22 22 736 524 253 718 756 82 253 718 718 22 736 253 630 115 253 718 718 82 362 718 22 736 22 253 253 115 756 630 253 756 464 756 253 736 630 718 446 446 82 22 253 630 22 756 362 115 362 253 115 630 630 464 464 756 718 362 253 253 630 82 756 115 630 736 756 756 446 82 718 464 82 253 22 736 630 22 464 362 736 756 362 464 115 736 253 756 524 524 756 253 736 464 253 115 736 464 524 756 82 253 718 464 253 253 756 446 115 756 464 464 756 524 82 736 756 756 630 22 718 524 362 524 736 756 464 756 756 718 630 22 736 253 446 464 446 253 82 464 115 630 630 22 736 718 524 446 253 362 362 253 736 362 630 524 253 524 22 22 82 82 253 115 736 115 756 362 362 630 756 630 115 362 253 446 736 718 756 446 756 446 253 756 630 464 630 22 253 718 253 22 736 718 524 736 115 253 362 464 446 756 253 464 736 524 82 630 718 756 464 362 253 736 362 115 524 446 756 756 630 630 82 362 736 718 736 362 718 82 253 22 82 630 464 464 82 464 446 362 736 736 524 115 115 524 736 756 362 630 756 82 362 362 736 362 756 446 630 718 362 446 253 524 718 82 736 22 630 362 362 736 22 630 736 756 362 22 756 736 82 756 22 630 630 115 82 718 82 22 524 630 756 82 253 718 464 718 253 362 446 115 82 524 464 736 736 524 115 82 718 253 82 464 756 524 524 115 464 464 115 464 82 115 115 756 362 756 756 718 630 718 756 756 115 524 524 22 756 115 630 253 630 464 115 464 82 446 718 630 630 756 362 115 756 115 82 736 22 524 82 115 253 22 115 253 464 524 82 362 736 362 736 756 115 446 22 630 718 82 362 718 736 362 630 524 736 736 756 362 253 362 446 253 82 82 82 82 718 630 253 115 22 524 756 115 446 362 115 115 736 115 736 115 22 22 736 115 524 718 446 736 22 524 630 253 756 115 756 22 464 115 464 22 22 82 362 718 22 82 82 736 82 736 524 362 446 253 464 22 115 756 464 362 115 362 464 718 253 630 22 253 115 362 736 22 115 82 22 718 524 82 22 630 756 756 736 22 464 115 736 446 524 756 464 630 630 115 630 464 464 82 736 736 524 464 756 362 115 524 718 446 115 115 756 524 362 718 362 446 362 115 756 22 756 253 22 736 756 524 524 756 736 82 446 756 718 736 736 464 446 446 756 362 362 718 718 756 115 362 253 756 82 736 736 446 756 253 446 446 464 630 736 464 756 446 362 253 736 718 756 82 362 115 756 115 446 115 362 82 718 736 446 446 736 756 736 736 446 362 22 446 362 464 115 736 22 630 115 718 464 736 82 756 362 446 362 718 115 446 736 82 253 630 82 736 115 756 630 464 756 736 524 362 82 524 82 362 253 446 718 524 362 362 253 630 524 22 22 253 253 82 82 115 253 362 524 736 446 524 524 253 446 756 736 115 756 736 115 22 253 524 22 630 718 82 464 22 362 22 630 446 82 115 524 464 464 82 630 362 524 524 253 736 736 524 82 362 115 253 253 718 115 524 718 524 464 756 446 253 630 362 524 524 22 362 115 82 446 756 446 22 115 446 464 524 630 464 446 736 115 115 736 736 22 22 756 630 464 630 718 446 253 718 82 115 82 446 756 524 22 22 718 82 115 524 524 736 253 524 630 22 115 115 524 756 22 115 115 22 362 253 82 446 630 736 115 22 22 446 362 524 253 756 446 22 82 718 630 115 736 362 115 736 524 464 22 446 446 718 756 115 524 253 446 115 446 630 446 115 253 362 253 115 115 464 736 464 756 756 630 630 718 524 22 253 82 82 253 756 756 464 718 253 756 756 524 736 756 446 736 82 362 630 736 464 736 630 736 362 736 446 253 115 736 253 736 22 22 736 253 718 115 736 362 464 464 756 362 630 22 718 736 630 464 362 736 362 524 362 524 253 736 82 718 362 446 718 756 524 115 718 362 524 22 446 115 524 524 115 253 736 524 756 524 630 736 718 115 253 718 82 253 630 82 736 22 736 464 524 22 446 736 362 756 464 718 115 362 630 82 524 718 253 253 736 736 115 756 115 446 756 362 464 756 756 464 22 22 446 253 115 446 464 82 464 82 736 524 630 82 446 253 464 756 630 115 115 115 253 524 630 718 736 362 718 115 446 718 718 253 253 756 756 362 115 736 362 756 464 630 756 524 464 736 736 756 736 22 524 362 362 718 362 115 630 115 464 464 253 630 362 464 253 362 736 115 718 362 524 446 756 736 736 362 718 464 446 446 22 22 756 718 464 446 756 253 115 22 82 464 115 630 630 718 82 736 736 736 362 524 736 362 82 464 446 22 756 446 756 362 736 22 115 630 630 718 524 446 756 253 756 362 736 22 524 464 82 253 736 362 718 253 464 718 22 82 756 736 253 464 718 253 524 253 362 446 253 718 524 630 22 630 115 115 253 464 115 736 115 464 362 22 362 115 756 253 253 362 362 82 736 756 446 736 524 362 22 736 362 115 718 630 362 115 464 362 446 736 718 736 736 362 464 718 630 736 253 736 630 464 718 630 362 464 718 22 22 524 756 524 115 756 756 464 464 630 756 362 115 446 736 630 756 446 115 756 362 22 82 736 464 446 82 253 756 22 756 736 253 756 756 22 22 736 82 82 446 253 756 82 736 82 524 253 464 82 756 736 736 736 115 115 736 22 736 115 446 82 718 756 82 718 82 22 82 524 115 115 82 362 630 22 362 630 736 82 464 115 464 464 524 446 446 464 718 22 630 630 115 253 736 362 756 718 464 630 464 362 253 362 736 446 756 524 524 464 736 82 718 718 22 756 253 524 253 115 362 82 446 22 446 756 464 718 736 115 82 630 115 253 736 756 253 464 115 756 524 115 82 22 446 253 82 718 718 22 736 82 446 736 718 115 362 362 736 253 362 464 82 253 756 464 630 736 736 362 756 718 736 464 253 736 22 718 253 464 22 446 362 446 362 736 464 524 253 446 736 253 524 524 756 756 736 82 736 22 464 22 253 253 115 736 464 524 464 362 115 718 756 253 756 524 464 718 524 115 446 22 718 718 464 718 756 718 718 115 446 464 253 82 736 362 22 362 22 756 718 115 22 756 736 718 464 362 82 630 446 362 115 253 630 115 115 524 464 362 22 756 115 630 756 446 115 82 718 22 22 736 446 464 115 82 446 630 115 718 253 736 253 630 630 253 736 82 756 253 253 736 115 630 22 524 736 362 446 524 736 362 362 736 82 115 630 736 630 718 736 362 630 446 736 718 630 524 756 756 736 115 736 464 362 464 524 22 464 115 82 82 115 464 524 464 115 464 756 22 115 446 446 362 736 253 446 464 630 736 736 82 756 82 362 253 736 630 253 115 253 446 82 736 464 253 115 115 362 718 718 524 756 464 22 446 362 115 524 253 630 736 464 82 736 464 253 464 736 82 362 115 253 464 718 524 524 524 253 115 718 446 362 362 718 362 736 22 82 115 115 82 82 630 115 115 630 630 756 736 736 446 82 718 630 22 253 362 630 630 736 253 253 115 630 524 115 630 736 756 756 115 446 115 253 115 253 524 718 253 524 82 464 756 736 115 756 630 362 756 718 82 736 362 362 446 736 718 464 446 756 115 82 446 22 115 630 756 756 115 82 82 115 524 446 524 524 253 524 464 630 756 756 115 253 718 253 446 253 115 253 464 253 630 362 524 630 362 22 253 464 630 736 22 446 362 524 115 464 253 736 464 464 362 756 22 253 22 736 22 736 524 362 82 630 362 524 115 756 464 446 524 756 756 253 362 756 22 464 362 464 253 446 756 736 524 446 524 718 253 756 756 115 253 115 253 464 736 524 362 115 253 362 630 718 718 464 756 253 736 736 464 756 446 362 464 362 253 22 736 253 756 253 756 736 524 115 736 524 22 718 253 115 464 446 630 253 82 115 253 82 464 756 253 362 756 524 464 736 446 718 22 464 718 82 115 756 22 736 524 362 253 736 736 736 630 362 362 82 630 22 22 82 362 115 22 362 115 736 22 524 756 253 756 630 253 253 362 756 115 464 756 22 630 736 115 82 464 756 22 362 630 446 253 630 756 82 756 718 22 736 22 464 718 524 630 115 362 22 362 362 464 718 253 253 736 630 756 115 253 718 22 718 718 82 756 82 756 253 22 253 253 446 115 362 82 22 630 630 464 115 736 756 756 253 630 115 115 22 718 362 464 630 756 756 718 446 82 82 464 253 736 464 630 736 82 464 22 524 82 362 253 464 362 736 524 756 362 253 756 253 253 82 22 115 736 718 362 22 736 82 524 82 253 464 524 115 736 82 115 756 253 464 630 362 115 82 253 115 446 115 630 736 362 362 446 524 524 362 22 630 736 524 253 756 630 718 718 115 253 464 362 253 22 464 362 464 22 253 524 464 736 524 736 362 630 115 82 630 524 446 630 464 464 718 253 464 524 630 82 115 630 115 756 115 253 756 718 362 82 630 756 630 736 362 718 82 82 756 115 736 736 362 464 22 115 115 22 718 115 22 736 524 736 82 362 253 718 736 115 253 115 362 362 736 362 718 464 253 756 464 630 446 736 253 718 82 115 756 362 524 630 630 736 446 756 253 524 115 446 464 446 253 630 756 736 736 362 115 464 524 253 446 362 756 756 115 736 362 736 630 736 756 718 464 115 718 464 756 446 524 22 718 362 115 22 524 736 115 464 82 115 464 630 524 630 253 756 756 446 82 718 22 253 464 718 115 756 756 82 362 82 736 446 736 253 362 115 22 115 736 362 630 446 630 362 446 718 362 446 736 630 630 82 718 253 82 756 630 22 464 362 362 82 524 446 718 362 446 82 82 115 253 630 115 82 524 736 253 82 115 362 756 82 253 253 115 736 362 756 446 756 22 362 524 756 253 756 253 630 630 630 82 756 630 464 756 115 362 736 22 22 464 464 756 736 718 115 82 115 736 630 524 736 736 736 446 253 756 115 446 362 718 115 446 362 446 362 82 82 82 362 362 362 756 524 464 446 22 362 736 82 446 630 362 756 630 22 446 362 524 22 253 736 446 718 446 446 736 630 756 446 736 630 756 22 82 630 115 524 756 115 446 524 736 756 362 524 736 22 115 446 524 362 22 362 82 736 756 718 82 115 736 253 362 22 253 362 524 464 362 115 524 630 718 736 253 82 464 362 253 736 22 718 736 736 362 630 446 736 718 718 756 464 464 630 630 22 362 736 718 362 362 718 22 736 446 736 630 756 115 718 464 446 718 253 718 756 362 446 82 756 82 115 22 253 115 253 464 115 524 253 446 115 253 736 464 115 736 524 362 464 253 22 464 756 524 464 115 22 82 524 253 446 115 756 718 115 446 362 82 82 736 718 253 736 446 524 718 22 22 115 362 464 736 446 82 756 115 22 115 253 736 253 718 253 362 756 115 756 115 736 464 253 253 362 756 446 362 115 82 115 718 253 22 82 756 82 464 253 362 362 362 718 82 464 630 253 446 736 464 756 362 736 756 115 464 115 115 115 718 524 446 253 82 115 115 253 756 464 464 362 82 736 756 524 718 446 446 362 82 736 22 756 736 756 736 756 253 756 718 362 756 756 82 756 756 253 756 82 524 464 22 718 362 446 362 115 22 524 736 630 464 446 253 446 253 524 362 630 362 82 524 524 446 630 253 736 756 736 524 82 756 253 22 756 736 115 630 718 718 115 253 82 362 253 446 446 630 115 464 82 718 464 756 362 464 524 362 524 22 736 524 718 524 82 362 253 362 756 446 718 524 22 253 362 736 82 362 362 446 718 718 82 630 446 362 82 718 630 756 464 756 253 362 630 756 82 756 446 736 362 253 253 446 22 756 22 22 82 362 82 718 718 115 756 524 362 362 736 756 253 362 115 524 630 253 718 115 464 464 115 524 22 736 446 736 464 464 464 253 446 718 718 446 736 464 115 524 115 630 362 253 253 115 115 524 736 524 22 756 630 464 524 756 115 362 756 718 736 446 22 756 362 736 446 253 736 756 718 718 253 22 82 464 630 718 630 756 524 756 756 736 718 756 115 756 362 718 115 736 22 524 115 82 736 718 22 524 446 446 362 524 446 718 253 362 718 756 464 82 756 756 756 362 82 82 630 718 82 253 362 253 524 22 524 115 115 362 736 718 524 736 115 736 736 82 22 446 253 756 446 362 630 756 115 362 524 524 736 718 756 446 524 736 718 115 756 736 736 464 464 464 630 253 756 718 362 446 115 630 736 446 115 22 362 718 82 22 446 718 736 736 630 446 22 253 115 22 756 736 524 115 630 362 22 756 524 253 446 115 253 524 115 82 736 524 115 446 524 362 464 446 756 718 253 630 718 82 756 115 82 115 718 115 362 736 362 22 115 464 464 22 524 464 82 115 736 362 82 115 756 362 464 362 253 82 115 736 630 362 464 464 115 362 718 446 115 464 464 362 362 446 524 630 22 464 362 362 756 630 464 22 22 115 253 736 362 736 82 362 736 82 446 253 22 464 446 22 736 446 756 115 115 446 736 362 464 446 362 756 115 446 22 718 115 362 82 446 464 756 82 756 82 464 464 756 524 253 82 446 736 736 115 362 253 22 630 718 22 630 253 362 362 736 253 362 362 82 630 253 253 362 736 464 446 115 718 630 362 630 524 756 630 718 446 630 464 115 115 736 756 630 756 736 464 115 446 362 22 756 630 524 22 630 362 736 524 736 446 756 446 464 253 82 22 756 253 115 362 756 718 362 115 22 756 736 718 718 115 718 718 736 756 82 115 718 115 756 524 718 736 524 82 736 82 253 524 115 524 82 524 756 756 464 253 362 253 253 524 22 524 718 22 756 736 630 115 756 82 464 253 464 718 253 362 253 630 22 446 82 82 82 115 362 718 82 464 253 756 362 756 464 362 115 524 446 82 464 253 736 718 82 362 22 22 524 115 82 446 253 115 253 718 630 464 446 718 446 362 446 756 362 253 253 362 22 22 630 524 115 22 362 115 736 82 446 253 736 736 736 756 718 756 464 736 115 253 82 464 446 464 115 756 446 524 630 446 362 736 253 253 736 115 464 115 756 756 22 446 630 82 718 464 253 446 524 630 736 464 736 736 464 756 524 630 446 362 630 630 115 446 718 115 464 718 82 82 115 736 718 446 362 524 82 756 524 630 253 524 446 253 82 736 736 115 115 362 253 253 22 718 736 756 446 524 362 630 524 524 756 115 253 22 22 362 253 362 362 718 464 524 630 736 524 446 736 736 756 524 115 115 253 630 630 756 464 630 115 446 736 82 756 630 524 253 718 362 736 82 736 756 362 115 115 115 22 115 736 115 115 736 82 82 718 756 362 630 253 253 82 362 82 630 446 736 464 756 362 446 22 362 115 756 718 736 115 446 362 446 630 524 756 82 82 362 82 524 718 362 464 524 736 464 115 253 115 630 464 22 115 718 22 464 630 756 464 22 756 464 362 524 22 736 362 82 736 253 756 630 22 362 718 446 736 630 22 446 115 115 446 253 524 464 22 115 253 736 464 756 524 253 253 115 22 524 630 736 362 82 446 756 362 253 362 22 22 756 736 82 22 524 446 718 82 524 630 756 718 253 736 253 82 630 253 756 115 630 736 115 446 22 718 82 464 464 446 736 464 446 115 22 524 253 362 630 253 115 630 736 115 115 756 718 253 253 756 253 22 524 736 464 115 253 115 22 756 362 22 524 82 253 736 756 736 253 115 253 736 115 253 524 464 82 718 630 115 718 524 524 82 115 524 82 718 464 630 446 115 22 362 630 362 115 464 630 446 464 756 464 446 524 736 253 464 756 756 464 524 756 115 115 736 22 362 22 82 756 736 362 736 82 756 253 22 756 22 524 362 756 253 464 362 115 756 253 253 253 718 736 82 524 253 22 362 756 446 253 115 524 253 630 253 22 253 736 756 253 718 524 446 756 362 630 115 362 630 630 524 524 756 524 253 756 82 82 115 82 362 630 446 756 464 22 362 362 756 253 253 115 756 22 362 718 736 82 524 115 630 253 115 736 736 756 718 115 446 736 82 253 115 736 718 756 464 22 736 362 736 718 22 22 464 253 718 630 524 736 115 756 446 115 464 756 736 630 446 524 756 115 22 115 524 253 22 446 362 756 464 736 464 718 756 464 22 630 22 253 464 446 362 464 630 736 115 362 524 464 253 446 736 82 736 253 464 22 718 464 464 736 718 736 630 446 253 736 446 524 446 756 82 362 718 115 115 253 362 756 362 736 362 446 718 464 446 718 362 736 524 82 22 115 736 756 756 115 253 253 253 630 718 22 22 630 362 736 524 464 736 253 736 82 756 756 82 756 736 115 115 756 524 253 756 756 253 756 446 736 253 756 524 115 22 362 253 446 115 253 524 630 253 115 446 464 115 115 362 82 82 756 736 253 718 736 464 115 736 736 446 464 115 253 756 22 718 736 718 736 82 464 630 82 115 756 464 524 22 464 446 362 718 22 756 464 253 718 253 756 756 446 736 82 115 524 446 718 524 736 524 464 736 464 115 82 736 718 115 736 253 22 253 736 82 756 253 756 718 362 446 736 253 446 464 736 253 446 524 362 22 524 630 736 446 253 630 446 362 253 464 362 22 253 22 756 630 756 756 630 362 362 115 736 524 22 718 464 524 756 756 464 22 253 718 115 630 82 446 756 736 464 756 524 115 464 22 736 253 736 253 115 82 22 22 630 630 446 736 253 736 115 718 524 524 22 718 736 115 464 253 446 446 464 362 736 82 464 446 82 736 756 362 464 630 253 756 756 756 362 756 756 362 736 736 736 630 115 446 736 362 464 82 115 115 253 464 464 22 524 362 446 736 22 362 756 446 718 630 115 446 362 524 82 736 22 464 115 115 524 115 115 22 22 362 736 362 362 446 756 115 446 82 362 362 464 756 756 736 22 718 362 115 253 630 524 736 524 736 82 718 756 253 446 82 253 362 756 736 718 362 524 446 464 464 718 362 718 736 464 464 115 446 524 446 630 736 630 718 736 756 253 736 630 718 736 718 22 446 362 253 524 718 736 253 115 718 756 22 718 362 115 253 630 253 736 82 756 736 756 630 22 736 756 736 362 464 22 253 524 82 524 464 736 362 82 253 524 115 446 756 82 736 22 446 756 736 253 82 446 253 362 115 756 718 524 756 736 630 756 82 524 756 756 630 718 524 524 718 736 253 446 253 464 22 736 362 22 736 115 756 253 756 446 362 736 718 464 362 630 115 736 22 464 253 253 362 22 362 115 253 736 464 524 756 82 82 446 736 756 630 736 718 524 630 630 446 82 524 362 115 718 736 756 253 22 82 736 736 115 756 736 756 362 362 362 446 115 362 630 82 82 115 524 115 756 524 115 446 82 446 756 82 253 524 362 630 446 464 756 253 464 446 446 82 115 253 115 756 524 464 82 464 736 82 446 22 22 756 464 718 115 115 736 630 22 362 253 446 362 115 524 736 22 82 362 446 253 362 524 446 82 362 362 756 253 736 22 718 736 115 630 446 736 115 756 22 115 630 524 82 756 524 756 22 464 446 253 362 756 115 115 253 736 756 446 630 115 446 446 22 736 22 253 446 362 464 115 736 115 630 756 446 362 22 253 464 756 253 464 253 362 22 736 524 82 524 736 82 718 115 736 524 736 446 464 115 524 718 736 115 115 756 115 630 253 115 524 756 736 362 22 756 630 115 82 22 630 736 756 524 630 630 718 464 82 736 736 362 464 82 464 524 630 362 22 718 524 718 524 446 446 630 446 736 630 115 362 718 756 736 718 362 524 464 362 115 82 82 446 718 22 22 464 630 82 115 362 524 115 718 82 756 756 115 756 630 524 756 115 253 22 115 115 736 82 253 253 464 756 756 464 446 736 718 82 718 756 756 524 115 362 464 82 718 756 630 736 115 524 253 736 362 82 464 464 524 464 82 736 756 82 464 362 115 22 253 464 524 524 524 22 756 82 524 253 524 736 253 756 718 446 736 115 115 464 464 115 736 736 630 82 22 253 756 362 756 253 115 82 362 524 82 362 524 524 464 756 736 362 362 736 756 718 756 718 736 115 736 22 362 718 756 464 736 718 82 253 756 736 756 115 362 22 524 22 464 446 464 82 524 630 464 464 630 630 446 718 22 464 22 630 718 22 464 22 22 630 82 630 630 630 630 630 718 718 464 524 718 718 524 630 630 630 82 524 718 630 630 446 718 446 464 718 82 446 464 524 630 464 630 82 718 22 464 718 446 718 718 718 630 718 22 22 22 22 630 524 464 446 630 82 82 22 524 464 464 22 464 82 82 630 464 22 446 22 22 22 630 718 718 446 446 718 630 82 524 446 630 630 630 82 446 630 718 446 22 464 22 464 630 464 524 718 464 718 524 718 22 524 22 464 718 22 718 22 464 718 630 82 630 82 82 82 718 82 446 630 82 630 82 446 82 82 630 524 524 524 464 22 524 446 524 22 630 718 82 464 630 82 524 464 22 630 22 718 82 524 22 718 446 22 718 446 718 22 718 464 630 524 630 718 524 718 524 82 630 464 718 464 464 524 22 22 22 82 630 524 524 630 718 446 464 630 524 630 630 524 22 22 82 446 630 82 446 446 630 22 524 446 446 718 464 630 464 464 22 718 524 82 446 82 446 630 446 446 82 718 22 446 22 718 446 718 464 630 524 630 82 718 718 524 464 718 82 82 630 22 22 524 464 718 524 718 446 630 82 718 630 464 446 718 718 630 22 446 718 464 446 464 464 464 718 630 524 22 524 524 630 22 718 464 82 630 22 464 464 82 718 524 718 524 630 82 446 446 718 718 82 446 524 464 524 718 524 82 464 630 718 446 524 718 524 22 524 630 464 464 22 464 464 524 446 524 22 22 718 22 524 524 524 524 464 630 82 464 22 718 464 464 446 464 22 82 630 718 22 22 446 718 630 524 718 464 82 464 524 524 22 82 82 82 82 464 464 718 630 446 82 464 22 630 630 446 464 22 464 22 524 22 464 464 464 630 446 630 446 524 464 446 22 82 446 630 464 464 464 464 22 718 464 630 718 464 630 630 82 22 22 446 524 630 630 718 718 718 446 718 22 82 22 630 22 524 446 630 446 524 464 464 82 82 446 446 630 524 446 22 82 464 22 718 524 464 464 446 82 718 82 464 446 446 446 630 446 446 82 464 446 82 82 718 524 446 524 464 718 718 630 82 446 630 524 82 22 718 22 464 630 630 82 464 464 82 524 524 524 22 630 446 446 464 446 82 524 446 446 446 446 718 524 82 630 22 464 630 464 524 22 22 464 630 630 464 22 22 524 82 82 446 524 718 630 630 22 464 446 82 464 446 524 22 718 524 22 524 630 464 524 464 22 464 82 718 446 718 22 464 446 446 718 82 630 22 446 524 630 82 524 630 446 718 718 718 22 524 82 446 630 630 718 82 82 524 524 718 82 464 524 718 446 82 464 446 22 22 718 464 446 718 718 630 464 524 524 524 630 630 630 630 22 630 22 22 82 718 718 524 524 524 82 446 524 630 82 718 464 630 630 446 22 82 524 464 718 524 82 446 446 22 446 464 464 718 446 22 718 630 22 22 718 524 464 718 524 464 464 446 446 718 446 524 446 464 630 630 630 22 464 718 718 22 22 718 718 446 464 718 446 524 630 446 446 524 464 446 446 82 524 82 630 524 524 718 82 718 718 524 718 524 630 82 718 630 630 22 446 22 630 82 630 82 630 22 464 82 22 82 22 464 718 82 22 446 446 464 718 524 524 718 446 446 22 524 22 630 446 630 446 464 464 718 630 718 630 524 82 524 464 524 22 524 82 464 82 22 718 446 630 446 446 524 82 446 464 524 524 446 82 718 718 630 524 22 22 446 464 22 464 446 82 718 464 82 524 718 524 446 446 464 22 22 524 718 82 446 524 464 82 524 630 82 446 464 630 630 22 22 718 464 464 82 524 718 22 718 22 82 524 718 464 630 446 524 22 524 718 464 82 22 446 630 464 718 718 82 446 524 464 446 524 524 22 524 464 22 464 22 446 22 524 82 524 464 630 630 22 446 524 464 630 464 524 718 524 22 22 630 630 82 630 446 446 82 446 524 524 630 630 22 718 630 464 630 82 718 524 82 630 22 524 22 82 718 464 22 82 630 630 464 446 446 464 22 82 718 446 22 630 464 446 464 524 630 82 630 22 630 22 630 464 524 524 630 464 446 718 82 22 524 22 22 22 82 718 718 446 630 524 82 446 524 524 718 630 630 524 524 718 524 524 524 524 22 718 446 524 464 22 630 630 22 524 446 22 524 630 82 22 82 464 718 464 630 464 22 630 524 82 718 446 718 82 464 82 464 718 464 630 22 82 630 82 718 22 718 446 446 464 718 718 464 82 464 82 718 630 446 718 82 718 22 718 82 630 718 630 524 464 524 718 22 630 464 630 630 22 630 82 718 446 464 446 82 22 524 524 718 718 524 464 718 524 630 524 630 718 718 524 446 718 464 82 524 446 718 446 524 22 464 464 524 630 524 82 82 82 718 446 524 630 464 718 82 524 22 82 524 82 22 718 630 446 524 446 718 82 446 446 82 630 524 524 464 718 464 464 630 446 82 524 22 630 524 524 446 464 524 718 718 524 718 446 524 22 630 22 718 22 22 464 630 630 82 446 82 82 22 464 524 718 718 446 446 82 464 464 82 630 446 524 718 82 718 464 82 524 630 630 82 464 464 446 718 718 464 82 82 630 464 718 22 22 464 464 82 446 464 630 524 630 524 718 630 718 718 524 446 464 464 524 82 718 524 630 718 446 630 82 464 718 718 524 82 446 630 524 464 718 630 464 22 524 82 82 82 524 718 718 446 524 718 82 524 446 524 464 464 446 82 524 446 22 446 464 524 464 464 630 630 630 446 464 630 718 718 718 82 82 446 524 22 446 524 524 82 718 464 718 446 718 82 446 22 718 718 718 446 22 464 630 446 524 630 630 630 718 82 524 446 464 718 446 464 82 524 630 446 718 82 524 464 464 446 464 718 446 82 524 22 630 82 524 446 464 718 446 464 22 82 22 22 464 718 82 464 524 82 22 82 718 446 22 630 718 446 718 524 630 630 718 82 446 22 446 524 630 464 22 524 630 524 524 82 82 22 82 718 630 446 524 464 82 464 82 524 524 22 524 82 446 446 464 464 446 22 718 464 524 446 464 524 446 524 82 718 718 524 464 82 464 524 22 464 630 630 630 630 82 82 524 718 446 464 524 464 718 464 446 446 524 446 22 718 82 22 464 82 22 82 82 82 524 464 446 630 446 464 464 22 446 82 82 718 82 82 22 524 630 82 22 524 524 82 446 524 630 22 630 464 464 524 718 82 524 22 22 82 446 464 464 82 630 718 524 464 464 22 82 524 82 22 82 82 82 718 22 464 718 464 82 446 718 524 630 82 82 630 446 630 630 446 718 82 718 446 630 82 464 524 464 524 718 718 718 446 718 524 82 446 464 524 446 82 630 446 446 630 22 446 630 82 630 464 22 630 630 630 464 22 524 464 630 718 446 464 524 524 630 524 630 464 718 718 82 464 446 446 630 630 718 718 524 464 718 464 22 446 630 82 464 22 630 718 82 446 82 22 82 630 524 446 524 630 630 446 630 630 464 630 82 718 718 464 82 446 630 446 446 82 82 22 446 446 718 464 524 524 718 524 630 524 524 524 446 464 22 82 524 22 524 524 630 446 524 630 630 82 718 524 630 630 446 22 524 22 446 22 524 630 446 446 718 464 464 446 22 22 524 524 630 446 82 718 630 22 630 718 630 524 630 446 446 22 630 22 464 524 446 524 630 524 464 630 464 82 464 718 630 464 524 630 464 82 446 718 446 22 446 464 630 464 718 22 22 446 22 630 446 82 22 446 524 446 22 82 630 464 82 524 718 718 524 82 718 718 524 82 446 82 446 446 464 464 524 464 718 22 524 524 446 22 82 446 446 630 630 718 464 524 630 446 22 718 524 82 22 446 22 22 524 446 82 718 22 446 22 630 22 446 82 446 464 718 22 464 22 446 524 446 22 22 82 22 630 718 630 718 82 22 630 446 22 524 718 524 630 22 718 524 524 446 446 82 524 82 630 22 524 82 22 464 718 82 524 464 464 82 718 82 464 82 718 718 524 718 524 446 464 524 524 22 464 524 82 22 446 22 718 446 82 446 22 22 464 82 82 82 718 82 630 464 82 630 82 22 22 464 446 718 22 630 524 630 82 718 524 630 446 524 524 524 22 446 464 446 22 446 446 464 82 524 82 630 718 22 464 524 718 718 82 22 22 524 630 446 524 22 524 22 22 22 630 446 718 630 446 82 464 524 630 464 524 446 718 22 82 524 464 718 524 524 82 464 22 630 718 446 464 22 630 718 82 82 82 524 630 82 630 524 82 446 630 464 630 524 464 718 718 630 718 524 524 464 82 464 22 82 464 464 524 82 630 446 718 524 524 464 82 630 718 446 718 22 446 718 82 464 82 718 718 524 630 524 524 446 464 22 22 630 630 22 22 22 82 82 718 446 524 630 524 718 464 446 464 22 446 630 82 22 524 22 82 524 464 718 630 464 22 718 446 22 82 82 524 524 464 630 718 446 82 718 82 718 630 524 524 446 630 718 524 464 446 524 524 22 82 524 82 630 524 630 22 524 630 22 464 22 718 464 524 464 524 524 524 82 22 718 22 524 524 464 464 464 446 446 630 446 22 82 82 524 718 718 630 446 630 446 630 630 464 22 82 22 630 524 524 630 22 718 524 718 464 446 446 22 464 82 464 82 718 718 718 22 630 464 22 82 630 524 464 446 718 82 630 464 82 22 446 82 446 446 718 464 524 22 82 718 630 82 22 82 82 524 718 464 464 524 718 630 464 82 630 718 464 82 718 630 524 630 464 446 718 446 446 718 464 82 82 630 82 22 464 718 22 22 22 22 82 22 718 630 446 718 446 524 718 446 524 718 82 524 446 464 718 630 718 524 446 630 82 630 82 630 718 630 630 718 524 464 718 82 718 446 82 718 524 464 718 82 630 446 22 22 82 524 22 82 630 446 464 630 718 82 22 718 82 22 524 82 718 718 464 524 524 22 630 630 464 446 630 524 630 464 446 464 22 630 718 718 630 446 524 464 464 446 630 464 630 524 464 464 82 464 524 82 22 630 630 630 82 22 22 630 524 22 464 82 718 630 22 446 630 82 82 446 446 82 464 82 718 446 718 524 22 446 446 22 630 718 718 22 82 630 718 718 22 630 446 446 464 464 524 630 524 82 630 524 630 22 718 82 446 718 630 82 464 446 82 446 464 446 22 464 446 718 464 82 464 524 524 446 524 464 524 82 82 22 524 464 524 82 82 82 630 464 22 464 22 718 22 464 446 630 446 524 22 82 630 524 464 718 446 446 630 524 82 446 524 718 630 718 524 82 524 630 718 524 22 22 464 630 22 524 446 718 446 464 524 718 630 524 464 446 524 82 446 22 718 82 446 630 524 22 524 524 630 524 464 464 630 630 22 718 524 82 718 718 718 718 22 718 718 630 446 630 524 82 464 22 524 718 630 82 718 82 718 718 464 446 630 464 82 630 464 630 464 464 524 22 524 630 630 464 82 524 446 630 22 22 524 446 22 22 22 630 630 446 718 718 630 22 446 630 630 82 446 718 524 82 630 464 446 718 464 446 718 630 82 22 718 718 524 82 464 630 446 524 22 524 718 630 718 718 22 446 82 464 524 446 464 22 82 718 22 82 464 464 464 446 524 718 630 446 446 524 22 524 464 718 718 464 464 464 524 464 446 718 630 718 718 630 524 446 82 464 718 82 464 718 464 82 524 82 82 82 82 446 446 718 630 82 446 524 718 446 82 464 22 446 524 718 524 446 524 464 524 630 464 22 718 630 82 718 22 82 82 22 464 22 22 82 718 22 22 718 22 718 22 82 718 22 524 464 446 446 446 630 524 718 718 22 464 718 718 718 22 22 630 464 464 22 82 718 718 524 22 524 464 446 82 446 22 446 446 630 446 718 82 524 82 446 464 82 524 524 524 630 82 82 82 22 446 446 22 464 718 446 464 464 464 718 464 82 524 82 524 464 82 22 718 22 630 446 630 446 524 718 82 718 524 82 82 630 22 446 718 524 524 630 524 446 82 630 524 82 82 446 718 630 22 630 446 630 82 22 82 630 22 82 22 524 524 630 82 446 718 718 718 524 22 524 630 524 464 630 464 630 718 446 82 82 630 22 464 22 22 718 82 630 524 718 82 630 630 82 630 22 524 464 718 22 464 82 446 718 82 22 464 630 82 464 22 22 718 630 82 524 464 22 22 82 22 630 446 82 718 22 82 82 446 524 630 524 22 22 22 630 82 524 718 524 464 718 82 22 82 718 718 524 524 82 718 464 630 464 630 22 464 464 446 524 630 718 22 22 446 464 630 718 524 82 630 630 82 630 524 446 82 464 446 446 446 718 446 524 464 630 446 82 82 82 630 82 446 446 82 718 630 524 464 22 446 464 446 22 22 22 630 718 524 464 524 82 524 446 464 524 446 22 446 718 82 446 82 524 22 446 630 22 630 22 630 630 630 464 446 464 82 630 630 22 524 82 446 718 630 524 82 630 22 718 718 82 22 82 22 82 446 446 82 464 446 718 524 446 82 446 82 464 22 718 82 22 446 524 524 718 630 718 82 446 464 82 718 82 718 446 22 464 464 22 718 82 82 630 630 464 464 22 524 82 630 630 22 446 464 82 718 464 464 524 524 630 524 22 446 464 446 446 630 524 524 22 464 718 22 630 22 718 82 22 446 446 446 630 82 446 22 82 82 630 718 524 630 464 718 82 464 82 82 22 22 22 524 464 446 524 446 630 446 630 630 464 22 22 82 524 464 630 718 718 446 524 22 464 82 718 446 22 464 446 82 22 446 630 82 718 82 464 446 464 464 82 718 82 718 22 446 82 630 718 524 446 446 718 446 446 718 446 718 718 524 718 22 82 524 22 22 718 524 446 22 446 524 524 22 464 82 22 82 82 82 524 630 630 82 82 718 718 630 446 82 82 464 446 524 22 718 630 630 630 446 524 446 446 82 630 22 22 22 524 524 82 82 524 524 718 630 630 718 630 82 82 718 22 718 524 446 630 630 446 446 524 524 22 630 718 82 464 22 82 718 718 82 718 22 22 464 718 82 524 524 524 22 82 718 718 22 22 464 82 82 82 464 82 464 446 446 630 630 22 524 718 22 82 630 524 22 630 718 22 630 446 464 446 718 524 718 464 630 82 22 82 524 524 446 446 630 446 630 464 22 464 524 82 22 524 464 446 718 630 446 524 464 464 464 22 630 718 630 464 22 22 82 630 524 82 22 82 446 22 82 524 22 630 22 718 22 82 22 718 82 464 446 82 446 630 446 82 446 446 464 22 446 524 446 630 718 630 630 718 446 82 718 446 82 464 82 446 524 446 630 82 630 524 630 464 464 718 524 524 464 630 82 630 22 524 630 524 524 82 718 22 446 464 446 630 82 446 718 82 718 22 524 464 630 22 464 22 718 464 446 524 524 446 630 82 82 464 630 464 464 446 464 446 524 630 464 630 464 22 524 718 524 22 464 718 82 22 82 464 446 446 718 82 464 464 464 22 464 22 464 630 718 464 82 718 464 464 718 630 22 524 446 446 22 464 718 22 82 22 446 630 464 630 524 524 718 22 464 718 22 718 630 22 22 446 718 22 82 464 82 464 446 446 630 524 464 524 464 524 446 718 446 446 718 630 446 718 524 718 524 524 464 718 82 446 446 718 630 630 630 82 464 22 82 22 630 82 464 464 524 718 718 22 464 464 524 22 630 446 22 718 630 446 464 464 446 630 524 464 524 446 82 446 464 82 446 446 446 464 630 464 630 718 464 718 22 718 524 630 630 464 446 718 82 718 630 82 446 464 630 22 464 718 464 524 524 446 446 524 446 464 82 464 630 464 22 22 446 22 718 82 22 22 22 630 82 464 464 630 82 524 82 22 22 464 630 524 464 22 446 718 630 464 464 82 718 22 524 446 446 446 446 524 22 718 524 82 524 464 446 82 82 446 22 22 630 446 464 464 22 630 446 524 524 718 82 524 82 22 630 464 718 464 82 630 446 22 718 446 446 718 718 446 718 718 630 524 718 82 630 446 464 524 718 446 718 524 718 82 82 22 464 718 446 446 446 524 524 22 22 464 524 22 82 446 446 464 82 718 524 446 82 718 446 630 446 446 22 464 630 22 524 718 22 464 718 718 446 630 718 718 82 524 630 718 464 22 718 82 718 524 718 82 718 446 82 524 82 718 446 464 524 22 22 718 464 446 22 464 446 22 22 464 718 524 630 718 524 524 718 82 524 524 446 464 464 464 718 464 82 22 446 22 82 446 446 446 446 446 446 464 82 630 718 446 22 82 22 630 630 718 718 82 524 630 464 82 82 718 82 524 82 630 82 464 524 82 82 718 82 464 524 464 82 524 446 464 718 22 446 464 446 718 22 22 464 630 524 82 82 718 446 630 464 446 446 718 524 22 630 464 464 464 524 82 82 82 464 446 718 718 524 718 82 22 82 718 82 630 446 524 630 22 82 718 524 446 446 464 524 446 82 82 630 22 524 630 22 630 82 82 82 630 524 446 524 464 718 524 464 464 464 524 630 524 464 82 464 718 464 22 82 464 464 630 718 630 718 82 630 82 718 630 82 446 22 630 446 446 22 464 630 82 524 630 524 464 524 22 524 82 524 630 82 464 630 718 718 524 82 718 22 22 22 630 718 22 82 524 446 524 718 524 82 524 630 630 22 82 524 464 718 524 22 82 82 718 82 524 718 22 524 630 82 630 446 630 22 464 718 464 718 630 464 82 630 446 446 718 82 22 464 524 630 524 630 630 82 82 446 82 464 630 82 630 630 464 446 82 82 630 82 22 524 464 82 464 446 446 82 464 22 524 464 718 22 630 524 446 630 446 22 446 718 446 22 718 524 22 718 22 630 524 22 464 82 82 82 446 22 464 22 464 524 630 22 82 524 630 82 22 82 22 524 524 82 82 524 524 524 718 718 630 630 524 22 464 524 446 630 718 718 82 22 630 718 524 524 718 82 22 718 524 446 718 630 630 446 464 82 446 464 22 82 718 464 524 464 22 464 630 464 446 718 464 82 524 630 630 464 524 22 446 464 630 82 718 22 22 464 524 524 464 630 446 464 630 718 464 464 718 22 22 446 464 82 82 718 22 446 22 446 446 22 82 446 22 446 82 630 22 630 630 630 524 82 82 446 22 82 22 464 718 22 464 82 524 718 524 630 718 630 524 22 446 446 446 446 82 630 22 464 718 22 524 524 630 630 524 524 82 630 446 22 630 82 718 464 630 82 630 718 524 524 22 446 630 718 464 446 718 630 22 630 82 630 82 630 718 718 464 446 718 524 464 82 630 524 82 82 524 446 464 718 446 82 22 630 446 718 718 464 630 630 22 464 82 718 82 630 524 630 630 22 524 22 718 524 464 446 446 22 22 446 524 524 82 718 464 22 718 446 630 630 630 464 464 446 718 718 630 22 718 464 524 446 82 524 464 446 464 524 82 82 82 82 630 524 464 524 82 446 524 630 718 464 718 630 82 718 446 524 718 524 524 446 22 630 464 718 446 446 524 630 524 82 446 82 464 82 718 630 82 524 82 446 630 446 22 82 22 446 446 446 446 524 446 464 464 22 82 22 464 524 446 446 524 524 464 524 82 524 630 630 464 446 524 718 464 718 82 464 718 22 82 22 446 446 464 718 630 464 446 446 446 82 446 22 464 82 630 630 82 630 22 82 718 630 464 22 464 718 446 446 22 82 464 718 82 22 82 718 22 524 524 718 464 446 718 464 718 82 524 524 718 630 446 630 630 630 630 22 718 82 464 464 718 82 464 464 446 464 524 464 524 630 524 446 464 22 524 446 82 464 446 524 524 524 718 718 718 718 446 718 630 446 524 630 446 630 718 630 630 718 718 446 718 446 524 22 446 22 82 524 630 22 464 630 630 82 446 630 446 630 630 464 630 446 22 464 630 82 524 464 22 524 524 464 718 22 82 524 464 630 464 22 22 22 524 630 82 22 718 82 82 82 464 524 82 718 718 524 630 718 718 630 524 446 718 718 464 446 446 524 464 524 630 22 82 464 464 524 82 464 524 446 464 718 524 630 464 718 630 22 464 524 718 630 524 22 464 82 524 22 446 446 524 718 630 22 524 22 446 630 22 630 464 446 22 82 446 82 524 464 82 524 22 718 82 446 718 630 82 630 464 524 446 524 718 22 630 718 718 446 524 630 82 524 82 446 22 630 524 630 524 22 630 22 524 82 524 718 446 82 446 22 22 22 524 446 630 718 718 82 82 524 464 22 524 718 82 464 82 464 82 718 630 718 630 464 630 464 524 718 82 22 464 524 464 464 630 22 22 82 82 524 446 446 630 524 524 464 524 630 524 82 630 22 22 464 524 524 22 22 718 464 630 524 524 630 630 82 22 718 82 524 524 718 446 718 82 718 22 446 22 524 524 524 446 524 22 464 524 718 82 524 524 464 524 630 718 718 446 446 464 718 82 464 22 446 22 524 524 718 630 82 718 446 718 22 464 22 718 446 718 524 22 630 446 630 630 524 446 464 718 22 630 82 464 630 718 82 718 446 718 630 524 524 446 22 82 446 446 524 82 630 22 22 22 524 82 630 718 82 446 82 22 22 630 524 82 446 718 446 524 630 446 22 718 718 630 630 22 464 718 464 464 718 524 718 22 82 22 22 524 524 464 630 82 524 464 22 22 82 446 82 446 82 718 524 718 630 446 82 718 446 630 718 446 22 82 464 524 446 464 82 22 630 446 82 82 524 630 446 524 82 82 22 82 718 630 82 82 718 446 630 524 22 446 446 82 446 446 524 718 446 718 630 22 446 524 446 630 22 464 524 630 524 464 630 630 524 464 22 446 22 630 464 446 22 82 630 82 82 446 524 524 464 524 446 82 446 446 524 524 718 524 22 718 718 630 464 718 718 524 22 524 82 22 22 22 22 630 464 446 22 446 630 22 22 22 82 718 524 524 446 630 464 630 718 446 82 718 464 718 464 446 22 82 22 22 82 524 630 630 446 22 464 524 82 446 630 22 464 446 22 22 630 22 464 22 82 446 718 446 82 524 630 464 630 464 464 464 524 22 630 718 718 464 524 464 718 464 524 630 82 630 22 464 718 630 446 82 446 82 22 464 82 464 82 82 22 630 446 82 82 22 524 22 464 464 464 22 718 82 718 630 630 22 718 464 718 22 718 524 446 630 718 630 524 22 524 718 446 718 22 82 718 464 524 22 630 524 630 446 630 630 630 630 524 22 464 718 82 718 446 82 464 464 524 0
