12009 1000 400
54 406 469 492 541 576 928 0
68 187 369 427 433 484 519 520 934 981 0
97 241 514 569 607 898 0
122 302 309 351 379 433 560 724 0
51 107 111 178 388 726 745 826 868 0
13 23 157 268 412 451 453 887 981 0
96 158 206 289 314 503 548 653 929 0
308 340 477 534 666 0
125 172 195 300 392 398 510 548 562 605 649 893 934 0
134 212 231 260 601 813 879 914 0
94 194 213 307 330 509 536 544 984 0
28 50 60 122 178 201 513 840 864 0
19 129 225 493 496 529 617 675 724 804 862 924 992 0
36 209 317 413 569 705 0
19 93 327 413 440 588 885 936 0
228 259 298 350 376 384 396 703 728 865 944 0
50 326 495 619 754 837 861 871 876 997 0
97 129 323 346 503 521 559 582 684 731 914 0
77 654 691 711 966 0
29 571 636 811 0
28 33 220 720 763 876 0
26 114 220 303 422 467 485 501 859 930 937 0
49 172 264 276 489 494 563 823 889 0
90 359 407 755 0
72 73 172 325 348 370 398 687 984 0
46 100 135 355 362 378 457 505 513 978 992 0
82 235 276 496 591 643 0
86 160 358 453 731 0
27 93 141 200 320 442 473 549 580 618 740 922 0
202 289 339 546 658 838 849 904 0
30 436 456 476 512 576 860 0
105 120 124 159 259 456 482 725 765 994 0
33 147 214 280 359 371 373 455 610 0
173 228 332 516 621 796 800 0
237 242 366 391 523 531 751 0
33 159 276 404 631 667 786 943 0
72 266 375 392 517 570 724 726 812 851 928 932 0
207 226 437 469 526 676 0
41 350 523 679 727 777 929 0
80 150 345 427 504 535 567 582 937 962 0
251 436 535 824 856 913 0
340 435 450 515 525 726 930 935 954 0
77 165 320 640 645 919 947 967 0
181 206 320 498 582 638 671 771 908 952 0
90 170 272 456 459 653 692 704 0
59 152 291 324 435 440 476 491 603 729 773 870 976 0
76 236 276 374 378 588 680 889 938 0
633 663 811 0
16 32 116 203 210 721 760 828 859 922 967 0
25 82 158 172 337 365 376 399 664 707 807 816 864 0
8 168 314 435 489 608 612 672 803 0
48 120 179 341 390 581 582 802 0
116 579 918 0
27 219 301 443 650 676 699 770 917 0
172 368 396 558 610 694 841 0
111 234 265 310 311 446 477 594 859 0
175 247 280 392 490 610 806 879 993 0
14 50 125 197 634 647 681 759 780 795 998 0
25 153 323 399 446 933 0
67 98 329 516 542 662 696 807 835 0
450 720 776 938 0
1 4 142 169 177 339 355 376 400 549 647 730 854 856 967 0
192 205 325 382 482 493 0
179 292 324 355 582 598 957 0
122 144 275 395 467 553 559 768 801 931 958 0
36 198 278 331 510 902 918 0
209 223 290 448 648 823 0
40 113 315 390 398 499 632 646 748 950 951 987 0
217 249 530 554 558 669 747 760 0
319 674 716 942 0
139 274 295 423 432 643 685 883 980 0
123 377 451 612 628 709 731 774 864 0
18 46 117 405 448 452 470 580 731 775 985 0
317 472 474 620 736 909 926 0
75 391 433 468 535 555 599 642 709 724 733 951 0
75 454 483 501 711 846 981 0
180 200 269 493 869 900 972 0
77 102 204 335 368 505 664 712 723 759 784 0
27 45 193 202 340 700 730 797 881 963 0
206 244 259 583 777 940 954 996 0
181 266 306 428 454 655 780 860 0
19 142 207 386 398 407 499 500 526 530 598 600 806 924 0
33 263 310 373 400 532 587 621 714 870 972 0
250 385 575 684 784 0
71 99 106 404 889 0
2 276 396 527 912 0
19 259 496 0
221 222 471 862 985 0
513 648 735 767 899 973 999 0
30 142 411 422 715 840 0
174 386 413 543 549 564 880 903 909 0
46 70 198 245 385 459 505 579 622 651 655 763 937 0
241 488 714 967 0
81 96 125 249 306 424 611 766 797 896 973 0
65 171 250 264 0
14 89 170 430 660 898 0
182 190 236 400 401 426 520 628 753 917 0
157 215 252 575 714 715 751 858 870 0
341 344 377 677 692 713 895 949 0
55 182 294 306 330 460 639 729 875 888 992 0
41 91 295 638 663 674 861 916 976 0
8 25 36 311 318 384 463 483 502 808 0
62 370 459 555 591 762 907 0
28 91 244 456 523 530 534 570 874 0
172 545 562 568 695 766 873 0
270 392 491 516 817 0
283 474 491 529 593 611 688 750 792 888 892 955 0
41 45 48 187 333 376 861 897 901 0
18 131 147 215 278 490 503 529 710 934 0
144 146 194 198 249 469 552 851 882 901 942 998 0
140 355 373 376 471 531 632 0
27 116 149 390 430 460 625 817 971 0
235 266 276 681 758 855 972 0
38 75 85 119 156 505 536 951 0
133 167 174 175 223 443 481 0
145 171 238 267 304 325 458 649 660 673 778 827 880 918 0
295 442 460 534 552 590 623 674 695 764 785 944 0
103 396 424 446 574 579 743 845 0
39 280 331 609 806 807 819 889 930 984 0
62 163 225 352 364 399 431 690 870 0
62 204 239 380 467 946 0
63 172 408 581 622 683 731 776 779 830 922 0
161 280 326 399 470 0
38 106 147 316 368 853 961 0
78 156 261 405 487 530 533 549 742 816 870 990 992 0
124 170 178 423 424 487 699 732 878 905 992 0
207 289 360 362 543 847 872 924 980 0
29 209 389 511 672 753 872 922 0
8 18 255 369 423 585 0
21 59 729 753 892 0
7 15 148 175 215 386 388 432 689 691 704 778 912 967 0
73 228 571 741 865 0
107 130 178 184 370 476 609 674 0
28 110 146 709 826 0
310 542 561 836 903 0
82 165 179 243 296 333 345 355 626 661 675 751 836 932 0
147 398 436 473 780 841 899 0
42 66 70 125 180 182 232 323 353 361 379 406 424 561 564 591 807 939 941 0
66 207 227 319 473 573 593 835 958 0
115 157 303 478 505 690 916 961 0
52 170 517 913 968 998 0
177 185 295 362 498 584 643 941 0
132 306 458 620 0
30 69 173 269 438 577 732 752 850 931 0
15 106 120 248 282 326 468 0
48 66 156 290 317 326 346 441 524 646 768 844 902 0
48 52 373 447 466 607 823 831 863 977 0
35 37 112 171 493 559 909 951 958 0
146 188 321 368 503 642 0
181 193 219 383 611 662 704 719 745 0
34 149 236 291 309 450 510 625 741 0
183 219 355 462 625 671 0
27 140 253 325 447 501 597 635 642 775 0
14 63 106 143 842 959 969 970 0
40 331 371 494 525 670 701 748 750 0
17 86 511 599 759 953 995 0
42 366 423 546 563 632 633 841 862 872 873 0
228 267 392 481 493 721 0
58 202 275 354 395 499 773 919 990 0
166 172 180 231 242 274 304 316 614 760 779 967 0
117 130 224 340 347 454 518 687 836 929 943 0
36 88 350 437 446 517 568 604 694 822 0
57 295 521 615 675 763 783 857 0
314 338 358 486 593 849 871 940 0
92 222 444 622 693 718 757 847 877 0
4 115 136 284 543 777 855 999 0
136 142 252 343 533 553 687 861 873 0
1 39 180 398 412 433 829 866 999 0
6 124 247 254 300 606 749 806 0
109 167 193 205 591 654 809 859 0
27 394 747 964 0
58 89 203 249 295 500 618 659 830 928 944 993 0
149 154 184 309 450 520 685 728 750 817 877 0
12 102 159 215 435 774 821 846 0
135 243 297 307 587 680 728 755 0
94 179 568 617 661 0
64 124 128 246 266 267 324 455 565 694 750 827 0
131 212 225 246 332 429 0
378 436 629 760 773 829 0
65 202 255 256 278 279 380 987 0
38 410 935 983 0
37 91 193 210 276 311 494 557 745 768 793 966 0
431 503 522 765 813 0
170 253 293 337 454 529 771 890 964 0
403 531 646 660 879 994 0
91 120 203 537 741 842 971 0
40 447 573 787 840 896 917 981 0
12 443 563 590 683 754 799 809 883 960 0
230 307 348 352 416 443 554 555 600 654 0
90 117 130 200 289 363 396 435 539 593 720 792 912 921 934 0
113 566 833 835 853 893 969 0
45 91 162 204 340 437 710 798 807 828 936 965 0
80 166 407 412 452 614 622 879 937 0
170 186 325 369 384 435 574 669 670 0
160 274 311 400 420 602 623 881 976 0
68 469 679 796 815 831 905 985 0
299 356 581 627 963 0
42 47 100 189 309 344 414 465 575 595 842 890 0
532 612 745 818 884 0
48 87 187 213 400 657 709 826 0
21 105 228 239 252 464 524 566 574 796 801 906 907 939 0
173 245 294 305 363 462 486 564 613 623 800 0
157 288 354 747 0
329 496 550 655 998 0
145 249 272 338 409 497 585 590 766 800 803 943 962 0
25 221 258 309 316 360 455 457 499 519 589 789 909 995 0
58 291 350 364 414 511 825 876 0
181 331 391 749 971 0
37 67 167 302 554 666 889 920 953 986 0
131 222 254 453 619 933 955 977 0
20 100 112 155 251 342 352 475 822 868 990 0
92 709 759 878 972 0
46 227 240 307 309 617 620 802 921 0
98 154 247 323 772 997 0
255 396 459 730 830 844 0
41 127 329 348 393 420 621 640 748 765 946 0
71 86 139 154 191 231 301 398 436 453 676 729 745 0
190 229 289 539 549 880 0
245 308 352 356 453 497 695 731 907 968 0
63 140 211 257 483 573 695 700 952 0
107 233 236 302 524 664 697 892 992 0
7 68 195 322 460 469 471 503 676 707 760 788 789 876 917 0
1 105 425 437 444 448 485 487 724 879 951 0
40 179 238 542 636 707 794 809 858 0
110 155 491 549 671 707 717 0
331 430 781 804 883 903 0
110 325 550 623 826 890 963 0
65 146 218 299 496 734 919 0
104 185 194 429 485 545 732 743 807 925 0
212 294 307 526 0
221 259 469 480 494 741 0
47 120 347 376 378 560 645 680 715 722 732 924 0
23 35 78 131 179 201 284 325 367 454 527 585 670 762 840 846 911 0
7 18 237 344 642 842 0
188 275 382 387 621 939 0
122 236 364 494 503 753 769 0
203 231 327 342 462 815 858 892 916 0
2 83 445 605 698 795 828 0
56 98 314 336 378 739 770 854 894 0
269 569 721 987 0
176 184 472 601 608 647 655 673 706 747 916 0
16 88 332 532 699 756 839 878 0
43 120 142 657 839 895 903 0
39 148 274 344 377 537 799 918 941 953 0
190 294 646 764 0
135 169 248 257 585 589 682 686 710 0
106 240 245 308 400 513 613 662 665 667 671 729 905 949 984 0
200 242 289 395 495 539 540 688 809 0
53 393 648 722 833 867 0
75 132 279 324 381 414 461 484 524 652 687 739 890 912 915 954 0
12 92 266 501 796 960 0
127 253 269 324 332 455 468 501 659 725 731 945 0
515 693 730 0
139 263 266 348 672 735 812 900 988 0
535 573 717 738 881 885 891 981 0
32 51 88 165 421 502 516 620 645 646 698 773 0
176 241 395 431 473 555 594 608 699 707 877 0
32 165 335 349 464 467 521 688 965 0
14 46 163 308 520 529 569 619 779 925 983 990 0
439 544 584 670 710 892 924 983 984 985 0
179 275 400 434 502 582 874 878 930 0
13 40 136 212 215 422 603 630 810 821 0
16 35 191 452 488 731 839 911 932 937 0
154 213 302 346 355 392 716 733 798 926 0
59 228 564 746 897 0
197 235 238 239 274 433 445 803 855 930 0
130 181 354 632 981 0
490 495 659 728 809 825 942 997 0
209 379 452 631 749 944 957 0
257 382 495 614 627 709 715 779 896 949 985 988 0
17 392 596 682 901 0
328 404 450 758 785 846 891 0
6 70 211 430 526 785 868 0
96 123 217 221 454 549 552 678 858 0
131 226 240 673 896 989 0
3 69 125 196 235 286 319 417 465 485 563 615 742 0
113 238 500 521 609 638 640 710 0
60 142 317 602 775 797 875 908 929 0
67 88 95 138 296 366 528 614 643 687 798 0
143 145 400 512 561 752 789 858 998 0
206 443 812 0
9 105 204 386 439 794 862 868 938 949 953 0
242 249 317 477 478 608 804 937 953 0
136 154 244 331 453 467 551 754 857 0
402 419 566 663 733 908 0
42 115 215 241 313 384 440 788 972 0
372 438 521 970 0
33 72 86 152 184 279 280 287 293 295 312 315 371 574 622 701 893 940 0
160 190 271 500 616 781 816 842 961 0
133 144 461 524 571 603 659 791 969 0
62 95 195 380 545 611 0
197 493 562 755 904 982 0
11 66 151 194 316 341 344 547 638 648 0
52 62 205 256 429 507 995 0
132 133 189 250 377 575 782 794 890 988 0
2 74 197 240 446 492 550 556 773 954 0
50 260 407 433 466 587 627 671 673 746 896 936 0
86 310 331 494 596 645 785 0
6 230 276 375 678 696 753 874 996 0
6 188 572 706 843 877 908 0
19 55 162 218 635 884 969 0
140 176 179 293 342 411 421 536 583 687 817 903 940 0
687 858 984 0
77 191 245 333 395 600 795 807 876 946 0
70 206 735 939 0
115 308 361 622 678 0
12 146 461 760 790 930 0
102 135 585 649 839 933 0
159 216 221 287 381 447 478 512 735 759 974 0
192 509 542 593 771 886 0
181 378 420 620 664 701 972 0
207 428 587 633 901 944 0
11 147 388 419 703 757 779 0
26 52 89 236 241 586 613 869 949 0
110 190 273 320 345 355 443 611 0
3 63 118 209 309 414 417 475 540 584 647 691 695 860 928 965 0
206 267 699 706 0
552 590 765 868 0
121 212 216 246 329 444 592 674 677 740 0
164 329 343 359 434 540 733 787 991 0
134 747 754 843 865 987 997 0
34 111 199 236 288 300 403 650 751 788 940 0
195 220 230 374 381 421 428 639 658 670 675 855 866 902 935 0
127 282 283 286 439 597 739 783 874 893 0
14 97 147 202 456 477 657 882 967 984 0
127 227 236 278 653 742 775 995 0
152 309 451 0
177 192 194 218 273 297 503 655 903 0
24 42 43 61 180 536 652 742 0
8 74 195 197 220 400 874 0
74 104 180 268 322 526 610 716 765 835 955 0
105 215 266 643 648 724 728 834 880 0
490 563 710 949 958 0
94 367 437 531 564 606 787 804 861 0
202 225 265 357 522 590 606 751 790 0
16 50 175 373 376 536 571 654 737 788 793 913 0
84 106 133 135 180 197 219 610 639 671 869 879 0
48 140 225 387 695 750 941 0
296 361 430 554 738 786 0
57 166 244 255 409 424 682 844 0
28 260 546 653 716 0
312 388 469 521 604 993 0
213 228 387 448 540 722 793 0
12 103 151 234 236 338 410 433 544 0
29 123 589 612 715 778 870 876 977 0
99 124 373 619 935 956 0
93 525 624 931 0
42 532 540 600 643 844 0
29 120 173 177 179 260 523 585 926 0
261 410 544 661 841 985 0
140 244 298 379 457 535 637 929 941 0
140 167 231 389 454 605 689 0
29 125 307 336 388 477 597 711 829 0
10 74 242 409 766 810 0
47 107 116 423 428 440 547 591 598 600 696 902 0
8 134 185 219 276 345 423 633 796 859 0
174 261 299 332 397 549 595 699 936 0
73 189 306 481 484 767 877 923 0
21 122 128 517 529 730 881 0
193 217 225 245 336 493 609 637 696 773 865 984 0
211 316 482 535 670 699 727 735 763 786 828 859 910 983 0
39 258 417 473 607 874 0
5 43 131 139 177 254 265 548 623 844 865 0
31 50 415 573 691 855 865 898 0
3 112 221 514 593 761 791 910 998 0
41 173 418 472 474 608 632 661 707 816 857 878 899 0
101 134 154 196 203 213 246 373 511 548 978 0
23 107 181 326 410 446 454 498 533 819 0
51 327 383 791 794 872 0
15 246 617 890 0
16 207 279 405 455 549 711 0
153 500 897 0
120 160 190 374 584 706 745 904 964 0
40 229 366 618 676 754 788 849 0
152 427 580 592 737 847 0
430 635 815 865 0
209 296 530 615 660 670 752 798 0
44 103 315 425 493 585 814 989 0
69 78 149 445 518 827 841 969 0
287 297 501 694 708 874 992 0
140 227 257 428 452 461 590 691 692 836 872 976 0
6 58 210 216 251 365 657 665 902 0
18 210 412 457 466 575 843 942 987 0
8 36 67 413 523 576 607 671 880 882 906 0
117 282 316 427 544 769 910 934 943 0
78 109 252 257 259 276 283 335 412 474 503 611 0
110 132 351 399 567 731 754 863 914 988 0
17 89 236 266 516 553 607 850 881 0
33 139 214 244 532 549 712 781 0
179 251 590 665 732 739 996 0
23 38 106 120 121 260 307 358 416 437 691 699 701 851 902 0
168 621 669 878 884 0
81 483 616 624 707 722 898 0
173 330 335 510 749 765 901 0
37 313 320 447 472 818 851 983 0
51 136 158 343 419 469 578 934 0
183 208 260 444 562 0
74 84 227 364 450 503 653 0
162 260 261 337 467 525 573 659 694 929 994 0
378 497 689 0
43 844 139 254 617 661 139 865 623 661 617 623 94 179 661 177 617 177 179 265 568 661 131 254 179 865 661 617 844 139 548 43 94 844 177 5 623 568 179 179 865 617 43 179 661 661 94 661 179 179 139 265 568 139 94 568 548 661 661 5 131 177 568 548 661 661 43 661 43 179 94 265 661 5 265 617 844 179 568 5 131 865 568 548 568 623 139 265 617 568 661 865 43 179 844 177 661 661 265 94 179 43 617 179 623 568 617 131 5 179 94 139 5 865 179 568 568 139 177 568 865 617 617 661 623 548 43 94 131 254 617 94 94 865 139 179 623 617 661 43 5 5 844 254 844 94 617 617 5 179 131 568 844 94 568 568 568 254 548 131 179 179 139 844 844 131 94 617 661 265 179 568 5 5 844 661 548 131 548 865 177 548 94 254 179 265 265 179 568 661 661 179 865 43 177 131 568 661 5 568 254 94 617 94 179 179 548 131 254 865 568 179 617 177 131 43 43 661 865 254 568 568 139 617 661 617 568 568 617 568 94 94 139 661 265 254 131 661 844 5 568 568 179 43 265 623 179 177 177 179 139 94 617 179 661 131 568 623 265 265 179 661 265 661 5 265 617 94 623 617 177 5 623 5 94 617 865 617 179 265 5 5 844 139 139 254 265 254 94 94 548 179 568 548 265 617 179 661 623 179 617 568 617 139 617 568 661 131 139 179 139 865 568 661 94 177 568 617 179 617 568 661 139 5 623 43 265 661 661 5 661 661 617 131 844 568 568 265 548 548 568 94 179 548 139 94 179 43 177 617 568 661 568 844 548 661 265 177 177 179 5 568 177 865 179 94 568 177 177 179 43 94 94 139 43 43 179 139 94 131 865 568 5 94 568 623 94 177 623 568 43 179 94 568 43 43 177 617 568 254 548 661 265 661 623 548 865 661 623 548 177 265 568 617 179 43 661 568 179 139 265 177 548 617 94 617 265 548 94 5 139 179 548 131 94 94 568 568 548 254 568 43 94 131 617 617 865 265 865 131 265 661 865 139 43 179 254 661 568 43 94 661 94 661 43 254 568 131 568 5 568 177 617 43 623 94 617 43 139 5 139 617 179 844 568 254 177 94 865 94 94 179 661 617 265 94 254 179 94 844 265 844 94 623 617 265 5 623 179 131 661 865 265 865 177 661 865 568 177 43 568 623 179 139 568 623 568 94 94 131 623 617 179 43 623 661 844 844 844 865 179 617 568 548 43 94 94 5 179 5 177 617 131 94 5 548 94 548 548 265 131 568 179 265 865 177 43 617 94 617 179 139 139 623 865 265 177 94 254 661 617 844 617 844 94 139 623 844 623 139 568 865 548 661 617 844 179 623 661 617 568 568 94 623 617 254 844 179 617 568 617 43 844 661 617 94 131 179 179 568 617 94 254 623 139 844 179 568 254 131 179 139 131 94 844 568 43 568 617 179 568 617 5 139 568 43 865 5 548 568 179 177 265 661 5 131 623 179 617 43 94 617 568 568 94 865 865 139 265 661 617 568 43 5 617 5 568 139 254 43 865 568 265 617 139 265 94 568 865 661 568 623 177 177 568 265 844 131 865 177 94 254 568 131 568 179 568 179 617 623 265 265 844 617 617 131 617 617 179 179 265 661 568 617 179 661 548 865 623 179 548 139 617 661 865 177 5 568 568 139 844 617 94 568 265 865 661 179 5 94 139 661 548 131 568 131 661 179 179 844 568 177 179 254 661 179 617 139 661 844 661 568 139 254 254 548 548 568 5 548 177 844 5 254 179 661 5 617 179 617 265 661 131 623 265 617 568 661 617 5 661 131 265 568 5 5 568 177 179 94 617 5 617 131 568 617 844 179 177 617 548 254 865 623 844 179 617 254 568 131 131 865 43 548 661 623 131 179 568 865 5 844 139 265 661 661 844 568 623 548 623 94 865 94 5 661 844 623 661 179 661 661 617 43 661 177 254 179 43 661 131 43 568 617 179 844 568 623 568 94 568 568 568 617 179 43 43 661 265 568 179 568 623 43 94 617 177 265 5 139 94 661 568 568 661 94 568 617 661 43 94 177 5 865 43 865 661 265 568 94 844 568 568 568 265 568 94 265 844 623 94 568 568 94 568 139 548 568 131 179 254 623 265 131 661 94 139 661 661 265 661 131 617 131 865 617 177 617 844 5 617 94 94 617 661 94 43 865 179 661 254 94 548 568 139 254 617 94 623 844 94 548 254 131 94 617 661 179 94 617 179 5 623 177 254 844 131 177 265 111 650 940 650 34 34 34 199 568 617 617 111 288 199 940 288 179 661 94 650 179 661 788 179 288 300 568 661 617 94 568 300 111 617 199 568 179 661 94 617 751 199 617 199 236 650 751 179 179 288 751 94 568 288 661 617 236 199 403 94 661 940 940 288 788 94 300 650 403 94 661 179 617 300 94 568 788 661 179 179 199 617 788 661 300 179 568 94 179 661 111 617 788 650 403 650 568 617 111 179 661 94 179 288 568 403 179 568 568 617 661 111 940 788 661 34 661 403 751 94 94 179 617 788 661 94 568 300 236 94 34 34 236 403 661 111 617 94 617 34 94 661 34 751 179 94 568 661 788 94 199 236 650 568 617 34 94 661 650 236 94 568 661 751 617 568 179 199 940 940 179 617 940 650 788 650 94 403 751 179 199 751 94 617 788 940 300 788 650 94 179 300 661 650 300 661 94 661 568 179 617 751 236 111 300 788 788 661 617 568 199 403 179 94 403 179 661 199 236 568 403 661 617 568 650 94 403 236 617 650 940 111 403 661 236 617 617 788 94 568 94 288 661 650 788 236 94 94 300 940 94 300 940 751 199 179 403 300 199 661 940 661 111 788 94 179 236 300 403 617 568 788 288 661 300 179 179 111 617 568 617 617 179 650 179 179 940 940 568 661 403 661 617 568 34 650 236 288 94 661 568 661 236 199 568 94 236 300 179 288 940 568 94 300 34 111 661 617 288 661 751 179 179 236 751 940 661 403 617 788 94 788 179 661 94 661 179 751 403 568 179 300 300 236 236 236 288 94 288 34 751 661 94 751 751 199 288 179 661 617 661 288 94 94 403 94 650 94 617 650 788 403 661 179 34 788 617 661 403 940 94 300 788 111 788 34 94 236 94 300 788 288 288 94 940 179 288 34 94 179 34 179 179 751 300 236 568 179 199 199 300 788 568 403 179 661 403 661 179 179 403 617 34 94 661 199 617 617 940 236 179 288 650 661 661 179 94 94 179 288 568 661 788 34 568 940 179 568 568 236 617 650 568 300 94 751 179 179 179 403 661 179 568 179 288 617 236 788 288 403 94 94 617 300 940 179 751 179 940 751 617 568 940 568 661 94 940 568 568 751 94 650 788 617 617 617 568 568 288 568 617 179 179 111 111 199 300 236 179 661 34 751 617 94 661 236 199 179 179 179 94 94 661 179 403 179 751 288 403 940 300 94 788 236 199 568 650 568 661 179 34 568 94 661 179 288 94 34 940 236 661 617 236 661 199 788 788 788 403 617 300 179 111 300 661 940 617 940 111 568 617 236 940 111 617 300 199 661 661 940 111 34 568 568 300 94 788 568 179 179 34 199 940 94 236 300 300 403 788 94 751 288 179 617 617 751 661 788 617 661 788 617 236 568 111 288 617 661 568 751 617 403 300 94 661 617 617 661 940 179 940 34 111 34 568 751 661 34 940 94 617 179 179 788 650 94 650 661 288 179 94 300 650 94 940 661 568 788 661 179 34 617 94 179 34 179 111 300 236 94 617 179 751 617 300 403 288 111 617 179 300 179 111 661 940 199 94 300 940 111 94 940 568 199 94 111 179 34 788 661 236 34 300 94 179 751 94 300 300 403 788 617 403 300 940 179 568 111 650 34 661 661 179 751 568 661 940 94 236 34 788 236 179 179 617 94 617 179 751 568 568 199 34 288 179 568 661 617 94 568 94 179 199 199 236 568 236 288 568 940 179 568 617 751 236 751 788 111 617 179 111 788 403 617 179 288 568 111 403 940 179 751 236 94 199 236 617 288 236 199 403 111 617 661 236 568 94 568 179 288 788 179 94 661 661 34 34 94 568 300 568 236 94 288 403 751 94 94 179 568 179 403 179 199 940 661 199 94 300 617 288 617 617 568 94 661 617 940 34 199 288 300 34 288 568 617 94 650 94 788 179 661 661 940 940 940 650 661 788 617 568 650 940 940 94 403 199 288 403 94 34 199 199 403 111 236 617 568 111 94 236 940 94 788 403 661 179 617 568 236 236 568 568 236 617 403 94 661 179 568 179 568 751 751 617 650 617 650 661 179 94 300 199 661 179 403 179 94 568 94 617 617 199 300 288 111 179 34 94 34 111 617 650 751 179 94 94 788 34 568 568 94 111 179 179 940 199 94 94 34 940 661 94 788 300 300 111 236 650 236 199 94 34 34 661 788 111 568 940 34 111 300 617 940 179 940 661 94 661 568 94 568 300 403 617 568 34 568 179 94 403 940 403 751 788 300 94 617 568 179 94 617 568 940 650 34 568 94 661 788 94 661 179 94 34 236 199 403 34 111 617 568 568 300 661 568 617 661 179 661 179 403 568 617 94 236 650 94 940 661 403 94 94 94 94 661 788 403 403 179 403 568 788 650 568 568 199 236 617 236 661 94 788 788 199 94 94 34 617 94 940 199 568 568 650 788 661 751 179 617 650 94 199 617 94 650 661 34 617 94 650 568 288 751 661 179 179 300 288 300 300 111 111 236 179 236 650 940 94 300 403 617 179 288 568 661 199 661 94 940 179 34 179 179 788 751 617 179 751 179 300 300 179 788 661 111 661 617 403 236 650 179 111 788 568 236 94 94 568 568 300 751 661 94 236 111 751 34 568 403 199 236 111 179 617 179 34 751 111 94 788 179 403 94 94 650 403 940 940 94 199 300 179 111 403 34 617 199 179 300 568 617 288 617 751 751 650 34 568 94 179 94 300 111 34 236 661 300 568 617 111 403 288 34 788 661 94 236 236 34 179 661 34 661 568 179 650 179 940 617 94 179 236 568 940 568 94 568 650 288 179 236 617 111 617 617 617 617 617 568 199 617 300 94 179 179 94 617 288 568 111 650 617 288 661 617 617 751 179 288 568 34 94 403 617 236 617 617 111 568 236 34 236 568 661 617 403 94 788 111 751 94 940 94 94 403 300 94 751 650 199 94 94 650 403 34 788 111 751 300 617 661 661 288 288 568 94 568 568 199 568 617 199 751 403 94 403 940 179 617 617 236 568 751 661 199 94 568 111 199 568 568 179 751 650 111 661 300 403 751 940 236 661 111 940 751 179 650 94 568 94 300 199 617 661 94 568 236 288 111 568 300 179 661 300 34 111 940 650 94 788 617 403 617 300 288 661 179 940 661 34 940 94 788 34 288 236 403 661 111 403 179 568 94 617 300 111 617 288 568 568 568 179 617 940 940 788 617 179 300 94 403 179 34 300 788 940 288 179 94 94 34 236 617 650 751 94 650 403 94 300 940 650 751 661 788 661 403 199 568 111 568 568 788 788 617 111 236 617 751 661 661 199 568 788 661 199 288 617 111 403 788 650 940 661 650 288 236 650 788 751 617 179 288 199 940 288 617 940 617 940 94 288 300 179 568 617 94 34 300 179 617 617 288 236 94 650 179 650 617 617 300 568 179 236 179 94 111 940 940 650 179 199 617 403 236 568 617 617 617 179 111 617 940 300 34 94 940 661 661 179 94 199 34 94 661 661 94 94 236 568 617 236 617 568 179 111 650 568 661 288 34 236 568 288 199 617 661 199 617 34 236 940 403 650 617 111 288 236 650 403 568 236 94 179 403 179 650 661 617 179 568 617 403 179 650 788 94 751 199 34 788 94 34 403 940 94 94 751 300 94 617 661 94 940 568 403 940 403 288 288 568 179 617 236 236 617 751 650 199 650 751 179 751 661 751 617 661 617 94 568 288 236 751 617 661 568 403 940 661 661 650 568 94 650 179 661 661 179 661 94 94 568 199 111 94 568 236 661 661 300 617 179 179 617 236 617 199 661 94 403 568 179 788 94 179 94 568 111 788 94 179 403 288 179 179 617 568 111 650 300 34 568 179 617 788 940 179 650 111 568 617 568 199 617 661 788 617 111 179 179 751 236 617 94 650 661 940 617 617 94 940 650 661 751 94 300 751 300 568 94 94 617 94 617 940 34 617 661 94 617 751 403 940 288 403 661 617 568 111 179 403 403 179 199 179 94 617 568 403 661 661 403 568 661 236 617 751 568 403 236 617 199 300 34 199 940 94 661 617 568 940 661 94 650 617 403 661 661 661 94 94 111 179 650 94 661 661 568 788 300 179 288 236 300 617 661 661 179 661 111 94 300 111 236 236 568 788 617 179 568 111 236 751 111 94 568 403 179 650 751 288 661 940 650 661 568 179 661 111 236 751 111 403 617 288 94 788 788 940 111 94 94 661 568 94 940 300 940 94 940 236 94 568 300 94 617 111 940 751 288 288 940 568 568 568 403 940 788 788 661 661 661 650 617 300 751 568 111 788 300 288 650 403 568 617 661 617 403 94 300 650 94 788 788 94 617 179 94 199 661 34 179 661 179 94 650 94 403 568 568 650 617 617 650 661 568 179 751 650 288 751 661 661 199 940 617 300 617 661 617 300 650 179 661 199 288 751 403 661 788 94 236 617 661 179 199 940 94 111 751 568 661 403 788 179 403 94 940 179 111 94 179 179 568 199 661 661 94 751 179 199 179 661 661 199 617 650 788 650 236 236 34 940 34 661 199 661 288 617 34 199 403 111 568 568 661 179 617 179 617 34 288 661 788 179 199 617 300 179 179 617 111 650 788 940 94 568 661 179 617 661 94 179 661 34 751 940 617 650 650 617 940 288 300 34 661 288 94 94 199 94 403 288 179 568 288 940 650 617 179 300 236 788 617 94 661 94 300 568 199 236 288 751 94 288 650 751 34 751 403 236 940 568 300 661 403 940 568 568 661 94 179 94 34 568 617 568 568 940 751 199 568 617 403 300 111 650 34 199 34 650 94 179 661 568 111 111 568 199 661 179 661 617 94 940 751 650 179 300 94 650 300 111 94 94 617 940 94 179 34 179 788 568 199 568 661 650 617 199 568 94 788 94 199 568 617 940 617 288 236 34 751 751 199 650 34 94 568 111 300 300 661 661 568 650 94 94 617 179 111 111 568 617 403 788 403 94 650 650 34 617 617 111 940 568 617 661 288 617 661 751 94 179 179 179 661 199 617 661 111 179 568 403 179 179 403 403 111 199 199 403 568 199 300 179 568 568 940 111 751 403 661 179 568 288 403 179 94 751 661 661 617 236 650 617 568 568 199 288 617 288 199 751 403 179 661 94 94 111 568 199 179 403 403 199 94 199 94 300 940 650 300 788 650 650 617 788 179 34 617 403 403 236 94 940 288 300 788 568 661 568 661 288 940 940 661 236 236 788 94 650 788 403 617 568 940 751 179 661 179 236 94 403 568 568 661 650 111 568 788 236 94 94 94 94 94 94 617 617 568 788 179 288 34 617 179 34 403 179 94 788 199 751 661 199 788 236 94 751 34 111 300 199 661 94 788 568 236 617 179 94 403 199 617 617 568 199 288 788 94 788 179 650 179 236 94 650 788 788 661 179 617 940 111 199 568 940 179 288 288 403 179 288 940 650 940 751 288 199 403 568 288 661 751 403 94 199 236 179 94 94 94 568 94 617 403 661 403 661 111 617 94 179 568 940 650 661 236 617 34 661 568 34 661 751 300 300 940 300 661 300 650 300 300 650 661 94 751 661 617 288 568 940 94 617 179 94 288 661 661 236 617 288 788 661 568 661 179 751 179 940 94 94 661 940 568 179 661 650 94 288 568 568 288 568 111 940 661 661 94 617 179 617 617 403 788 751 94 236 236 236 403 568 179 788 236 34 568 300 236 661 940 179 288 94 617 288 236 288 403 34 179 650 661 788 788 661 300 94 288 111 661 650 300 111 288 288 94 661 661 94 650 661 661 788 236 661 617 288 179 94 661 568 568 661 179 199 300 199 650 179 179 179 111 788 403 236 179 403 568 94 650 34 34 568 179 568 199 94 403 199 94 751 179 34 300 568 179 661 751 94 288 288 617 199 199 940 568 617 34 300 568 650 300 403 617 288 34 788 288 300 751 650 236 568 179 650 94 34 617 661 751 568 179 617 661 403 179 617 300 617 617 179 403 94 617 617 179 236 788 617 617 403 403 94 617 661 940 568 300 179 661 236 788 617 661 34 94 650 236 617 111 568 111 751 568 661 111 199 940 94 236 94 94 288 179 617 300 940 650 179 94 568 650 199 94 236 788 111 94 236 34 661 111 650 661 94 199 568 179 940 661 650 179 288 568 568 661 751 34 403 403 94 788 403 288 617 940 940 111 111 650 650 34 650 94 661 179 179 403 661 568 940 288 568 617 661 617 617 403 179 199 650 568 300 650 94 568 617 34 617 236 179 199 568 199 403 568 661 661 617 94 568 568 94 199 94 403 179 179 617 661 34 179 300 236 111 617 179 94 403 568 199 661 94 568 94 788 617 940 94 568 568 617 199 111 34 199 300 94 179 568 94 111 236 288 940 568 94 568 568 288 568 751 661 650 568 94 94 661 650 661 650 940 34 94 568 94 617 617 661 617 568 300 94 199 111 94 94 111 403 94 661 751 617 199 236 111 403 661 940 94 179 111 568 94 788 751 788 661 661 179 236 236 288 403 568 179 568 94 751 111 751 288 199 661 199 179 661 661 34 940 94 111 788 617 179 300 617 617 617 788 650 288 199 111 94 179 111 403 94 661 199 300 751 650 199 617 300 94 288 568 788 179 661 300 94 940 94 94 94 568 300 403 94 199 661 34 617 94 179 179 568 199 788 34 179 236 34 661 661 568 751 236 179 568 751 199 568 617 661 568 568 403 199 403 288 661 34 300 94 288 617 300 788 751 94 236 111 661 568 617 288 199 940 568 34 179 568 236 199 199 236 236 236 236 661 34 788 179 403 617 940 236 940 617 179 288 94 111 617 179 179 300 650 179 236 751 94 661 288 940 179 179 179 403 236 34 751 940 661 179 94 568 661 179 788 617 568 179 94 179 568 94 568 403 788 111 179 94 179 300 288 236 94 111 179 568 236 751 568 199 650 661 179 661 940 94 94 111 236 568 940 661 199 288 300 940 403 568 236 568 661 568 661 94 199 617 661 661 179 617 94 300 568 568 179 300 661 34 940 568 288 940 788 403 568 94 34 300 751 199 650 788 661 568 34 34 788 617 94 236 179 288 940 661 179 199 751 568 94 288 940 94 288 111 300 661 568 788 236 617 179 568 300 568 94 661 661 617 568 94 650 617 34 403 568 94 34 199 650 751 94 661 568 94 94 403 617 940 236 568 617 236 300 179 617 661 568 751 288 661 617 650 236 568 403 94 650 751 111 661 94 617 179 617 617 788 179 288 617 661 568 94 179 94 199 94 661 617 179 199 179 650 94 179 617 788 568 94 751 788 111 788 94 751 568 34 403 288 111 288 111 179 179 199 650 111 94 403 179 751 199 751 661 403 661 940 94 288 236 568 34 650 751 650 788 617 650 94 617 940 650 661 751 661 617 617 661 661 179 288 179 34 111 111 300 661 179 94 111 568 94 300 568 661 661 661 300 179 34 236 34 94 288 111 661 617 650 661 568 568 661 94 617 617 617 94 568 617 650 661 179 940 199 617 617 568 788 650 179 661 94 661 179 617 568 179 300 300 788 94 94 568 661 661 34 94 403 568 568 617 751 236 940 111 617 617 94 617 300 617 199 288 617 788 650 288 94 300 94 568 568 403 94 617 751 300 940 568 788 288 617 94 111 617 34 111 300 236 661 94 661 661 179 288 94 650 788 788 94 179 940 288 94 179 94 179 568 788 288 111 751 94 568 236 788 788 300 568 568 111 650 94 300 179 788 94 179 300 751 236 94 199 650 568 568 300 751 788 617 34 661 403 179 403 179 661 179 300 179 199 179 34 300 568 34 403 300 94 288 179 300 751 288 288 650 94 661 288 111 661 300 288 617 617 751 199 34 661 111 34 751 617 199 568 300 751 788 111 568 94 617 179 288 788 300 617 568 751 94 94 236 236 236 661 300 94 617 236 661 650 403 179 403 661 288 236 940 288 179 94 940 650 650 179 788 568 788 403 751 403 94 236 34 179 236 34 568 111 661 111 617 288 617 199 111 617 34 199 568 661 788 617 94 617 111 236 199 661 617 940 940 568 94 650 940 403 34 34 111 661 111 179 179 661 751 34 751 236 288 788 403 568 751 34 236 300 617 94 300 751 568 236 403 568 617 34 568 111 568 650 617 617 236 568 94 94 300 300 568 179 568 940 179 179 568 661 111 300 403 940 788 940 94 940 288 111 199 288 940 617 300 199 617 661 617 94 94 179 568 617 661 94 617 940 568 34 34 94 34 179 617 661 94 179 94 617 199 179 617 179 617 300 617 34 34 403 236 199 94 94 661 288 751 236 661 111 179 236 288 403 199 788 300 34 568 650 94 751 650 179 94 661 179 568 288 94 661 650 617 94 94 199 788 568 661 94 788 788 751 940 661 403 199 179 568 940 940 650 179 288 617 236 617 617 94 199 236 661 179 788 199 617 34 179 34 199 236 111 236 403 179 617 751 179 94 617 179 179 179 788 179 199 650 751 300 788 617 94 236 661 179 236 236 940 288 300 661 650 236 661 288 661 568 94 111 788 94 751 661 617 288 179 94 34 199 34 179 650 940 568 751 94 751 568 617 300 940 179 568 568 403 288 300 661 111 94 661 617 940 179 568 568 568 179 111 300 403 94 788 568 661 199 650 661 661 288 111 111 650 751 179 751 300 111 288 94 568 94 236 179 179 940 111 661 751 403 199 751 568 661 111 403 617 236 199 661 568 617 300 788 179 617 179 568 94 650 94 403 661 34 617 94 111 288 661 940 94 617 650 403 300 617 199 650 288 236 179 650 403 751 751 617 403 179 661 94 179 568 568 661 788 179 300 179 751 34 179 661 288 179 661 788 111 111 300 568 94 199 650 288 199 568 179 94 199 788 661 300 650 617 650 236 94 300 661 617 568 940 179 788 940 288 568 179 403 288 34 568 661 617 34 199 751 94 179 661 568 179 199 617 34 179 650 568 617 661 94 111 568 199 788 236 403 661 288 661 940 617 34 288 111 403 940 751 661 568 34 34 650 661 94 94 617 111 661 788 111 236 179 300 179 568 661 650 568 179 300 179 199 179 617 94 179 94 751 111 179 661 661 617 617 288 788 111 300 300 179 236 940 34 403 34 94 661 300 111 661 111 94 751 661 236 617 236 788 288 568 111 650 661 568 661 751 617 568 617 199 179 94 617 940 179 661 288 179 179 788 94 661 403 111 650 617 179 650 179 94 94 94 568 179 661 403 617 288 94 940 661 751 236 568 288 568 940 300 568 34 94 661 34 179 617 179 94 236 300 568 568 568 179 403 940 179 568 568 179 617 568 94 34 300 617 617 300 179 199 568 94 34 179 650 751 34 94 940 568 751 94 617 403 288 179 34 661 617 179 94 661 568 617 751 403 300 179 179 788 300 236 94 617 179 300 568 617 179 236 617 403 111 111 661 650 661 236 788 111 236 788 940 236 94 661 94 617 617 940 661 650 940 751 788 94 650 661 288 288 288 568 650 661 179 300 111 111 199 661 940 288 661 617 179 751 94 179 940 568 617 179 403 179 403 940 751 199 288 199 179 661 650 568 236 236 568 236 650 650 94 788 288 751 111 179 568 111 788 617 650 179 300 751 568 288 403 111 236 568 661 751 661 568 94 568 179 661 179 661 111 617 236 568 568 111 94 568 788 94 94 179 661 788 111 568 617 751 751 568 403 568 661 300 199 236 179 34 34 94 617 179 568 199 34 788 788 94 111 617 94 179 568 288 236 199 111 34 34 661 661 179 751 568 94 940 661 661 751 568 94 568 661 661 94 751 111 300 111 617 617 661 94 288 94 650 617 34 661 940 300 179 617 650 568 94 568 179 788 617 617 940 236 661 661 751 236 288 34 617 179 403 199 403 94 94 403 94 94 788 661 940 199 650 788 568 94 661 940 617 751 94 179 94 288 199 236 568 661 661 94 617 788 650 111 403 661 617 788 751 94 236 751 179 650 617 751 617 111 568 111 940 179 617 288 568 94 179 94 788 111 617 94 650 179 403 650 94 199 650 199 300 300 650 403 661 940 111 94 788 236 179 94 94 788 94 111 94 288 94 661 940 617 661 661 788 288 300 94 288 179 568 617 661 179 568 661 199 199 568 403 568 179 661 650 617 650 111 661 236 94 236 568 568 94 94 179 751 288 617 94 236 403 751 568 751 568 179 94 661 568 179 111 300 788 940 288 236 617 568 34 288 288 661 661 650 179 940 617 617 617 300 34 650 661 236 661 111 111 661 661 617 179 179 617 288 199 751 617 568 940 650 288 300 940 236 199 236 403 568 111 788 661 568 199 751 661 300 661 236 111 661 661 403 300 617 568 199 236 661 94 650 34 94 788 94 788 751 236 94 661 568 940 661 34 300 179 94 34 788 617 568 179 236 751 568 617 568 236 788 617 288 617 568 94 661 617 111 568 34 94 111 179 34 940 199 111 179 617 179 111 288 751 617 111 199 288 179 661 288 661 94 94 236 940 300 288 568 617 179 661 661 236 94 617 288 568 788 199 568 288 568 617 179 650 300 940 940 788 568 788 300 661 34 788 179 940 94 661 940 179 661 617 661 403 650 403 236 179 94 661 661 568 199 34 788 403 940 617 568 940 617 111 94 199 199 199 94 288 617 568 199 661 751 568 403 940 179 94 568 94 179 179 34 300 179 617 661 617 661 650 288 568 179 288 94 403 617 300 236 617 751 94 617 179 661 617 751 617 236 617 788 288 940 199 650 751 661 179 111 179 788 300 300 94 403 617 661 111 94 288 179 661 788 661 661 788 661 661 661 94 94 940 94 403 199 568 788 94 94 617 568 568 300 617 94 94 94 617 300 179 179 111 236 179 288 199 199 94 650 617 300 568 111 661 288 661 34 568 111 236 661 34 661 568 300 568 94 650 94 751 288 179 788 751 751 179 179 568 788 179 34 300 940 661 751 403 111 661 199 236 788 661 94 288 288 661 179 568 403 403 403 179 300 568 617 179 617 650 179 650 199 403 568 617 617 568 650 568 94 94 568 94 617 661 617 94 650 300 751 199 288 94 617 236 300 34 179 568 661 94 568 568 568 617 940 94 403 199 788 617 94 179 94 94 617 661 94 568 568 403 236 940 788 661 661 617 34 568 568 111 236 661 288 940 617 617 661 94 661 94 111 236 751 236 661 179 199 661 179 34 111 300 751 568 788 940 617 617 568 94 34 403 940 940 617 650 661 179 94 236 288 199 34 34 34 788 94 179 111 179 179 179 300 940 111 179 179 788 650 650 661 111 94 111 617 940 111 788 751 111 617 568 788 661 661 617 650 661 179 617 568 94 179 617 179 199 661 650 179 111 788 94 403 94 568 94 751 751 94 650 300 94 617 940 94 94 236 617 236 661 288 617 617 94 236 661 111 568 661 199 179 403 179 94 199 403 94 34 788 179 179 661 568 650 568 568 650 617 751 650 300 94 179 236 236 94 940 236 751 661 617 236 568 288 617 199 288 661 617 179 661 179 179 300 788 661 403 661 199 111 568 751 288 617 617 94 788 34 568 179 661 788 617 236 94 300 94 661 940 300 94 788 661 403 661 568 288 94 940 617 940 788 568 617 661 94 617 617 111 751 940 617 568 403 568 236 568 568 617 751 94 661 94 661 199 94 661 650 661 403 568 179 179 940 788 179 568 617 199 940 236 568 403 751 661 111 751 617 403 617 661 568 940 179 300 940 661 179 236 661 94 568 94 661 179 34 661 661 403 650 751 179 661 288 568 568 568 617 617 179 300 288 568 288 568 617 751 661 179 179 300 288 300 111 111 788 34 111 403 940 661 288 34 94 788 568 199 650 300 179 617 661 199 179 661 788 617 751 940 568 617 34 661 300 94 199 788 288 788 568 179 94 199 617 751 661 179 300 300 288 34 300 650 650 288 94 94 300 751 788 617 403 650 199 661 568 111 34 34 236 650 661 34 940 179 940 179 94 179 617 111 617 617 199 617 94 617 568 617 751 288 179 236 650 300 940 199 751 179 617 650 300 179 94 661 199 751 94 111 300 751 617 179 617 94 650 751 288 179 751 751 300 34 661 179 661 751 300 288 940 94 650 661 617 617 661 288 650 403 111 751 111 661 617 940 403 179 940 288 661 617 236 568 650 650 179 661 751 568 94 751 751 788 568 940 34 568 788 179 94 199 94 34 661 650 403 179 751 94 179 403 179 94 179 617 179 661 179 288 661 788 940 617 617 568 94 403 94 661 236 179 940 661 617 650 236 661 111 236 568 300 617 568 617 179 568 568 34 661 661 568 236 661 288 111 661 236 300 236 650 94 661 568 300 568 34 568 661 199 288 34 111 236 650 288 568 568 300 661 300 568 661 751 751 94 661 617 661 94 751 94 661 111 568 288 661 617 403 661 650 300 34 111 94 661 111 94 34 661 568 179 34 617 568 650 568 617 300 650 236 617 940 179 300 661 300 300 199 94 568 568 661 661 788 568 179 661 661 94 568 940 788 179 661 650 617 179 288 111 617 617 617 111 568 788 300 617 199 34 111 111 751 199 788 236 288 751 568 94 94 236 179 34 179 403 568 199 403 617 199 179 661 661 403 288 617 94 236 661 788 568 300 236 94 568 94 94 403 661 179 111 179 788 617 617 199 94 179 34 179 179 617 568 751 661 34 661 617 300 403 94 568 751 179 751 751 300 617 568 94 288 236 661 300 650 236 751 650 661 403 111 94 179 788 94 179 34 940 650 661 751 94 661 661 94 111 300 661 788 788 650 940 34 236 403 94 94 288 111 199 788 617 940 236 617 179 403 179 288 94 34 788 94 751 94 111 179 179 650 661 236 300 199 788 199 661 199 300 568 661 94 236 751 199 751 661 568 788 661 617 94 236 94 179 111 661 288 199 403 617 617 34 568 751 179 617 940 751 179 236 617 617 34 288 661 661 288 34 617 94 661 661 111 288 617 661 568 751 661 751 403 617 179 568 179 179 179 199 179 34 617 568 34 940 94 236 617 179 300 111 111 617 650 568 199 661 617 179 650 236 568 568 617 661 236 199 568 179 617 403 199 94 288 617 34 568 568 300 940 111 236 788 111 617 403 300 617 179 179 179 179 568 617 940 568 288 34 617 940 650 568 661 568 199 617 661 940 288 300 617 236 94 199 568 661 179 617 617 288 94 617 300 300 661 650 288 568 788 788 34 94 94 617 788 650 940 288 288 403 94 568 661 617 788 661 111 179 617 94 236 751 568 940 403 236 661 179 940 617 940 751 940 650 199 650 650 179 788 661 179 568 751 199 34 751 300 288 617 661 617 403 403 199 288 179 403 940 111 661 940 568 34 661 199 179 288 94 751 34 236 568 288 661 111 568 34 111 94 751 568 788 179 34 236 94 650 661 34 788 236 788 650 661 568 179 403 568 300 300 568 179 94 179 288 288 788 111 661 94 111 661 403 236 34 751 288 236 199 300 94 94 403 403 751 568 94 617 94 199 199 661 179 568 111 788 94 650 568 617 94 650 568 111 179 94 568 617 403 650 751 403 403 661 650 568 179 111 179 94 617 236 661 661 179 568 179 236 617 179 403 43 199 177 199 788 265 844 5 623 177 288 139 139 300 131 265 139 288 236 940 177 131 650 623 300 288 43 623 254 254 548 254 199 5 111 403 940 34 254 650 199 403 865 34 177 34 111 5 43 650 254 650 865 177 751 788 788 265 844 751 43 139 650 623 34 300 236 139 751 788 265 940 650 650 139 43 131 300 131 34 199 111 623 300 199 844 300 5 177 548 236 300 288 236 844 254 236 265 940 199 940 788 34 650 34 177 177 751 300 139 199 265 788 940 265 111 300 788 139 5 788 844 650 5 623 131 623 254 788 751 288 5 199 139 288 940 5 403 844 131 844 403 199 5 265 254 300 844 5 5 199 650 236 177 177 788 265 111 199 623 111 236 199 403 265 43 788 940 650 34 788 254 139 265 5 548 5 111 177 111 199 650 940 403 788 34 751 34 300 254 34 288 844 265 844 34 940 844 236 623 131 751 865 844 788 34 5 265 43 111 865 844 865 548 111 403 254 199 236 548 403 288 111 300 236 34 265 940 650 288 131 139 650 650 788 111 300 940 623 139 650 788 548 751 751 5 788 751 236 300 131 5 199 5 865 548 265 139 288 623 139 548 177 650 288 34 131 236 265 650 650 788 548 177 788 131 199 139 43 751 34 623 300 865 650 623 5 177 751 300 865 751 788 288 265 43 131 131 177 177 288 34 5 177 265 623 650 623 865 865 403 5 199 34 865 844 131 751 265 265 5 865 177 288 650 650 177 403 650 139 199 403 844 844 43 403 5 131 34 177 236 288 131 844 254 751 5 751 131 236 751 403 236 254 548 865 623 288 288 131 844 751 236 548 844 288 300 131 865 139 34 131 288 199 177 199 288 844 236 865 288 34 940 43 940 199 34 236 844 34 43 751 131 751 403 265 288 844 788 751 650 265 940 265 43 403 265 254 751 844 177 199 199 199 265 751 403 236 34 844 288 788 177 199 940 177 288 236 300 43 300 650 265 403 139 623 265 254 34 177 751 751 254 199 265 288 403 623 43 403 265 111 111 236 111 548 139 265 751 236 236 623 5 236 199 43 940 865 265 34 623 865 403 650 650 43 131 254 5 650 5 34 199 236 139 43 865 865 788 288 43 623 548 199 548 265 844 865 131 131 300 844 788 43 265 940 288 940 300 5 623 265 177 288 5 751 34 43 34 788 623 34 236 288 300 751 177 650 236 131 111 236 5 5 751 300 403 5 254 300 751 288 403 5 788 43 288 139 5 177 177 844 650 548 199 865 623 650 288 139 623 111 403 199 43 940 199 300 751 548 177 623 265 288 177 139 265 300 288 236 265 34 788 254 5 844 236 254 300 236 5 5 548 288 788 5 751 288 5 940 5 5 265 236 751 548 199 199 844 865 236 300 5 199 265 650 548 751 844 139 623 623 548 403 139 788 751 650 131 288 111 131 300 623 265 300 623 139 199 265 300 751 254 751 199 288 177 236 199 844 111 265 300 34 254 403 177 300 236 177 403 300 177 650 751 288 265 43 865 254 34 650 751 403 111 788 131 34 43 199 751 940 403 265 751 111 139 177 288 623 288 254 300 254 139 236 265 139 131 5 788 199 177 177 265 177 940 254 940 111 111 111 751 623 199 111 623 265 131 236 940 139 548 940 865 288 865 5 548 403 199 623 844 139 111 940 650 131 940 43 139 139 199 940 111 265 844 177 300 300 139 43 199 131 139 236 844 131 199 548 265 650 623 844 236 265 844 300 139 254 940 623 177 650 548 650 265 844 865 940 5 940 751 288 177 548 865 236 844 788 254 751 43 199 403 177 199 199 650 300 265 199 403 865 254 940 650 131 650 403 254 131 236 5 288 199 300 131 43 623 43 265 300 548 131 5 199 865 131 300 940 403 623 940 236 43 300 139 844 131 139 865 177 265 254 623 403 236 254 199 265 131 43 548 288 865 548 788 177 177 43 5 288 650 177 139 940 300 623 5 43 236 34 199 623 865 254 43 265 788 650 43 111 131 131 111 265 788 650 865 5 650 548 623 403 940 623 548 199 788 34 623 111 34 548 300 650 199 131 650 139 34 403 623 865 288 300 236 131 288 111 623 43 650 43 199 865 844 865 788 844 623 623 111 5 300 265 788 111 751 43 844 940 199 844 111 34 788 43 5 623 288 403 131 254 254 403 300 265 236 650 844 254 844 548 131 236 940 111 199 199 788 5 548 5 288 288 844 265 940 131 131 177 265 288 111 43 623 403 751 788 177 300 548 5 34 940 111 43 5 623 548 236 43 236 288 254 177 403 844 865 288 34 300 34 139 865 788 548 254 940 236 5 5 844 300 139 254 5 254 403 548 751 254 788 940 111 403 940 199 288 265 788 788 548 111 5 844 139 300 177 236 548 650 650 236 300 111 650 199 623 111 236 177 177 199 788 34 751 844 844 111 139 751 403 403 43 43 300 403 139 34 751 788 254 788 751 139 403 139 236 865 940 300 199 236 236 865 844 751 650 265 300 751 199 844 34 5 199 139 34 131 300 650 111 623 139 265 43 254 5 788 300 139 300 5 139 300 131 265 844 43 288 139 751 34 34 403 650 650 131 623 139 403 288 650 940 131 865 288 650 177 236 177 139 940 650 788 265 199 403 788 43 403 5 34 403 650 865 5 788 111 139 623 199 865 300 199 623 548 5 288 236 131 623 139 199 844 623 5 300 265 288 111 236 940 199 788 288 111 139 844 788 177 940 788 548 5 265 548 650 139 844 403 751 623 199 131 199 111 34 236 751 34 788 199 300 300 650 940 254 139 650 254 265 288 177 623 788 288 940 844 300 788 111 548 236 111 865 548 177 751 788 254 177 865 844 844 111 131 131 177 139 199 177 751 111 5 788 265 650 650 111 131 288 403 865 548 300 865 111 111 139 300 623 940 265 5 623 199 548 650 199 940 288 265 199 788 111 865 131 623 650 265 254 139 131 199 288 650 940 254 177 139 177 199 111 403 139 254 403 111 236 5 265 131 265 43 288 300 254 751 5 34 940 43 254 199 548 288 236 34 265 34 650 5 5 650 403 865 751 254 865 265 865 650 34 254 43 177 751 751 650 940 131 650 300 300 111 650 300 650 177 940 265 751 650 177 265 5 111 844 199 131 111 5 300 300 177 111 34 844 265 254 177 177 34 34 940 865 300 111 5 788 265 751 236 623 131 199 199 111 623 34 5 403 131 254 288 403 844 548 43 623 623 139 288 43 34 751 751 139 5 254 288 236 940 940 5 288 288 844 865 265 177 403 254 865 111 940 111 265 254 403 650 43 788 288 111 177 650 788 265 940 5 865 111 177 199 131 5 751 865 844 111 865 254 254 788 111 300 131 623 288 254 199 236 34 236 623 788 265 199 865 199 265 139 650 623 111 288 403 548 548 300 940 236 254 623 751 265 131 403 43 403 177 623 751 236 650 288 131 34 623 650 177 788 177 751 940 865 111 5 236 548 131 111 940 844 403 940 43 288 288 139 865 139 177 254 844 111 199 254 236 288 34 111 788 111 111 254 236 865 43 111 254 788 5 865 548 865 265 788 288 548 751 788 623 43 139 177 177 43 788 236 650 139 131 131 623 34 43 34 34 34 865 265 865 139 131 288 650 403 788 300 751 940 254 43 865 548 43 177 650 548 139 254 865 288 254 650 940 751 177 131 288 43 548 111 865 403 265 788 940 650 548 844 177 139 751 940 139 5 5 623 131 751 865 865 43 751 111 199 265 139 548 623 265 288 34 548 300 788 177 940 844 940 300 940 34 265 751 788 403 111 111 5 236 43 199 265 865 548 403 236 788 43 300 751 300 403 788 254 844 844 5 34 751 403 788 548 139 751 5 265 254 177 300 34 236 34 940 177 131 548 844 844 788 844 940 788 288 751 5 43 111 254 199 623 177 623 139 131 403 43 43 751 403 199 34 940 788 5 5 940 34 139 254 940 236 788 844 236 139 940 940 844 177 111 199 236 139 236 623 300 5 288 254 844 650 751 265 131 236 940 650 43 548 865 623 265 43 288 236 34 288 623 199 788 111 844 940 403 265 236 844 548 199 139 131 623 788 940 865 139 940 650 265 300 265 940 788 788 139 788 403 131 236 43 265 199 751 403 177 623 650 131 288 548 403 940 131 199 623 751 177 111 131 131 288 177 623 650 177 5 5 788 751 865 139 403 43 265 940 650 788 940 403 940 43 236 865 623 788 177 650 623 131 199 199 199 254 199 139 650 751 139 254 131 111 5 43 751 111 265 623 788 788 111 177 177 548 650 254 177 254 265 265 34 300 111 177 751 34 865 111 236 236 43 844 236 865 300 177 623 548 300 300 300 548 199 865 288 751 34 650 236 254 300 940 199 940 844 650 199 788 844 5 139 254 43 288 650 254 43 751 177 254 43 131 865 865 650 650 548 236 177 650 623 5 844 131 548 254 650 751 844 131 131 844 236 288 623 650 940 300 650 751 265 265 254 751 300 236 650 111 650 844 403 199 288 623 844 139 236 844 254 288 548 288 865 236 139 403 265 43 199 548 265 623 139 254 623 111 940 34 300 5 288 236 131 403 865 623 43 650 650 131 139 403 844 265 844 623 265 199 43 199 940 254 844 751 788 111 199 265 111 650 131 865 177 865 403 288 34 788 43 623 254 844 265 254 131 865 199 5 844 236 300 265 751 236 265 288 940 751 5 199 131 111 300 288 300 5 650 650 403 865 865 254 265 623 199 300 788 177 43 650 5 254 139 131 940 43 139 177 865 403 111 254 940 865 265 940 177 34 300 623 43 139 199 265 5 236 111 111 199 623 650 650 865 177 940 403 650 139 288 788 751 844 236 43 288 131 34 844 254 300 940 265 548 254 43 403 844 788 43 199 650 788 751 199 5 548 548 254 111 139 940 199 288 650 177 844 5 548 288 131 43 844 199 650 751 650 865 548 288 43 111 111 751 623 34 43 5 300 650 236 300 844 865 288 43 111 865 623 139 43 751 199 288 623 865 940 111 940 5 131 751 265 650 751 300 751 131 34 5 623 788 300 548 34 940 34 34 788 43 34 403 139 265 548 751 623 844 844 265 623 236 177 623 43 844 199 650 650 265 751 940 623 548 34 865 34 865 199 650 254 844 650 548 199 236 403 548 177 548 265 940 288 111 43 403 131 131 650 403 236 131 650 254 288 788 300 650 199 254 788 254 131 788 34 650 300 865 300 236 254 623 650 623 300 865 403 254 844 131 177 300 788 403 111 139 623 300 131 254 940 265 751 300 788 199 131 34 623 236 403 5 236 751 623 650 940 751 177 623 199 288 865 139 265 623 403 403 623 288 844 788 844 300 111 199 111 139 43 788 844 650 177 844 177 43 265 788 940 236 623 265 403 177 865 403 403 111 623 844 940 34 199 865 844 548 788 139 265 43 403 788 43 865 111 751 254 139 111 288 788 548 650 199 131 844 548 236 865 131 940 5 865 199 288 844 265 236 623 623 236 236 34 139 111 254 650 623 199 177 5 139 139 177 844 288 300 34 844 43 139 43 177 111 940 254 844 548 403 751 5 34 548 548 403 34 34 300 788 131 623 865 300 177 177 131 751 236 34 940 265 43 254 865 265 131 940 844 548 254 300 111 43 254 403 34 236 788 131 111 788 265 288 34 403 865 940 236 288 43 111 131 254 254 254 34 236 43 199 5 265 650 300 650 131 199 288 254 254 844 131 403 177 5 111 300 111 131 300 940 34 139 34 254 199 751 43 236 131 623 43 43 265 844 403 139 199 199 139 300 788 940 139 34 111 177 236 5 199 751 43 548 5 5 650 751 265 265 265 865 265 199 177 751 5 131 300 650 548 199 751 254 5 236 139 139 548 650 254 788 548 788 265 751 265 5 177 403 34 650 865 548 254 548 199 236 788 865 265 111 34 236 788 788 254 131 403 265 254 43 111 844 254 751 236 43 403 751 650 865 34 177 865 865 5 623 199 131 254 940 5 288 34 751 788 236 788 43 5 199 139 403 34 865 139 139 548 111 650 844 177 5 5 403 5 403 623 844 131 5 199 199 300 265 844 751 788 865 865 623 623 265 199 940 177 5 139 5 623 788 34 236 43 844 288 288 5 623 236 5 403 111 43 177 788 265 650 844 788 265 131 403 199 236 548 34 265 265 177 403 865 788 5 34 131 865 623 199 300 788 199 650 940 236 5 265 199 265 788 288 288 300 623 403 43 5 751 34 300 177 111 34 623 254 236 548 177 177 139 300 265 288 844 265 139 300 403 300 34 177 844 300 254 865 111 43 940 940 844 288 288 254 940 288 788 548 34 139 403 650 548 5 139 177 751 34 650 751 940 623 236 288 265 131 177 623 403 403 623 131 177 131 5 139 5 403 34 265 111 751 300 5 865 751 265 300 288 139 288 288 650 548 623 139 403 788 34 650 751 254 865 177 111 403 300 254 177 623 940 139 623 751 111 844 940 199 265 403 288 940 548 236 844 5 111 254 940 751 844 623 111 844 650 177 650 403 548 865 34 788 34 139 623 788 865 254 403 751 5 650 34 548 865 650 131 865 844 650 650 865 650 403 131 111 5 650 865 548 288 254 5 5 43 288 623 254 751 254 650 265 131 865 139 844 844 265 111 177 177 623 403 751 5 623 548 288 43 300 111 940 548 548 254 177 131 865 623 403 288 548 111 111 940 623 403 199 751 548 865 548 139 300 236 865 288 788 300 788 199 300 788 403 865 236 265 844 131 403 623 199 236 254 265 865 139 300 139 751 236 111 139 288 940 300 34 288 5 844 43 865 940 265 288 5 111 403 844 111 403 236 403 844 139 199 650 177 548 865 548 5 788 265 623 111 940 43 300 865 177 650 650 300 111 403 34 236 751 751 548 177 254 940 403 177 300 265 34 43 5 131 43 865 5 5 403 865 300 265 844 865 34 5 751 177 34 623 751 623 265 288 751 34 288 43 177 236 131 403 300 403 34 650 34 177 177 131 34 403 865 265 650 865 139 650 5 548 865 288 751 34 139 34 751 623 844 940 254 548 548 623 131 236 751 236 865 139 111 844 5 254 43 751 548 548 548 265 43 111 5 43 177 236 403 236 236 5 5 403 236 131 111 199 236 43 288 865 265 43 5 865 43 403 131 34 5 177 300 844 548 111 288 254 940 199 788 865 34 5 403 403 650 788 34 177 265 43 865 300 751 254 199 403 548 254 865 5 940 139 111 43 844 650 265 844 788 548 177 300 288 288 940 111 865 288 548 751 177 288 43 788 139 751 403 288 650 300 300 650 139 265 751 623 236 265 139 844 236 788 865 139 844 254 236 300 844 254 5 751 751 254 403 139 177 131 5 548 131 940 131 940 288 43 236 300 650 199 131 751 844 403 265 288 139 788 403 623 199 751 844 199 131 111 5 623 131 199 403 940 548 788 650 139 43 265 5 254 34 265 623 177 548 940 131 265 865 43 139 300 43 844 131 139 139 300 199 940 43 199 265 788 403 865 788 548 548 650 131 403 111 403 940 623 254 403 650 844 288 199 34 788 254 265 288 844 788 139 751 265 265 403 940 177 844 254 548 199 940 43 5 288 139 548 751 623 751 865 265 111 865 751 111 403 34 403 265 548 199 236 111 751 623 177 940 548 111 288 177 139 788 548 623 623 940 548 300 403 199 265 865 865 43 940 139 751 788 940 111 199 34 940 788 254 300 865 43 548 788 288 131 265 139 265 265 403 403 236 177 403 131 788 254 623 43 111 288 288 751 865 300 177 403 34 844 43 650 43 111 940 236 288 111 548 865 236 403 131 788 111 403 940 199 34 34 650 751 788 34 865 265 111 623 940 177 844 650 940 650 650 623 403 940 236 254 43 288 139 236 139 131 623 844 403 788 5 265 751 199 43 865 650 34 254 623 265 650 548 265 288 844 788 5 236 111 43 236 844 650 265 623 254 236 300 236 139 236 177 623 844 34 865 199 139 650 300 254 300 300 177 403 199 288 131 940 111 403 548 623 139 623 940 199 254 548 548 788 403 623 34 788 265 139 865 844 265 177 236 254 650 43 650 865 548 236 254 111 288 650 265 548 111 300 177 865 236 199 751 844 940 199 177 5 844 111 940 940 548 650 844 940 844 788 111 751 650 300 265 177 34 844 131 236 751 236 865 548 751 940 199 34 788 623 650 43 751 844 403 650 623 288 650 623 34 623 623 403 254 139 34 177 199 5 650 43 254 131 548 5 5 650 43 131 254 403 254 650 403 650 265 403 43 236 865 844 300 300 111 844 139 403 111 300 844 844 940 139 844 751 199 300 403 265 199 288 236 34 751 300 265 177 940 940 34 751 254 844 300 199 650 788 940 865 199 34 236 751 131 865 865 236 300 403 254 139 751 254 34 288 288 300 236 236 254 650 111 865 548 548 265 751 236 940 131 139 751 865 403 650 139 865 139 788 844 265 751 940 254 199 788 623 177 650 265 265 548 403 34 788 788 650 623 865 844 265 34 300 865 43 788 236 34 236 131 865 300 43 844 111 844 623 788 788 650 254 623 43 5 139 131 788 788 844 403 34 236 650 43 865 265 288 623 199 623 111 548 111 236 111 548 751 139 199 34 865 940 43 288 940 650 139 288 300 288 236 177 236 865 111 265 177 199 265 177 788 751 751 865 300 751 751 623 131 265 139 288 43 403 34 865 788 43 751 43 548 43 139 34 254 844 788 940 650 111 844 34 43 199 199 865 43 751 199 111 139 288 300 940 844 288 199 199 254 177 300 131 288 111 199 34 265 236 300 623 177 254 265 940 844 265 788 788 139 288 623 199 34 403 300 300 623 199 177 403 650 5 199 751 300 288 844 548 940 131 300 34 236 265 177 265 548 111 288 177 111 300 43 650 111 548 199 844 650 940 236 288 865 788 623 131 131 788 43 623 5 254 34 43 131 788 650 265 288 43 650 288 940 300 34 265 650 751 844 254 751 751 940 865 265 650 650 865 131 5 751 940 288 844 236 865 844 650 548 177 34 199 940 199 34 300 650 788 265 940 177 940 131 111 43 254 265 131 111 177 43 548 548 288 751 199 548 199 940 43 177 650 650 300 288 177 5 177 300 288 236 623 5 5 265 788 844 111 865 865 788 254 265 199 139 131 111 844 34 788 940 5 940 5 131 111 265 844 111 300 623 751 844 844 844 623 43 650 548 288 5 751 623 403 265 548 199 940 865 940 865 751 623 288 111 254 111 403 131 403 844 199 650 254 236 5 403 751 288 751 265 788 177 139 199 788 403 288 111 300 139 34 865 940 788 548 548 131 111 844 5 265 751 623 34 236 650 940 650 403 300 865 650 199 111 548 131 43 865 844 34 788 623 131 236 403 43 548 288 111 139 288 751 403 254 788 139 34 131 111 177 5 5 111 236 5 865 751 265 548 844 5 43 865 139 199 265 199 111 548 751 300 111 865 288 254 236 139 751 865 751 177 5 43 199 34 43 548 940 177 34 199 865 131 139 254 623 300 844 751 288 199 650 177 865 236 788 788 34 788 844 548 288 548 751 265 131 844 111 43 751 199 650 131 650 236 751 265 865 236 131 236 5 139 34 34 265 131 865 139 199 177 288 288 288 300 288 548 111 844 865 177 300 5 5 751 43 5 865 254 548 865 403 300 177 288 199 111 34 650 788 300 265 254 111 865 403 177 43 34 403 199 844 548 844 43 236 199 5 265 650 940 34 199 788 288 650 43 34 751 43 265 300 139 403 139 548 751 236 288 844 548 139 131 5 940 300 403 288 865 236 254 844 236 265 199 265 288 623 403 139 403 548 43 844 940 5 650 177 177 623 300 265 300 5 788 548 34 254 34 177 300 940 403 43 300 940 177 111 265 865 139 788 288 865 177 403 844 236 111 650 111 34 236 199 34 403 403 548 177 403 265 788 548 788 236 254 940 236 940 844 650 199 34 751 43 177 43 751 650 236 548 288 199 199 265 940 265 300 300 236 623 623 940 844 300 265 236 788 111 844 300 403 43 844 111 236 623 865 34 548 5 199 34 623 43 177 43 788 403 265 254 111 111 34 5 265 940 177 403 34 34 288 5 751 300 43 788 177 865 403 5 43 751 43 623 940 111 548 236 844 403 265 788 844 548 5 131 43 865 34 177 844 548 177 254 288 751 43 265 751 43 788 177 548 43 43 236 199 254 650 623 288 788 788 865 265 111 403 43 111 5 300 940 265 177 34 788 650 288 34 403 865 548 177 844 623 788 5 788 34 43 43 254 34 751 751 111 751 43 548 788 623 5 131 34 940 236 177 236 288 403 548 131 788 265 111 650 650 111 751 788 265 139 548 5 139 623 548 788 177 34 288 131 844 940 844 139 751 43 177 34 34 199 254 111 5 265 139 254 300 844 788 623 548 865 139 254 34 236 548 254 199 844 300 254 177 265 43 751 288 650 865 177 177 300 34 788 300 254 131 5 254 623 236 865 139 403 403 288 5 751 131 5 940 623 788 788 623 650 5 623 300 788 403 131 5 265 199 43 623 300 403 199 288 43 844 548 940 650 5 34 111 236 403 403 199 548 199 940 199 751 34 288 265 844 177 139 199 199 131 548 199 650 34 844 288 940 236 548 43 199 34 43 623 236 300 403 199 236 34 131 844 403 111 751 236 139 844 623 254 788 844 111 288 623 5 403 940 844 5 865 788 34 265 254 548 300 300 300 177 844 5 865 288 139 403 548 788 844 34 650 265 265 265 751 177 254 254 865 548 844 131 300 548 236 199 751 548 5 940 265 751 265 300 788 548 131 131 5 403 111 788 865 131 34 139 650 139 131 788 236 131 865 548 139 111 788 34 139 254 131 131 288 751 236 43 940 5 844 5 751 254 300 5 111 844 623 139 865 623 940 265 265 199 139 139 236 139 844 139 844 403 940 403 139 288 548 131 548 43 751 177 940 131 111 865 236 131 265 650 265 199 403 300 43 5 288 34 5 548 177 865 650 940 940 265 254 751 177 34 265 751 865 940 177 34 254 236 139 254 623 254 940 623 300 199 139 236 650 788 139 403 199 139 139 844 623 34 43 111 623 177 751 5 548 265 111 403 34 131 844 139 131 844 548 236 43 288 111 300 111 288 43 865 34 265 751 43 865 111 199 111 623 403 940 5 199 650 265 650 5 236 623 139 199 139 865 254 177 236 288 844 199 199 940 111 865 139 623 548 199 131 548 265 751 199 300 43 139 623 300 650 751 865 131 111 34 751 403 548 139 199 43 844 254 111 139 199 139 403 265 43 254 111 623 623 34 254 5 940 94 94 94 94 94 94 94 94 94 94
