15707 1000 1000
6 30 41 43 194 314 331 538 652 659 976 0
67 253 323 380 531 557 662 840 993 0
150 172 210 601 667 954 984 0
3 162 274 336 589 834 0
39 274 279 356 525 671 731 791 823 824 0
188 189 283 325 403 430 604 622 0
10 52 140 256 293 486 686 689 731 829 832 838 910 0
122 166 432 737 916 0
37 97 301 819 0
1 124 146 308 482 484 833 962 0
32 187 279 290 294 331 341 441 679 704 745 788 0
149 209 240 462 488 747 839 928 984 0
30 52 105 195 202 420 464 493 516 678 703 940 0
50 118 174 251 298 521 538 602 726 825 845 858 899 949 0
153 192 584 630 645 655 0
80 271 314 454 468 642 671 674 698 728 861 883 917 0
27 109 116 173 445 913 966 970 0
21 161 361 471 500 799 908 915 0
52 158 247 273 399 457 553 751 835 981 0
184 246 272 281 717 722 751 800 881 0
278 331 378 452 526 746 832 0
139 145 163 208 468 484 507 516 784 810 847 849 907 0
141 181 381 411 505 547 667 832 864 917 0
248 546 566 594 909 929 980 0
181 193 224 615 813 919 970 0
11 90 119 153 342 518 638 863 0
99 528 616 729 732 928 0
46 117 185 197 200 375 546 549 552 759 0
175 189 256 314 441 456 664 995 0
111 259 396 427 623 632 838 972 0
160 183 437 670 909 0
396 457 465 913 0
229 235 365 371 382 455 572 639 702 758 0
249 418 675 776 855 895 904 0
349 354 436 608 0
206 321 552 627 734 889 988 0
217 297 321 328 418 704 725 794 880 982 992 0
276 597 603 616 634 921 977 0
107 296 385 651 802 860 954 0
105 130 164 201 270 472 600 645 654 702 792 0
376 517 534 595 777 898 0
12 341 498 516 550 574 658 968 994 0
172 202 256 341 582 619 673 887 0
62 89 186 227 329 372 532 626 704 748 0
99 112 283 309 525 632 764 833 869 879 938 0
219 497 526 544 651 652 660 721 740 783 834 888 0
59 127 132 359 415 457 496 541 595 641 669 672 785 939 0
35 115 193 496 634 691 864 890 977 0
71 145 158 165 184 358 602 683 796 952 960 0
200 334 948 960 0
365 438 492 559 760 0
17 32 176 265 289 490 656 681 769 819 972 0
71 232 258 318 324 493 652 839 914 946 0
96 125 179 358 573 646 668 742 889 922 0
8 35 87 103 128 213 285 769 895 921 985 0
7 20 398 453 489 599 955 0
99 270 342 455 547 723 755 936 0
161 208 275 444 680 687 691 865 891 0
2 19 97 228 528 784 0
21 101 157 207 290 451 565 581 610 647 679 758 865 900 908 983 0
196 216 290 345 351 384 387 569 726 766 860 865 869 958 970 0
268 451 673 724 754 772 867 887 900 917 0
240 254 305 323 480 805 872 894 0
217 436 445 537 681 906 0
54 202 216 411 603 744 779 936 974 0
9 231 285 384 525 612 838 847 997 0
47 226 363 399 526 535 545 624 684 872 970 976 0
148 237 278 343 361 469 869 0
107 295 498 648 733 797 962 989 0
452 482 564 641 660 712 782 791 793 927 0
339 369 811 850 0
180 202 301 302 500 591 734 799 936 962 0
208 483 616 999 0
45 73 244 347 401 515 595 776 831 875 0
8 48 161 183 255 409 441 492 518 667 707 718 814 816 0
36 132 305 316 557 561 724 976 0
108 118 119 149 391 441 705 722 734 836 0
148 268 581 595 911 975 0
22 60 146 206 226 351 406 0
161 265 415 545 546 680 744 775 870 961 977 994 0
45 186 362 790 969 0
78 80 149 181 334 675 886 0
104 314 475 498 566 615 700 784 832 837 905 974 0
154 178 434 462 468 556 693 0
94 123 182 240 266 541 781 0
138 151 245 303 389 496 548 584 718 739 751 797 844 946 978 0
232 409 645 748 817 844 931 0
213 302 303 463 646 649 694 900 941 0
172 230 275 870 952 964 0
40 93 157 520 630 914 917 0
6 380 422 532 536 573 807 863 946 0
8 43 186 326 327 369 401 759 780 1000 0
8 110 239 340 609 693 897 926 938 973 0
4 13 83 135 332 344 443 0
66 77 121 182 188 286 288 387 513 539 554 568 629 871 934 0
1 29 207 250 291 433 442 521 694 840 0
119 134 138 247 802 945 0
38 243 354 535 749 821 882 981 0
38 128 178 272 330 484 492 529 695 705 998 0
177 215 469 554 909 0
324 473 524 655 666 672 795 857 873 0
35 45 99 408 413 728 837 0
275 410 639 667 765 809 865 930 0
43 216 502 772 898 957 0
16 125 234 290 591 655 674 832 845 857 923 0
50 151 269 297 338 343 416 548 761 775 801 929 0
89 130 226 238 266 268 510 519 672 700 749 886 992 0
17 155 390 428 491 0
7 382 403 555 601 753 780 789 812 860 0
93 113 127 539 647 793 806 883 924 966 985 994 0
26 47 177 383 481 523 624 848 890 0
379 405 470 565 570 790 0
107 248 307 392 604 679 786 839 842 901 0
141 273 414 458 517 631 710 0
201 544 728 835 917 0
76 245 398 423 511 854 887 924 927 957 964 0
73 140 270 294 362 392 591 647 654 967 974 0
127 222 246 330 337 600 748 0
490 768 783 834 892 905 0
126 132 165 218 225 253 428 595 717 802 804 925 934 0
66 69 95 217 300 728 0
141 197 202 644 836 859 902 991 994 0
16 19 220 275 353 390 432 583 677 936 987 0
80 167 325 415 488 565 768 825 943 0
1 518 666 733 898 927 0
96 187 557 590 689 0
27 30 88 203 515 593 603 0
25 71 208 251 361 399 568 573 603 638 741 836 961 0
139 248 392 400 489 542 561 626 718 747 814 0
55 82 101 130 151 162 182 439 563 666 688 703 758 774 854 0
29 170 226 290 363 403 756 767 952 0
155 205 301 369 539 553 589 677 805 842 904 0
170 172 204 281 316 532 586 901 994 0
47 77 106 144 207 0
31 124 482 622 624 733 823 0
148 210 264 340 449 492 950 0
157 376 560 564 756 881 998 0
129 197 211 575 596 682 743 785 0
272 292 386 396 442 616 659 774 935 0
13 28 64 84 344 359 361 456 819 949 956 0
441 451 733 910 0
338 415 456 519 567 688 778 900 965 0
308 410 526 585 680 0
136 195 213 246 291 532 0
60 165 422 494 587 824 0
59 243 254 275 367 462 464 467 477 740 819 937 943 0
54 219 374 402 475 783 794 825 887 896 905 937 0
5 51 140 177 350 611 711 866 895 956 0
227 239 417 685 873 929 935 953 0
120 157 171 282 489 853 901 916 967 0
154 171 490 658 723 739 754 932 0
121 162 289 294 533 540 576 738 790 835 895 0
402 720 879 888 0
417 432 819 843 941 961 0
46 187 237 326 431 459 556 566 626 780 982 985 0
501 657 701 703 882 1000 0
96 190 297 313 346 358 375 572 912 914 984 0
2 128 183 337 376 412 608 800 838 0
40 73 87 110 190 271 290 669 892 959 0
173 306 628 641 815 840 984 0
218 357 412 426 499 530 596 742 773 926 961 0
166 264 300 606 704 932 937 0
64 172 465 536 595 597 632 738 915 0
65 207 328 415 561 564 585 611 0
389 489 788 982 0
25 343 361 482 542 761 854 877 881 899 921 0
39 375 422 474 492 613 674 763 0
139 206 237 250 264 332 369 552 639 781 788 835 850 957 0
15 92 238 305 355 492 526 581 589 707 975 977 0
62 145 154 293 511 514 527 624 643 730 782 843 0
102 137 161 170 332 598 856 943 0
263 274 331 356 434 467 497 500 530 535 741 897 951 0
39 380 426 621 730 770 874 996 0
277 320 327 341 488 568 587 613 618 641 719 739 0
160 183 244 295 352 586 695 718 796 0
15 131 309 453 455 457 537 690 941 0
72 89 210 216 318 378 439 679 687 857 0
164 402 656 663 686 689 694 738 750 858 0
63 185 319 423 433 687 884 984 991 0
5 116 136 172 189 241 590 600 878 0
27 219 220 346 371 474 610 682 871 0
243 328 398 549 585 801 853 0
88 150 276 385 463 471 632 787 877 0
80 485 507 577 588 676 762 827 0
55 116 333 439 448 574 964 0
43 64 75 79 264 442 529 766 778 873 0
82 181 291 427 649 789 904 0
149 165 191 273 368 672 730 772 0
242 361 385 407 591 614 681 797 0
75 164 185 552 580 909 982 987 990 0
31 206 544 599 664 683 0
83 666 742 757 778 940 0
288 602 680 818 929 0
157 281 299 734 922 947 0
19 99 201 627 925 964 984 0
200 643 716 719 734 799 855 896 949 0
5 343 364 441 534 841 843 0
70 76 98 99 166 168 187 384 461 532 629 0
33 49 86 121 257 454 482 614 721 745 863 955 990 0
191 195 292 301 375 581 604 945 0
21 33 79 87 113 339 425 646 703 773 910 978 0
53 106 207 211 256 537 575 634 789 976 0
194 402 426 506 677 736 924 969 0
412 447 453 511 628 877 894 0
130 147 174 374 445 447 565 731 824 887 894 980 998 0
109 128 214 337 413 465 470 730 772 858 951 0
90 293 363 410 439 572 672 673 717 724 785 823 839 0
221 270 289 523 559 635 650 675 730 914 0
83 122 233 241 336 427 480 486 744 791 963 0
35 106 140 154 254 349 506 629 0
12 34 215 416 454 657 983 0
187 273 304 345 399 580 659 794 830 0
137 179 269 885 0
196 450 499 668 685 733 891 972 0
51 124 127 255 419 698 756 762 943 987 0
52 332 439 465 484 927 0
133 324 332 404 412 452 502 600 762 767 799 963 990 0
433 573 590 622 669 815 940 0
218 227 251 273 446 522 556 599 626 638 695 754 755 759 959 0
49 240 282 290 320 349 497 586 720 829 848 0
26 54 190 287 338 372 379 391 450 854 903 0
42 46 102 166 349 557 617 620 658 668 776 831 0
17 60 70 118 199 310 348 359 795 0
106 230 271 696 792 968 995 0
89 253 424 435 448 533 571 576 604 0
557 571 810 817 0
136 258 282 431 586 802 874 911 924 967 979 0
18 88 118 351 576 769 777 784 812 0
618 633 639 864 924 948 0
103 269 319 695 740 752 0
65 101 178 195 214 809 873 918 920 989 0
43 117 131 206 234 426 876 0
144 270 314 413 446 479 757 939 0
120 135 501 605 625 629 686 806 843 844 852 906 908 0
123 233 475 543 591 596 701 0
104 164 341 425 616 630 665 795 0
47 189 194 212 322 433 441 727 732 935 945 963 0
67 222 503 527 573 722 946 973 0
10 53 79 250 283 518 685 752 898 899 905 942 0
71 129 553 871 0
13 17 96 238 768 979 0
85 155 189 231 249 513 641 654 752 768 792 857 859 873 908 0
51 148 396 499 788 792 961 0
42 118 291 430 437 467 717 747 774 0
7 145 230 476 637 672 858 986 0
193 234 358 459 464 547 642 679 730 782 940 0
267 298 393 466 551 581 760 0
56 137 172 253 483 600 632 712 739 786 921 0
308 361 601 701 736 818 890 892 0
14 127 146 248 278 360 486 647 698 802 0
150 255 312 488 542 618 811 865 922 968 0
12 264 417 510 541 617 763 930 980 0
54 105 159 231 245 388 462 479 879 988 0
198 416 466 499 638 855 975 0
19 231 272 287 378 537 687 700 0
65 160 186 333 419 627 643 761 777 830 0
72 308 427 617 648 751 0
14 108 226 291 533 589 759 779 962 0
383 421 642 731 799 969 0
400 580 649 875 940 951 0
43 44 91 117 140 209 236 414 432 554 746 968 0
69 553 656 676 803 851 901 950 0
44 70 191 296 441 456 478 479 678 683 685 693 749 0
262 455 476 655 0
9 73 116 419 457 478 486 898 992 0
41 73 159 177 450 562 975 990 0
23 31 51 146 835 0
91 201 380 405 427 477 541 593 886 0
81 250 688 0
1 210 221 240 314 328 346 367 417 488 503 516 757 779 795 814 883 0
55 120 440 546 746 749 787 792 936 0
157 386 397 434 461 516 644 744 841 0
195 391 393 469 672 918 922 979 0
3 76 141 143 459 460 512 585 756 783 818 996 0
11 227 233 475 590 695 742 798 850 917 976 0
139 211 215 257 277 365 545 0
20 28 180 508 517 625 654 699 0
10 205 340 468 853 0
29 64 68 94 307 358 482 840 850 0
46 423 723 822 925 944 0
17 68 597 737 815 0
122 141 142 300 356 397 659 828 0
21 91 167 500 577 752 931 997 0
70 102 256 325 495 518 750 812 927 947 0
6 32 453 503 818 892 952 0
38 46 190 542 702 863 0
368 393 394 473 531 560 620 629 970 0
138 150 238 425 472 569 682 904 0
29 348 364 474 495 732 948 0
97 237 355 625 706 766 888 897 991 0
76 92 166 173 201 306 335 535 542 623 671 719 743 878 0
425 613 693 720 756 757 864 896 0
225 258 260 729 979 0
113 136 242 293 314 429 589 707 743 808 827 963 0
87 259 285 603 766 0
249 519 529 594 750 852 889 932 0
55 204 240 263 313 373 592 642 957 0
379 404 443 444 605 640 668 885 949 963 0
18 241 249 261 296 304 317 327 976 0
265 338 470 565 688 698 745 836 910 0
47 101 268 411 569 755 763 0
119 150 391 404 420 475 493 622 738 757 860 976 0
277 635 702 858 0
21 60 281 351 376 412 550 557 618 689 711 768 771 786 849 947 963 0
65 103 104 134 359 370 372 395 496 558 625 707 727 790 939 0
77 78 190 343 706 726 953 0
22 103 156 237 677 692 843 941 0
121 279 478 493 521 531 574 0
35 126 273 305 611 622 697 744 765 824 867 962 0
141 523 531 684 776 863 919 989 0
266 495 788 0
129 251 257 513 543 654 880 0
78 302 502 614 615 784 938 956 980 999 0
13 67 288 427 644 0
93 165 184 187 229 422 432 844 864 0
2 68 127 148 420 568 577 621 727 854 0
93 166 268 394 932 0
211 263 277 315 374 845 859 901 0
133 216 336 556 679 709 805 807 0
77 251 351 356 379 384 463 513 579 609 615 619 670 705 796 918 933 0
6 108 197 229 252 427 448 466 467 470 723 731 763 895 0
35 56 82 230 283 332 609 747 764 853 908 0
26 83 178 233 373 395 452 462 483 485 0
64 107 142 158 176 259 302 328 340 353 578 582 780 845 943 0
119 160 178 226 269 298 680 891 0
219 220 652 730 0
2 238 239 322 541 555 627 641 0
19 435 572 642 662 761 0
9 226 306 307 313 345 446 467 570 592 686 729 809 0
37 50 78 90 216 249 298 345 528 544 632 636 835 912 0
56 151 159 478 520 866 915 939 0
73 287 335 340 406 637 658 966 0
107 144 259 365 598 616 669 746 772 805 0
2 36 167 222 261 279 395 533 547 634 687 743 938 0
224 286 377 540 641 0
225 347 359 388 458 560 990 997 0
48 123 285 291 382 434 443 473 603 659 729 754 756 762 955 962 0
104 143 276 393 400 473 512 622 676 712 846 847 889 0
6 170 183 214 232 277 278 317 330 437 526 879 960 0
12 16 69 70 106 185 232 233 335 491 648 879 884 0
67 80 143 149 250 328 362 625 673 772 943 0
162 494 520 699 703 966 0
112 231 637 656 823 0
121 386 568 728 764 769 838 901 0
53 101 223 252 257 373 391 416 421 443 566 758 795 804 870 973 975 0
89 107 354 708 761 781 966 0
98 234 282 299 619 700 718 801 0
248 307 345 390 703 746 764 0
39 128 496 552 952 966 0
15 25 184 587 654 862 0
55 103 120 439 973 0
158 456 474 705 739 740 816 0
20 121 169 257 363 470 553 570 581 710 721 889 953 959 981 0
31 155 224 326 536 583 589 591 694 736 820 938 962 0
57 381 700 703 884 908 0
101 257 420 436 447 467 747 822 0
64 289 329 494 0
32 115 152 466 583 609 661 892 957 0
41 58 92 186 219 388 423 750 753 778 931 0
117 278 311 353 440 544 571 617 794 807 845 862 947 969 0
119 275 661 693 714 775 0
232 344 450 483 691 769 1000 0
203 365 601 606 848 920 987 0
122 208 787 818 907 0
44 290 299 341 461 479 820 967 0
163 259 844 907 959 0
1 28 554 584 623 745 836 862 950 0
34 117 123 167 232 273 510 609 864 941 997 0
112 414 421 643 674 855 0
274 278 326 328 647 748 891 899 0
50 84 237 247 271 650 708 0
184 792 793 831 905 929 0
280 288 303 387 598 604 609 631 692 724 770 882 937 992 0
27 31 126 336 351 381 424 451 708 734 0
147 158 183 368 370 425 608 736 894 925 0
29 70 173 828 968 0
9 279 648 677 709 801 827 0
34 80 105 134 305 604 759 0
129 157 379 518 569 668 862 0
252 430 665 735 895 0
93 122 147 221 248 311 623 690 0
94 176 221 228 295 317 395 434 576 593 684 733 751 0
48 214 387 624 745 767 810 831 841 0
198 208 316 346 838 0
102 107 191 250 398 560 603 0
77 355 372 385 411 495 803 859 990 0
51 95 296 304 359 442 469 472 776 852 0
11 770 886 916 0
392 470 690 830 946 0
85 431 525 569 910 0
183 203 222 788 0
42 175 192 521 541 633 691 713 838 0
103 373 691 881 936 970 0
61 323 344 399 408 423 508 516 609 913 941 960 0
4 29 60 67 123 178 593 787 900 0
63 92 224 346 485 497 673 705 797 0
50 171 273 317 322 356 416 564 683 755 0
423 550 580 694 811 879 881 0
87 139 224 541 581 759 848 0
372 451 590 631 650 686 721 809 895 919 985 0
581 626 690 725 897 0
95 218 270 329 820 823 0
103 356 386 617 629 668 810 0
20 243 382 393 508 596 652 658 681 881 995 0
8 173 252 253 493 520 613 751 785 820 822 0
181 314 538 602 709 714 732 821 893 0
22 203 315 390 517 790 835 875 0
107 176 403 449 556 619 910 911 0
255 320 479 657 771 0
59 115 355 356 379 431 674 681 918 0
105 242 252 272 480 678 908 1000 0
66 73 86 210 219 238 246 411 696 735 942 0
136 209 237 285 527 670 730 785 986 0
195 388 399 443 444 485 840 0
85 166 337 578 600 669 793 795 796 982 0
3 55 115 149 234 323 325 327 340 351 539 542 623 746 813 941 987 0
24 86 192 699 724 742 871 0
29 396 462 622 784 823 888 985 0
28 202 287 296 388 407 418 466 500 527 577 646 658 682 689 866 969 974 985 0
139 228 353 452 642 934 0
92 140 346 362 366 607 663 0
5 170 174 315 417 428 0
422 488 544 586 827 944 977 0
40 67 223 241 476 491 638 837 847 0
2 84 245 271 389 830 848 905 916 0
229 540 562 601 643 652 693 855 0
165 607 675 714 875 889 967 0
86 222 244 250 439 698 0
162 297 356 662 792 874 917 929 945 0
26 253 316 418 473 525 549 0
131 160 251 594 608 693 767 974 0
203 219 261 313 342 470 493 554 595 625 654 844 849 0
169 229 296 544 761 768 772 849 979 0
2 293 309 319 535 552 554 633 657 773 777 875 934 0
55 57 90 395 505 543 753 872 944 996 0
56 67 201 220 370 396 507 599 622 700 842 871 946 971 0
182 222 287 358 380 511 512 696 949 960 983 0
67 116 153 160 212 348 734 745 815 822 973 0
28 125 278 408 647 713 828 0
112 121 341 477 513 558 641 646 680 728 0
159 209 645 716 786 827 0
263 627 706 0
5 33 53 156 209 244 245 373 514 587 640 741 761 763 888 912 994 0
151 175 203 322 671 873 0
54 329 411 414 458 476 501 571 635 680 770 868 928 0
27 207 262 265 415 469 505 515 533 843 0
44 106 211 339 463 726 903 935 966 0
211 220 278 354 841 921 932 0
175 365 475 779 787 869 0
134 164 394 575 706 722 924 992 0
15 63 110 129 284 334 371 570 641 773 961 964 0
130 222 251 276 576 601 637 742 791 875 0
26 79 207 253 263 382 643 765 787 803 872 876 928 0
90 126 218 246 258 336 644 840 919 999 0
102 109 178 199 411 446 451 624 631 0
38 127 131 312 704 802 835 886 958 998 0
390 465 657 702 808 0
92 443 507 514 709 740 743 747 903 0
297 310 538 559 565 639 706 838 876 0
114 116 202 346 413 784 924 0
47 245 474 638 903 913 0
222 406 414 496 534 582 732 0
47 104 205 331 335 455 613 794 821 881 947 0
152 153 282 352 413 489 515 0
9 29 100 221 223 495 596 795 0
157 227 270 451 496 531 737 752 0
16 194 208 292 307 401 574 593 607 766 767 805 905 923 0
283 325 431 613 687 0
68 184 215 254 305 435 581 641 719 741 972 0
145 164 170 583 674 720 850 900 958 0
3 47 498 503 726 777 798 846 883 0
89 145 235 259 292 358 398 504 567 936 996 0
38 50 51 247 258 299 364 382 483 565 578 731 897 0
187 471 522 535 598 839 880 891 0
158 181 234 338 350 357 408 590 610 670 793 0
32 46 96 100 121 143 497 560 701 802 960 989 0
33 131 295 738 744 806 898 0
213 286 339 543 563 785 824 841 0
158 177 309 650 798 0
36 163 177 188 366 376 437 501 576 849 852 0
17 108 363 549 582 599 952 0
71 322 362 448 938 943 0
188 402 656 781 797 990 0
110 114 198 398 405 456 553 599 629 745 875 0
131 409 572 721 0
166 485 506 659 837 946 0
62 66 74 145 272 634 810 864 0
150 242 283 326 359 617 811 0
160 264 334 345 373 424 459 485 586 599 680 685 739 767 0
48 493 505 519 521 597 725 828 855 876 909 972 0
248 280 319 413 638 849 904 0
96 182 379 597 628 747 857 872 0
404 632 694 856 0
48 220 256 285 403 874 978 0
143 159 306 310 695 739 793 826 898 0
45 105 216 284 531 570 593 704 717 797 861 968 0
113 130 178 318 630 661 674 776 893 0
223 272 737 852 888 0
220 245 311 321 342 385 454 475 555 686 711 747 758 928 998 0
32 48 233 265 435 467 481 750 795 885 952 974 0
39 162 312 650 769 0
386 389 505 514 961 984 0
18 249 261 298 530 699 712 723 738 804 0
62 88 147 355 427 449 499 704 741 875 922 954 0
43 60 155 160 435 518 529 562 772 796 0
15 52 122 147 496 559 829 0
187 375 526 573 596 620 695 748 765 866 0
137 383 454 552 654 720 964 0
94 683 988 0
129 186 228 229 244 632 774 855 0
54 96 252 359 407 420 832 0
2 70 213 246 409 453 466 476 530 582 645 957 0
104 106 130 338 566 646 841 921 923 0
82 352 366 434 527 568 800 909 0
142 252 511 551 568 677 726 748 0
11 19 42 99 168 242 598 648 657 672 684 721 741 789 928 0
205 409 473 722 742 948 954 957 0
33 168 274 283 397 770 950 951 982 0
13 312 422 537 705 841 844 846 954 0
387 524 542 597 887 0
179 334 717 846 0
24 59 203 289 374 402 406 471 622 637 707 998 0
140 212 359 400 528 600 666 667 690 702 922 0
440 571 894 918 975 995 0
137 148 196 370 447 468 536 548 968 987 993 995 0
202 671 727 902 0
54 99 132 257 269 303 541 560 747 0
23 72 74 295 512 687 790 792 810 872 907 0
255 279 371 456 824 890 979 991 0
26 193 292 443 592 602 0
45 302 439 710 722 767 819 862 867 965 996 0
2 185 389 753 834 900 0
15 310 350 572 584 775 825 879 886 989 0
74 193 433 632 651 967 0
236 239 417 470 599 648 700 763 848 952 0
81 225 299 538 619 862 0
15 104 289 349 767 842 920 985 0
391 490 505 518 533 986 0
84 403 714 922 0
79 85 154 207 281 312 417 629 667 0
86 573 729 814 839 861 880 0
48 55 233 320 396 667 810 867 0
249 314 360 378 447 523 541 591 806 842 907 980 0
13 134 204 333 448 520 743 750 820 887 0
27 70 125 126 171 240 258 443 453 457 575 594 673 830 912 977 0
22 114 153 193 220 306 408 500 549 0
125 326 360 372 384 509 687 748 965 0
199 233 547 778 799 847 0
55 85 114 150 169 422 559 618 672 924 0
37 208 321 468 707 786 850 969 0
30 412 429 498 605 729 0
40 41 49 430 483 771 803 816 861 0
20 237 282 652 729 790 865 897 0
20 156 493 498 661 717 737 922 0
73 112 261 442 445 645 0
300 424 571 648 710 803 852 902 906 964 0
171 349 370 533 681 696 847 868 930 986 0
1 269 372 380 464 785 983 0
4 14 28 50 284 286 404 525 533 535 597 865 0
19 72 261 421 477 513 690 948 0
120 309 365 484 597 720 786 860 964 0
154 336 397 445 550 624 970 0
3 72 196 447 0
302 303 407 561 566 725 831 834 853 960 0
51 124 348 390 446 808 0
60 81 124 200 210 291 366 372 453 479 918 0
63 158 197 293 313 331 615 702 771 824 993 0
17 140 505 573 580 0
10 287 557 662 724 911 914 938 0
9 30 37 165 174 350 428 466 472 578 676 856 872 973 0
219 224 285 779 893 0
8 56 317 430 512 542 876 899 0
88 133 206 280 450 644 695 710 0
95 180 292 350 509 628 694 819 839 916 944 951 0
98 315 361 486 490 665 736 811 904 915 0
194 276 315 385 488 594 826 839 971 974 0
155 451 636 778 921 965 976 0
217 316 718 841 877 955 0
81 388 464 934 0
58 84 192 469 517 528 628 758 857 864 883 895 917 0
37 213 308 398 605 607 701 919 932 1000 0
13 216 544 598 670 872 877 881 890 999 0
69 220 262 326 408 615 741 752 892 916 0
192 206 217 297 383 501 524 604 800 819 0
441 582 698 813 935 0
181 252 267 383 407 425 544 590 605 727 752 914 980 0
62 189 309 332 371 497 779 894 933 940 0
179 441 483 489 595 615 636 664 705 0
3 193 304 310 468 548 630 635 659 726 761 771 836 987 0
250 447 477 535 662 672 0
318 343 466 905 987 0
30 85 421 446 475 478 649 808 919 0
94 240 247 267 360 489 789 800 0
155 161 322 348 364 619 834 917 0
27 182 205 212 369 676 705 803 811 865 0
56 230 576 621 958 999 0
4 40 97 145 186 308 365 445 663 783 913 0
414 745 948 993 0
31 72 150 171 306 312 446 454 778 887 0
413 416 459 511 866 0
153 200 564 661 905 0
286 461 465 566 605 963 0
132 295 331 333 436 657 866 885 969 986 0
89 137 422 466 511 578 596 993 0
74 304 331 359 491 556 862 994 0
80 216 224 356 579 0
54 63 152 295 416 446 625 728 733 794 948 0
169 276 315 401 601 606 624 724 907 977 0
62 65 75 314 395 442 480 489 583 667 756 761 782 783 834 967 0
88 120 159 196 271 289 434 447 525 711 743 757 800 0
90 101 471 494 655 687 893 0
16 81 352 429 508 721 749 750 777 868 0
11 24 146 197 198 279 304 462 574 650 725 943 950 0
58 454 791 992 1000 0
167 712 831 891 901 968 0
22 43 124 284 447 491 603 847 915 0
1 83 172 263 350 456 906 916 933 941 0
71 83 93 335 394 744 754 808 0
87 132 471 495 523 534 551 767 861 920 966 0
231 351 377 395 614 640 665 675 823 911 998 0
74 212 524 547 558 689 714 754 773 791 0
50 360 381 462 520 527 605 0
23 109 195 324 354 616 755 779 988 0
302 354 363 421 437 497 534 623 642 0
17 212 309 611 863 0
137 263 388 462 514 844 0
35 139 274 344 665 695 736 749 884 0
33 64 274 399 407 438 741 848 861 998 0
81 275 312 335 448 652 700 802 833 900 902 0
117 377 474 605 651 711 762 771 0
113 282 290 365 416 501 507 513 697 766 799 866 992 0
271 281 433 521 556 933 0
37 101 142 169 204 308 533 717 732 0
91 115 148 344 352 526 878 933 0
400 633 819 821 983 0
41 167 179 325 354 369 439 446 487 576 592 597 862 896 959 965 997 0
76 92 518 521 768 824 903 936 964 0
36 126 158 559 578 919 935 979 0
20 100 479 704 741 793 996 0
323 391 421 512 674 735 803 805 896 899 0
610 620 677 0
25 291 411 434 548 652 664 711 755 765 0
13 94 123 270 376 403 494 500 613 765 785 985 0
186 221 346 443 452 574 621 945 0
37 155 176 308 370 783 878 934 0
53 161 242 263 638 727 793 845 870 0
116 175 183 509 811 829 0
131 231 258 316 457 536 699 756 865 980 0
56 152 273 281 338 480 585 634 660 787 805 877 0
176 229 504 592 869 0
129 174 200 205 402 440 455 636 735 942 943 962 0
42 84 127 128 154 163 236 355 438 452 522 552 626 667 697 739 851 882 884 0
279 374 569 617 698 0
52 156 247 516 564 0
259 412 426 488 530 539 545 589 663 789 845 871 0
5 188 209 605 623 635 647 653 705 774 878 0
192 242 284 366 546 788 0
20 261 350 480 582 735 0
54 74 96 179 217 247 253 339 405 510 762 850 901 0
181 227 371 410 539 713 0
17 46 57 157 375 413 415 519 783 835 0
167 265 288 344 375 407 456 587 778 0
15 200 413 797 958 0
492 516 536 555 803 806 812 851 902 944 0
70 247 339 400 627 631 697 702 753 796 833 897 913 0
63 224 291 350 360 397 508 550 570 575 646 671 748 867 0
24 215 388 692 739 741 883 937 949 997 0
82 189 472 540 549 668 790 886 971 0
91 135 136 142 239 242 334 344 368 418 464 616 719 733 775 841 849 964 0
265 327 551 601 816 827 829 856 0
21 95 194 235 324 343 659 756 0
173 174 223 267 547 557 633 690 801 843 882 0
195 240 254 394 532 0
47 210 223 255 390 585 603 621 683 722 849 952 984 0
40 108 142 198 297 383 854 896 0
15 184 215 353 500 560 783 0
159 196 238 318 328 610 959 961 0
26 27 100 111 171 202 223 513 517 650 691 729 796 0
153 297 323 397 533 679 725 0
141 145 263 404 431 503 806 0
33 104 269 405 845 0
40 72 105 210 254 263 399 467 505 552 799 934 0
62 275 480 491 545 722 731 884 0
9 85 259 293 419 514 540 580 716 828 855 992 0
45 127 446 591 678 720 894 971 997 0
124 168 284 350 454 507 615 645 768 857 910 0
99 125 167 453 748 765 770 800 865 872 877 0
57 76 146 252 257 428 499 697 785 789 826 0
36 82 93 185 450 510 527 530 699 784 800 853 0
61 115 123 172 239 383 420 479 504 571 575 601 647 698 824 890 950 0
30 45 173 217 883 0
174 186 199 615 636 724 914 955 0
66 154 280 334 440 517 626 666 869 931 0
54 102 115 209 213 500 512 639 681 996 0
385 472 699 723 744 793 847 937 996 0
16 159 190 507 605 868 892 935 0
366 371 428 442 549 567 604 636 845 853 915 927 992 0
9 70 138 284 317 442 498 612 680 921 930 0
137 268 334 514 931 0
49 85 100 122 321 369 391 697 729 852 954 978 0
242 269 415 627 832 938 0
53 250 340 550 601 643 656 880 0
132 399 553 579 731 892 977 988 0
156 185 382 404 442 610 707 812 951 982 0
74 300 440 631 648 940 0
79 322 347 608 856 980 995 0
77 112 173 338 448 508 606 719 877 888 0
40 294 324 424 462 523 805 856 883 929 0
177 308 323 378 397 415 499 580 822 961 0
10 205 295 506 574 882 999 0
104 216 278 384 758 854 926 0
61 82 249 304 431 485 577 940 0
21 121 201 354 401 477 582 698 928 945 0
41 71 86 87 201 631 749 780 0
135 144 322 337 358 458 644 744 812 951 970 0
10 131 327 541 604 657 718 751 861 899 0
148 318 331 340 411 635 653 686 994 0
85 104 129 264 306 366 373 0
1 349 450 640 785 829 855 971 0
139 177 185 239 283 320 388 408 515 699 814 953 979 0
144 482 625 669 723 763 820 909 0
116 355 371 374 451 549 625 638 640 0
120 126 312 323 366 386 442 486 487 557 642 996 0
117 147 377 504 717 784 797 951 953 0
36 165 418 593 701 780 916 978 0
149 526 710 720 980 0
76 194 219 383 464 528 561 648 894 0
3 5 207 409 429 677 736 872 934 0
65 97 197 225 274 450 553 559 580 799 811 817 944 0
65 204 404 457 549 830 941 960 971 0
89 171 196 226 429 0
218 313 453 739 794 0
221 421 800 989 0
162 563 683 901 930 0
74 126 271 410 436 438 477 492 502 759 798 861 0
111 266 296 438 503 842 859 0
174 225 258 270 376 759 1000 0
16 211 229 246 326 329 335 411 687 699 738 808 960 982 0
551 618 655 697 732 927 928 983 0
35 126 176 327 451 526 655 0
23 229 331 529 602 722 955 0
167 200 206 435 585 683 768 932 0
72 110 145 318 389 492 545 553 669 712 775 0
48 190 482 558 816 981 0
100 234 238 515 529 580 675 735 978 0
75 122 262 276 382 567 629 864 876 901 0
73 338 487 559 608 610 718 0
63 142 262 395 475 704 711 742 955 0
33 79 195 802 842 944 991 0
126 280 301 372 401 655 842 881 911 931 0
7 651 806 836 843 975 981 0
95 174 377 518 712 761 776 911 0
232 256 273 353 646 746 800 840 869 0
11 77 254 503 546 571 576 590 879 0
253 277 280 433 444 458 511 713 946 0
103 197 242 493 504 536 788 893 908 989 0
106 173 363 382 461 569 585 722 0
324 559 568 719 721 0
44 63 147 326 375 651 0
117 598 600 762 928 950 981 0
6 408 769 0
75 268 544 703 726 993 0
31 179 203 445 545 981 0
47 73 379 395 480 546 657 858 909 982 0
72 215 290 390 467 673 769 827 0
10 11 81 239 287 445 587 664 719 873 0
235 364 495 530 594 665 855 866 978 0
6 153 203 318 444 714 852 994 0
75 109 217 291 350 635 827 955 0
149 288 297 454 463 597 836 838 942 945 0
193 225 364 398 502 517 830 858 0
42 66 265 559 957 974 981 0
174 224 281 330 482 535 558 750 773 882 890 931 987 0
42 114 195 329 390 494 519 640 689 888 0
474 563 616 781 820 889 0
68 106 251 372 387 579 602 787 832 861 879 0
14 19 123 204 254 272 287 305 476 531 570 628 846 858 0
82 192 436 497 892 935 0
113 166 311 345 444 517 726 936 0
44 417 477 693 899 921 0
119 286 288 360 375 491 644 0
344 406 440 573 579 637 731 733 787 909 0
105 113 190 558 724 820 882 906 969 997 0
112 143 548 649 683 942 998 0
27 39 115 116 351 583 784 920 0
34 80 125 328 344 345 696 716 730 910 991 0
146 470 503 681 711 726 0
281 354 460 465 522 554 939 0
318 336 602 753 759 801 896 0
2 19 371 386 496 523 540 693 780 834 851 858 0
83 91 123 167 426 630 678 888 930 0
223 283 311 435 839 936 988 0
87 118 211 224 295 535 596 626 686 824 874 0
34 436 0
223 272 477 507 649 734 961 0
164 222 254 379 410 476 538 540 569 843 853 895 902 0
28 81 112 136 235 264 436 481 618 879 0
144 173 369 418 488 554 571 594 681 700 776 0
191 204 352 481 595 701 714 737 749 857 877 937 990 0
83 179 202 268 458 567 591 612 696 873 993 0
236 286 503 631 653 777 0
206 213 302 310 311 485 612 634 846 0
286 427 494 548 565 599 613 619 787 883 0
39 368 525 594 624 736 890 956 0
25 36 332 343 444 662 0
374 473 524 746 768 884 937 987 0
56 80 397 435 620 635 780 815 820 908 0
34 72 88 487 509 662 790 0
32 81 311 589 591 772 0
8 22 461 680 836 859 871 950 963 0
27 185 208 255 599 814 0
76 210 333 463 479 602 609 852 958 0
48 181 510 586 611 711 737 830 889 926 942 978 984 0
79 262 309 412 543 856 867 902 0
97 130 333 422 506 729 746 863 960 974 0
96 128 196 235 248 315 362 418 456 467 587 622 766 993 0
38 59 393 412 489 546 557 562 614 620 640 811 951 958 0
20 82 502 602 756 982 984 0
304 468 531 612 762 0
14 16 82 116 125 640 656 685 735 763 797 839 932 0
79 128 165 168 280 322 415 470 732 806 816 857 885 0
150 248 277 278 486 751 818 831 897 924 1000 0
192 397 419 453 473 577 773 0
59 100 280 321 325 876 957 0
58 154 215 433 660 713 930 950 953 970 986 0
11 133 214 246 409 425 429 487 676 805 0
254 461 691 835 891 926 978 0
31 40 136 188 364 563 565 589 714 0
49 52 422 472 556 624 637 677 710 830 850 971 0
142 276 317 389 473 505 528 625 737 932 0
24 71 133 180 361 539 619 880 937 942 0
50 182 223 320 500 530 551 686 705 743 786 0
90 236 336 580 617 715 753 797 0
5 16 32 62 525 795 850 874 0
25 508 539 619 650 669 0
156 373 719 764 809 965 0
15 49 156 176 209 394 445 448 716 813 0
935 968 0
180 183 215 268 313 634 648 0
238 255 299 676 695 707 752 796 942 0
11 23 62 77 190 197 264 284 546 567 593 0
164 336 490 519 696 720 798 894 983 0
445 490 567 595 658 828 930 0
38 238 363 377 406 438 481 486 778 867 915 968 0
128 153 568 769 829 893 0
45 119 159 306 413 478 821 849 924 980 983 0
210 258 268 434 582 609 682 699 808 837 918 965 996 0
22 35 131 237 548 967 0
28 164 182 188 436 586 887 943 0
46 423 425 520 524 609 694 786 885 958 0
125 496 506 529 590 764 935 0
97 197 593 772 904 915 0
128 209 214 248 514 572 727 836 898 999 0
87 214 250 320 327 429 448 513 596 690 977 0
12 179 285 358 419 737 894 994 0
11 61 186 200 287 352 524 607 728 0
108 176 262 634 786 910 920 0
56 108 488 778 791 851 875 0
30 208 282 386 461 532 657 684 0
429 825 0
13 226 230 397 639 688 795 893 0
7 332 349 465 748 0
487 495 516 578 745 896 0
42 68 368 431 517 520 527 616 620 755 812 940 975 0
10 34 367 452 740 757 0
146 213 280 617 634 742 775 890 925 937 983 0
25 133 137 213 546 671 754 856 913 933 0
185 190 483 558 578 715 854 0
235 366 502 685 745 953 0
74 75 188 345 438 628 697 755 876 0
51 257 553 802 975 991 0
133 416 427 502 581 655 684 727 922 0
125 175 376 389 558 712 757 792 942 0
404 423 608 697 821 858 963 0
287 310 664 0
3 67 71 240 383 426 577 700 848 0
100 225 232 338 393 483 640 860 0
81 114 171 233 305 381 520 608 647 710 758 869 876 888 954 0
28 192 356 796 907 0
1 21 142 233 320 834 897 900 0
45 78 260 610 613 682 703 823 829 859 0
63 91 156 189 257 295 323 363 522 636 862 863 902 0
567 585 702 0
141 206 366 457 750 807 834 948 983 0
61 131 180 209 327 393 567 584 851 999 0
117 373 512 631 724 788 860 895 0
490 528 590 816 950 970 0
5 313 315 334 843 0
165 332 444 598 749 838 959 0
32 315 430 623 635 679 693 918 965 966 969 0
105 204 244 274 337 472 485 515 564 586 643 710 770 898 0
140 152 275 610 751 829 953 0
31 89 228 417 452 463 642 773 978 0
3 272 289 307 539 686 728 881 990 0
28 308 458 628 718 0
53 459 468 498 600 663 0
252 321 391 409 469 572 574 690 704 822 934 966 0
37 48 138 532 538 578 710 773 911 938 0
5 77 135 701 725 766 774 953 0
189 312 432 646 694 884 0
64 65 452 479 925 0
57 88 175 187 305 755 0
219 265 274 289 310 362 369 731 765 820 932 0
119 218 241 438 709 871 919 926 939 988 0
23 120 142 193 304 475 489 574 653 702 954 958 0
156 388 408 689 690 707 727 737 857 914 923 0
119 150 300 502 577 743 810 993 0
46 84 385 395 409 459 495 0
108 226 231 361 0
199 351 352 472 511 823 875 0
68 171 615 655 727 770 833 0
94 166 189 300 328 449 463 539 603 0
105 333 343 562 765 959 0
64 148 154 435 804 853 887 946 0
4 52 75 170 231 464 484 758 842 870 0
30 212 322 483 570 614 750 930 0
138 162 325 354 429 587 592 959 0
66 232 258 363 627 712 798 906 947 0
46 94 115 157 158 199 385 455 588 607 685 777 876 953 979 0
155 386 498 572 623 664 746 755 779 867 908 930 977 990 0
256 358 369 384 505 522 639 644 706 773 809 0
32 111 298 307 316 393 636 651 656 974 975 988 0
34 178 247 293 487 515 598 749 995 0
133 162 218 277 374 481 487 568 607 652 0
76 107 270 296 390 532 674 830 913 946 0
31 51 117 124 264 276 349 922 962 0
192 193 352 398 556 579 626 725 765 833 0
13 235 401 583 589 656 659 743 904 0
280 418 476 507 548 654 721 803 0
98 120 326 414 465 466 513 574 677 725 868 992 995 0
16 30 94 101 122 138 389 408 423 809 0
305 315 381 425 431 512 782 0
21 40 60 246 340 660 904 988 1000 0
68 134 347 538 945 954 963 986 0
59 256 420 444 0
33 109 182 458 471 473 619 649 736 803 856 967 0
52 237 265 309 316 367 409 438 998 0
465 509 626 780 790 808 0
51 52 89 283 434 516 811 819 942 995 0
140 284 320 327 719 735 826 854 0
12 149 267 494 661 910 938 0
66 147 153 521 808 954 986 0
67 83 178 324 499 606 638 878 0
49 751 813 971 972 0
45 138 255 346 360 380 458 543 639 650 685 801 890 972 0
42 77 127 318 377 398 443 752 822 0
429 565 678 733 736 742 833 0
42 289 485 578 859 0
107 109 132 147 215 439 440 670 809 866 904 0
177 330 527 754 0
58 249 311 312 521 701 709 723 988 0
124 155 162 214 379 554 570 0
179 207 329 572 632 707 808 969 0
336 357 373 404 543 870 0
124 306 407 430 450 463 484 542 562 640 713 757 789 939 0
410 676 697 711 844 948 0
20 44 97 139 306 343 353 721 793 822 905 945 957 0
106 613 627 635 649 723 779 940 997 0
311 342 376 383 490 511 637 670 862 0
9 43 57 120 282 497 576 792 951 0
172 246 276 353 364 502 588 606 674 744 763 775 0
84 151 286 296 552 654 810 833 849 871 959 0
26 133 205 293 407 438 471 555 627 806 815 915 976 1000 0
3 55 62 71 152 256 313 682 685 701 805 0
41 57 365 374 380 437 492 584 698 758 827 873 0
218 378 570 585 678 776 841 897 900 948 0
92 100 130 137 368 608 623 661 796 850 861 0
37 53 101 288 447 498 512 668 786 878 0
76 93 480 499 629 671 0
80 110 484 549 639 651 965 0
146 231 309 347 426 554 571 593 653 866 949 973 0
36 50 92 113 229 304 396 412 486 547 676 716 927 928 0
66 168 330 371 381 469 504 662 732 903 0
87 218 759 997 0
1 21 118 146 649 725 740 0
159 275 425 499 606 628 813 0
110 346 421 642 663 892 0
63 109 527 536 636 965 0
19 79 181 281 402 455 477 501 592 646 735 898 926 973 0
182 220 244 317 380 444 454 582 740 812 0
26 176 301 493 530 663 717 747 780 848 945 955 0
133 296 594 671 921 0
61 353 391 416 566 734 763 952 991 0
103 211 364 471 536 542 628 853 0
29 94 112 325 353 431 436 490 734 962 0
110 376 481 675 801 0
43 44 147 225 259 286 334 380 381 818 825 896 971 985 0
84 377 471 660 718 730 776 783 788 821 829 891 0
96 217 310 352 464 617 671 754 777 995 0
29 249 333 348 647 777 877 934 0
91 92 93 135 519 564 586 723 832 869 0
102 149 325 480 577 0
95 103 203 375 386 458 536 826 971 0
212 349 405 457 573 832 909 955 967 0
205 222 472 604 767 809 0
17 37 74 247 525 636 650 806 885 0
8 163 266 450 481 896 0
26 49 122 130 139 255 260 421 433 474 656 854 0
25 33 123 313 583 812 864 867 889 979 981 0
58 163 311 320 382 548 556 684 0
329 329 458 928 254 571 323 501 872 805 805 323 476 414 240 894 928 770 894 805 928 414 476 254 928 770 323 323 305 305 872 480 323 54 411 476 305 480 894 323 329 54 476 928 329 411 323 414 240 480 894 480 894 305 411 480 476 635 928 305 476 770 329 458 928 480 458 805 305 254 894 928 680 240 805 868 329 868 872 411 411 476 329 411 254 458 329 480 680 411 480 571 872 770 240 894 872 411 680 54 323 323 305 805 458 458 680 329 476 476 305 458 894 254 680 329 928 414 414 240 476 323 868 323 872 872 476 770 414 571 868 928 805 928 414 635 872 680 329 894 770 323 635 680 872 894 480 571 240 54 680 770 872 680 894 476 680 54 872 254 501 476 305 240 868 571 329 571 329 680 805 501 872 501 501 254 54 329 635 254 872 254 770 501 323 480 54 329 805 305 872 805 414 894 476 414 411 411 872 254 240 305 240 254 54 571 872 480 872 329 571 635 805 928 635 323 476 928 805 894 894 894 414 329 501 501 928 680 872 770 571 501 872 329 501 872 480 894 868 635 872 323 872 323 414 414 414 254 868 254 240 323 458 458 868 805 868 680 770 240 329 54 868 54 54 805 480 411 894 680 476 805 480 805 414 254 414 894 480 571 805 458 458 928 571 254 868 476 805 894 480 476 323 805 635 872 894 323 770 480 411 476 501 635 240 458 680 805 894 411 770 501 872 770 476 635 476 680 458 872 240 501 501 480 323 635 54 501 305 894 872 894 501 414 868 323 411 480 254 501 872 480 770 635 894 805 635 480 411 770 805 476 680 928 680 323 635 868 680 770 411 635 240 414 329 571 240 868 411 305 680 894 928 329 305 770 480 480 571 872 240 305 872 414 414 54 411 480 305 872 501 571 770 635 254 868 305 928 414 571 329 476 254 480 254 635 770 240 323 480 323 323 240 240 635 805 411 329 458 571 254 680 305 240 305 323 635 254 254 480 868 323 868 770 770 868 458 323 872 501 254 868 480 305 240 305 928 680 872 476 501 305 635 305 872 635 411 305 928 323 770 571 305 805 872 868 571 323 894 770 480 872 54 680 635 329 894 305 872 411 329 411 240 635 411 805 894 928 323 680 54 254 411 240 305 872 305 254 254 680 240 240 305 501 305 894 501 894 254 323 928 323 476 770 501 872 805 868 805 240 770 868 323 240 240 305 458 928 329 868 414 254 868 329 480 411 54 635 240 323 928 305 329 928 635 414 240 54 480 872 868 894 323 240 414 894 54 54 411 872 476 305 680 254 476 805 54 240 54 805 872 872 680 928 928 240 323 805 868 894 323 894 635 305 411 240 680 323 254 458 305 411 254 240 805 240 872 414 458 480 680 805 240 635 635 894 872 872 476 868 805 894 411 305 571 805 894 480 571 501 254 480 770 411 305 254 680 805 635 805 501 770 323 458 323 928 476 770 411 928 476 323 480 240 254 411 323 411 480 329 458 411 894 635 571 323 805 254 476 894 411 458 480 329 571 805 323 770 894 458 476 323 872 240 414 480 571 680 894 240 458 254 411 254 894 501 480 240 411 458 240 680 770 501 571 501 680 480 480 872 476 54 635 894 54 872 240 501 635 480 458 501 872 54 928 54 458 635 872 476 894 480 635 458 240 240 305 480 571 411 480 254 805 770 240 240 894 770 571 928 411 254 305 501 254 680 323 872 414 305 680 323 458 414 254 240 240 805 458 480 894 805 54 476 805 458 305 872 894 894 254 872 254 323 894 254 476 411 329 254 323 323 323 805 305 240 868 329 770 805 476 501 680 411 770 240 54 894 240 305 501 868 770 501 680 305 805 458 805 805 254 305 868 329 868 872 254 240 894 868 635 501 414 254 894 411 680 458 411 54 894 680 54 480 868 480 805 254 411 501 414 305 635 476 414 894 872 254 872 501 240 872 680 571 894 240 411 501 894 868 458 323 414 805 770 894 329 414 480 240 476 54 329 54 805 323 872 805 323 305 240 571 868 501 411 254 805 501 411 805 329 240 240 501 894 480 868 411 480 329 323 240 411 770 928 458 635 458 305 872 305 635 323 805 54 571 305 323 805 770 635 54 240 480 894 680 680 635 928 329 240 329 872 872 872 254 329 329 480 894 872 571 305 305 480 770 872 458 894 305 868 928 254 480 805 872 635 894 805 680 254 54 872 805 894 254 680 240 501 305 240 329 414 54 635 458 928 480 635 571 770 476 894 872 305 501 414 458 480 411 305 458 928 635 254 928 894 240 329 894 805 571 305 770 770 240 805 872 305 54 680 240 480 305 635 571 323 480 458 323 805 872 928 240 323 414 680 458 329 805 305 868 894 680 476 872 254 323 254 458 872 240 770 872 805 329 305 635 254 635 894 458 414 323 254 928 240 872 805 872 501 476 323 458 414 54 770 411 805 476 872 805 770 635 868 770 928 254 501 240 458 635 254 501 476 894 458 928 476 805 54 411 329 414 305 872 571 928 329 680 635 571 411 254 635 411 480 254 770 254 254 329 480 240 635 571 805 805 680 323 414 323 254 872 928 928 414 458 894 240 872 894 928 458 680 571 872 894 680 305 680 571 476 501 680 458 329 305 770 254 329 480 254 323 458 323 805 805 54 868 476 894 411 476 480 501 928 329 635 635 501 480 635 480 411 805 254 254 928 480 240 680 894 458 323 476 770 680 411 805 868 305 480 480 872 894 305 480 571 240 329 872 254 329 680 805 476 805 894 458 872 805 872 805 411 323 476 305 305 476 872 635 240 480 894 476 240 805 805 414 571 240 305 480 868 323 414 635 254 501 323 329 414 240 680 254 480 240 254 323 305 894 894 805 476 868 476 894 872 480 54 680 480 329 305 458 329 894 805 323 501 635 458 240 894 329 571 480 329 305 635 240 305 254 305 805 323 54 635 872 872 635 305 501 770 480 635 254 872 872 476 254 635 323 411 805 323 872 458 476 323 305 305 240 894 480 54 770 805 414 411 872 323 805 240 872 868 680 571 770 480 54 805 635 458 894 868 323 411 770 805 329 805 458 805 894 329 54 868 323 323 305 872 571 323 680 480 458 571 254 805 305 894 680 894 928 635 501 329 770 411 805 635 501 480 240 805 928 458 480 805 458 458 868 414 240 240 894 868 501 414 928 894 54 54 54 501 458 329 805 501 411 805 254 54 480 805 872 54 571 894 571 872 458 872 872 305 894 411 323 635 928 872 894 805 680 868 872 805 868 323 872 680 635 240 571 411 254 868 805 680 54 894 476 894 928 894 254 254 305 501 240 868 571 323 305 411 501 240 323 480 805 54 305 501 680 458 54 476 571 329 680 476 476 414 254 680 323 411 323 770 805 254 770 501 894 476 476 458 501 305 868 240 329 680 414 872 54 458 411 476 476 54 872 329 894 254 805 476 329 872 476 240 680 240 323 872 411 305 240 635 329 872 323 894 476 414 476 805 872 868 240 476 894 414 680 872 805 872 501 868 894 254 928 894 894 805 411 770 894 868 805 254 254 323 329 770 770 254 323 928 54 805 928 680 635 480 254 480 928 254 868 476 805 868 240 872 480 240 894 680 805 458 411 323 323 805 805 571 254 323 868 323 680 54 411 54 480 323 480 414 240 928 894 805 680 240 894 868 928 805 254 680 868 872 805 635 254 323 411 770 805 323 305 480 868 305 680 805 329 254 928 894 805 323 872 928 680 680 480 680 635 770 894 480 872 680 305 501 501 770 54 894 305 894 805 928 323 254 571 894 480 928 476 480 868 805 635 894 480 476 323 305 458 240 501 414 571 480 480 872 329 770 872 872 894 635 240 868 254 411 894 411 411 501 805 571 894 240 635 868 305 680 805 54 414 872 805 329 458 872 894 480 635 329 323 894 254 805 305 254 323 872 329 305 476 480 305 894 770 872 480 872 476 254 805 480 480 480 480 805 254 805 571 254 476 240 894 680 323 323 635 458 54 680 894 414 254 894 894 805 476 894 305 305 635 329 411 894 480 868 414 414 411 872 571 894 868 329 680 480 323 480 305 323 928 894 868 329 872 476 872 458 805 680 894 894 571 476 411 458 680 329 54 411 571 805 805 305 928 305 805 54 868 501 571 305 872 240 894 571 305 868 323 480 894 458 329 770 571 868 770 480 476 571 571 411 894 894 240 868 635 305 254 928 323 501 305 323 770 254 305 305 770 805 480 411 770 240 240 872 894 411 680 323 240 928 54 476 458 928 240 894 329 476 501 458 480 476 458 414 305 770 571 254 240 680 635 329 414 240 872 894 680 480 872 872 894 928 54 305 868 305 635 571 868 635 305 458 240 305 323 872 254 770 501 501 329 329 329 411 329 305 894 240 805 894 894 305 635 571 770 770 476 680 571 54 480 872 770 872 680 894 458 805 240 635 305 805 770 680 254 240 872 635 458 872 928 458 868 305 928 411 770 240 805 894 868 305 805 54 480 54 411 254 894 305 411 240 894 411 411 476 635 894 805 305 240 805 680 868 680 928 329 476 928 254 501 458 329 872 928 323 501 928 872 240 329 872 868 254 414 680 480 635 476 805 323 501 240 414 254 458 805 323 868 868 254 254 305 805 805 770 458 476 305 240 476 240 680 305 872 680 480 770 501 414 323 868 480 872 476 680 571 680 240 872 458 476 571 305 894 480 240 323 323 240 254 894 571 329 476 571 305 872 240 305 868 501 240 571 414 868 928 872 770 894 805 414 254 240 54 323 476 476 928 305 411 501 868 868 872 868 928 254 894 770 928 54 894 411 868 323 323 805 323 476 254 480 414 329 868 480 240 411 480 680 680 476 54 894 805 868 868 254 240 254 458 480 894 805 894 805 54 476 480 254 868 54 680 305 868 323 501 476 872 805 329 476 805 805 240 414 305 805 635 240 323 305 805 805 240 414 414 480 476 254 872 770 501 868 480 305 54 414 305 635 54 54 805 872 894 240 571 501 254 894 868 54 240 480 501 323 54 254 928 305 501 805 480 480 476 323 240 305 458 414 928 254 501 54 805 680 305 680 329 323 480 872 872 501 54 501 868 54 928 323 872 240 458 305 571 240 329 414 894 54 894 305 476 571 480 805 868 571 805 476 480 305 770 635 872 240 480 414 411 501 680 414 329 501 414 329 329 928 254 411 54 928 501 305 480 254 894 254 894 476 805 254 480 323 894 54 458 480 54 458 323 770 928 254 680 872 680 305 872 254 680 928 680 254 501 305 411 254 254 458 240 872 928 635 480 680 54 571 868 329 635 254 872 305 305 329 240 254 240 868 411 770 868 894 805 254 414 414 680 680 894 635 872 305 805 411 480 635 240 894 480 872 928 770 635 868 414 305 254 770 805 928 480 254 480 254 305 770 414 323 323 458 414 254 305 323 571 240 329 872 894 323 329 476 571 868 635 240 894 305 480 894 414 305 770 571 805 240 305 480 476 872 305 240 501 480 476 476 635 805 872 501 894 54 501 770 458 501 254 329 240 480 411 894 480 501 54 458 480 480 805 501 323 305 805 501 305 868 476 480 54 305 323 928 240 501 868 928 480 501 872 872 54 476 323 411 458 872 254 872 894 501 680 872 414 329 635 480 411 635 305 458 480 805 329 501 458 411 305 501 240 805 480 868 635 928 868 501 928 480 329 770 770 458 872 805 868 480 928 329 501 571 680 414 872 329 411 240 329 305 770 805 872 872 770 928 458 868 240 323 928 872 411 323 868 480 928 501 480 458 635 928 501 329 894 894 868 805 476 805 480 411 680 254 458 54 414 305 805 872 480 680 323 305 894 805 770 680 928 894 458 414 805 480 323 770 894 894 770 54 770 805 635 254 872 635 305 480 571 54 872 305 868 872 305 501 501 411 305 305 805 770 480 458 805 635 458 305 571 770 323 928 805 329 54 501 635 240 476 323 872 894 305 680 928 54 571 323 323 805 480 254 414 480 868 868 635 480 476 54 872 305 305 323 458 894 894 240 894 240 872 305 868 411 501 635 928 805 323 458 872 254 805 476 240 571 411 770 894 635 240 868 414 480 414 323 480 480 323 872 305 254 305 458 240 480 54 894 254 254 458 323 254 480 414 414 240 872 894 414 305 894 872 894 323 458 458 635 635 805 323 894 805 458 305 414 323 894 323 414 501 240 458 458 458 872 414 480 770 329 894 480 770 305 305 501 480 868 868 329 323 254 480 928 501 872 323 480 928 872 458 254 323 54 635 476 928 240 894 680 868 411 894 805 872 480 414 868 805 872 240 476 414 872 571 770 680 480 240 458 414 480 805 894 805 805 476 868 323 805 254 635 480 805 635 305 805 240 458 868 414 805 501 411 805 770 254 476 305 254 480 635 928 254 894 254 894 480 323 254 872 805 571 805 571 458 54 805 571 411 894 323 480 54 254 571 928 305 476 805 254 240 476 805 323 476 480 635 770 240 458 571 770 928 254 894 872 458 480 458 329 805 305 254 770 240 501 476 928 480 571 928 476 894 872 411 894 54 805 458 254 501 805 770 680 805 254 254 414 480 329 54 635 805 305 323 323 480 770 414 635 240 480 480 54 240 480 872 635 411 411 458 571 894 571 868 323 480 476 54 635 635 501 323 411 680 680 805 872 476 501 254 571 770 805 411 872 501 411 480 476 894 872 928 240 894 680 240 680 480 480 323 928 680 501 635 635 240 240 894 501 411 635 928 323 872 329 54 501 872 476 501 54 571 458 805 868 894 476 680 805 458 305 305 501 928 872 928 414 872 928 680 501 501 458 305 476 770 480 770 894 501 635 894 458 635 240 323 476 770 414 411 872 480 54 480 54 480 680 571 329 414 458 805 501 305 305 480 894 240 501 240 872 329 411 928 805 458 868 476 872 240 305 501 254 240 501 240 54 254 635 635 928 323 254 476 680 571 805 680 329 323 305 480 323 458 872 805 868 476 480 770 411 240 571 411 894 480 680 501 480 805 476 501 680 680 254 240 571 635 458 254 571 240 323 54 928 476 635 305 476 805 770 476 480 805 329 305 458 805 894 805 805 323 894 305 476 571 323 254 54 305 329 458 323 480 805 872 323 305 635 501 305 305 54 805 501 240 458 805 805 928 411 458 680 305 411 770 240 323 894 476 770 458 411 411 928 254 501 894 458 501 254 868 305 480 868 805 805 928 240 323 872 680 805 894 868 240 458 323 240 476 54 680 928 501 928 868 54 894 414 480 635 458 480 894 894 571 680 458 635 254 305 323 805 54 872 305 254 323 868 329 414 305 240 323 872 411 635 805 868 476 501 805 411 240 411 872 571 501 329 458 240 480 480 868 54 872 805 411 805 323 323 414 868 894 480 872 305 894 323 476 571 476 254 571 476 894 476 254 872 805 680 476 571 868 411 501 411 805 414 501 872 323 868 329 414 480 805 240 635 872 458 254 680 305 894 501 411 476 571 894 680 476 680 480 868 480 254 411 894 254 872 305 770 872 329 868 329 254 805 254 635 414 329 501 868 323 411 770 54 770 868 414 323 254 501 305 868 458 240 411 414 305 894 635 414 928 254 240 770 240 894 476 894 240 323 571 329 411 894 411 894 458 305 805 872 501 635 240 501 323 305 894 868 323 480 770 458 414 305 894 894 805 680 480 680 770 411 805 411 928 254 480 894 240 305 894 254 323 323 254 868 501 872 680 458 323 894 680 805 680 329 305 240 872 872 411 240 458 872 240 411 635 323 254 240 240 458 872 805 411 458 329 240 458 805 254 411 414 480 305 894 501 323 868 571 872 54 411 680 635 501 805 805 305 805 805 458 323 329 329 329 872 480 805 770 411 680 770 635 872 571 770 54 305 635 680 254 458 323 458 458 872 868 54 501 868 805 458 323 868 323 414 329 305 770 928 305 323 805 240 571 928 54 54 323 240 411 240 480 805 894 240 635 414 323 240 928 680 254 323 305 305 305 805 54 872 770 635 240 323 480 680 868 770 680 411 571 928 458 928 872 805 928 635 680 480 480 476 872 680 411 305 480 501 635 872 254 54 571 480 770 458 571 868 414 329 305 635 872 868 305 458 872 928 868 329 872 329 254 323 770 872 254 476 240 480 501 411 254 928 414 894 868 680 805 305 240 680 928 680 240 480 305 770 458 323 805 480 254 476 54 805 411 323 305 323 868 635 635 805 480 476 254 480 635 411 872 501 54 635 414 254 872 476 571 414 411 323 240 571 770 872 872 254 240 54 770 305 894 805 501 928 805 805 480 323 305 414 868 480 872 305 254 872 411 894 501 414 414 571 323 54 476 323 411 480 872 680 480 805 894 805 54 254 770 414 54 571 476 894 501 872 476 868 323 805 305 635 240 305 635 872 458 240 414 480 928 411 928 480 928 805 501 571 894 414 54 305 872 770 414 305 458 305 894 868 414 54 868 501 254 240 305 894 411 411 928 458 329 805 240 680 872 868 305 571 635 872 476 868 635 805 254 805 411 872 872 240 305 868 240 770 240 411 805 894 894 414 571 414 635 770 305 894 501 872 54 254 414 323 305 240 305 254 254 571 458 872 501 305 480 680 329 868 872 872 476 928 571 240 411 305 770 329 476 928 894 894 501 480 414 254 894 680 872 680 323 414 414 240 680 635 54 928 411 805 868 894 254 928 635 894 458 480 254 894 872 805 323 770 635 868 411 894 323 240 254 414 571 54 501 240 411 254 254 872 458 872 458 305 894 805 805 414 872 323 480 571 240 635 305 240 770 254 323 323 480 770 254 868 414 305 501 571 305 805 480 680 872 571 414 872 571 254 480 480 240 480 323 458 480 680 240 635 894 480 305 411 928 458 54 805 894 323 635 868 240 240 329 54 805 872 480 411 480 872 414 240 240 635 480 329 894 414 476 480 868 872 458 323 894 894 770 872 635 240 411 54 501 240 329 680 680 894 805 458 480 414 254 872 240 323 240 894 240 635 240 323 894 872 480 805 928 476 872 501 501 329 894 571 480 480 54 254 770 868 868 305 476 254 323 329 571 458 894 635 414 894 894 501 894 414 411 868 411 872 458 476 928 770 868 872 805 54 414 805 254 635 329 240 240 323 54 54 414 894 571 894 54 305 240 872 323 323 411 571 254 305 770 501 54 928 254 480 458 571 323 54 635 928 635 329 770 894 635 411 571 635 805 872 305 54 476 872 240 894 501 872 571 805 480 501 894 476 240 476 872 928 254 480 805 458 894 254 414 305 458 458 635 805 501 770 305 476 329 254 480 805 635 872 635 329 329 894 680 240 240 480 805 240 928 458 414 501 770 805 54 254 805 872 323 329 868 635 635 476 329 305 480 868 571 476 480 54 476 476 305 480 805 501 635 635 411 872 305 680 680 868 240 635 329 571 414 411 872 240 414 458 254 571 254 254 254 571 872 501 894 458 323 872 458 501 571 254 872 458 680 805 635 254 480 254 323 805 894 414 635 928 635 680 240 329 240 458 240 770 894 329 240 305 54 414 476 894 458 54 571 928 868 680 480 54 805 476 329 805 323 894 480 868 894 54 635 872 254 305 458 411 872 894 305 458 635 928 329 868 480 868 805 635 770 480 680 476 894 872 411 254 680 501 254 894 501 458 635 501 323 872 458 240 501 414 894 571 480 480 323 323 680 872 872 868 305 872 928 54 305 323 805 323 480 894 805 329 894 411 928 805 458 680 501 868 894 872 458 480 54 414 928 323 254 323 329 770 928 480 928 240 305 680 476 571 928 770 240 305 480 480 501 868 501 458 54 571 329 480 571 414 501 480 480 894 894 323 305 476 54 805 305 868 323 872 805 240 480 872 458 240 254 805 872 323 305 476 240 240 305 414 571 414 480 323 501 501 872 411 54 571 680 305 894 635 770 770 480 414 480 872 305 501 872 240 458 254 323 240 894 329 501 872 805 571 254 894 254 872 458 305 240 323 928 770 476 254 928 476 894 54 571 323 329 770 501 868 476 805 635 458 476 305 411 305 240 571 868 480 329 872 480 501 770 805 323 254 680 305 476 323 458 872 476 329 635 868 928 868 476 414 894 872 571 458 254 571 414 254 805 240 872 254 868 635 480 868 323 805 240 872 480 480 323 868 305 868 414 240 476 458 254 872 868 501 305 928 635 254 872 240 872 805 868 635 458 240 54 770 305 805 635 305 894 894 680 414 635 329 872 872 323 414 894 240 480 571 894 770 770 680 323 635 323 501 680 458 872 680 480 770 805 680 805 770 894 635 894 414 872 680 54 329 305 329 240 868 305 894 305 323 54 501 240 928 476 414 770 329 254 329 476 928 329 501 414 635 680 305 305 329 323 894 805 872 240 323 501 805 480 928 635 240 501 305 254 680 323 411 805 411 868 411 414 805 928 805 635 480 480 872 805 323 329 254 329 501 305 414 458 928 872 323 414 872 54 414 411 480 571 680 680 872 928 254 305 770 770 458 54 894 329 872 476 480 240 240 254 680 411 872 480 240 928 240 476 805 894 872 305 805 894 805 894 323 635 323 770 872 476 254 54 480 240 414 868 254 868 501 254 411 480 240 872 254 305 635 805 894 770 805 868 571 868 240 323 411 571 54 323 805 476 458 323 54 928 894 928 411 480 894 480 480 501 411 571 411 868 635 476 240 872 329 680 411 414 54 872 571 680 323 868 480 323 240 305 680 480 680 805 476 458 480 872 501 414 329 254 254 476 894 240 480 480 894 480 329 458 240 501 868 54 872 894 323 928 476 254 254 770 476 323 54 680 805 323 480 254 872 480 770 501 305 805 254 868 868 414 305 894 323 571 480 571 411 476 770 458 872 635 458 894 770 323 805 414 480 54 411 805 501 480 480 635 323 476 240 805 571 329 868 805 635 480 414 305 254 480 305 254 805 414 894 571 254 476 868 868 680 323 54 571 240 872 805 894 458 894 805 323 323 501 872 928 240 872 480 480 928 805 770 458 868 501 240 305 254 323 894 480 329 480 476 872 254 872 329 571 928 254 411 323 305 872 240 635 329 411 305 872 480 305 872 323 635 480 305 805 254 928 805 476 414 305 571 458 805 770 501 414 928 458 480 323 240 872 240 635 458 894 414 323 868 501 476 635 770 480 240 305 635 480 240 54 54 928 305 458 323 414 571 928 414 571 480 894 928 329 458 680 458 928 480 240 476 928 501 476 872 305 480 480 480 414 305 872 805 411 928 254 635 254 770 868 54 872 240 770 323 240 414 868 805 240 872 476 894 411 329 805 928 928 323 872 414 480 240 414 868 501 894 894 635 476 571 329 501 329 635 414 458 868 240 680 680 805 680 305 868 54 770 805 305 458 571 54 476 928 458 54 323 480 305 680 868 476 240 680 411 305 501 254 323 872 571 894 323 305 501 240 329 458 680 872 254 323 329 411 805 254 868 501 240 240 305 414 928 872 476 305 571 411 411 254 305 928 928 894 501 305 571 680 476 323 323 635 868 480 305 411 635 329 928 54 480 480 240 480 480 868 770 476 928 805 770 458 323 868 54 894 240 476 480 680 928 323 480 305 635 458 305 305 872 680 770 480 476 480 770 571 240 872 894 458 414 805 240 414 480 411 476 894 805 54 894 805 770 240 805 323 323 501 868 305 868 240 805 458 240 680 480 571 458 894 254 571 240 254 635 868 254 770 323 501 480 928 305 872 329 480 476 54 805 411 894 305 770 501 411 894 680 254 894 571 805 480 770 894 323 323 254 240 305 411 480 329 254 458 928 323 501 476 305 635 480 458 305 805 480 872 872 635 305 411 770 240 480 54 240 872 805 329 868 305 254 770 305 411 305 894 635 894 805 635 414 476 329 476 305 571 254 928 411 770 254 805 770 928 872 928 872 254 480 571 240 240 894 894 254 501 54 305 872 240 411 635 411 254 770 329 571 480 240 805 868 501 414 411 329 323 54 323 770 770 805 458 240 329 329 323 254 872 805 54 635 305 635 872 805 805 254 458 805 894 476 872 476 414 323 254 571 458 305 305 928 894 305 770 872 805 414 240 571 805 805 805 411 414 635 411 54 571 805 571 770 476 872 928 305 414 770 254 894 329 240 414 411 894 805 323 805 872 635 414 571 411 894 323 894 254 240 240 928 894 635 680 928 476 458 480 805 414 872 928 323 805 323 476 54 770 928 458 323 894 868 928 805 872 240 635 329 872 868 894 54 323 305 411 240 458 928 411 571 414 571 323 805 480 476 872 868 894 928 323 680 411 770 411 928 680 872 54 476 323 414 635 571 501 928 770 928 872 805 501 476 680 501 872 323 329 305 480 894 872 305 872 54 329 872 240 805 414 571 240 770 480 894 254 414 680 928 305 458 805 894 770 240 928 480 868 868 680 680 805 680 476 323 928 928 501 770 928 240 868 240 323 254 635 872 894 805 305 411 254 476 480 458 501 894 458 240 635 254 254 323 458 329 414 458 411 894 458 770 476 872 872 680 501 480 868 501 872 480 414 458 411 323 254 894 476 411 894 571 480 414 254 54 54 54 770 240 805 323 480 305 805 476 240 480 414 240 680 305 323 805 872 254 770 414 501 571 872 240 240 894 770 501 329 476 635 805 894 571 501 680 305 240 254 305 323 414 476 480 54 805 868 240 872 476 414 240 928 305 928 894 480 928 240 805 770 476 480 254 329 476 805 458 680 240 571 458 635 680 770 770 254 805 323 414 323 480 868 480 928 305 805 872 501 894 635 501 805 476 805 770 329 329 868 329 476 805 411 54 635 894 635 305 476 680 635 635 480 868 240 872 414 571 329 329 480 928 323 458 770 894 868 240 805 323 872 805 480 240 305 501 54 894 329 414 571 458 894 928 54 323 571 501 894 635 635 805 928 480 254 305 476 894 680 770 571 872 54 305 240 323 872 680 480 414 928 680 691 480 881 805 240 691 323 373 240 691 881 970 805 103 254 936 936 323 480 881 872 805 894 691 936 936 373 970 970 805 894 691 936 970 323 240 103 970 872 691 872 323 881 936 872 480 881 323 373 323 805 373 691 881 323 323 872 305 103 881 881 240 805 936 373 691 970 872 373 881 894 881 480 805 805 936 691 872 254 936 894 373 936 254 254 254 480 323 373 894 305 881 240 254 103 254 881 305 240 805 881 691 103 103 805 691 480 805 305 936 103 805 305 103 691 103 254 894 881 894 881 254 970 936 480 881 240 805 323 254 970 691 323 323 691 240 894 103 881 805 872 881 480 305 240 872 805 103 480 480 240 894 373 480 894 691 373 103 323 305 894 373 894 373 691 373 480 103 805 936 240 254 305 970 970 480 936 240 894 305 881 691 872 881 480 254 805 691 691 894 894 480 936 254 254 254 373 480 691 323 103 691 240 872 881 240 103 240 323 103 805 691 323 881 805 872 881 323 805 970 691 103 936 305 691 805 872 103 480 805 970 970 691 240 805 305 881 805 254 373 240 240 936 805 881 323 894 894 323 805 805 936 254 305 254 305 373 240 970 305 881 103 936 323 373 103 881 872 373 480 691 970 480 805 254 881 872 240 894 872 881 691 872 872 970 103 881 480 254 373 254 240 305 872 373 480 103 970 872 691 894 936 373 103 881 254 373 323 881 970 240 305 254 323 373 103 240 970 872 872 691 970 240 872 936 103 240 691 805 936 323 373 936 970 373 881 881 305 872 373 936 373 894 240 970 881 240 936 323 480 323 805 881 805 970 240 323 872 936 373 691 103 936 894 894 691 872 323 936 805 936 936 373 894 254 480 970 936 894 103 480 936 254 691 805 240 691 240 240 936 323 103 480 691 894 970 881 872 373 936 323 936 254 970 103 881 936 970 805 254 691 970 936 240 254 872 240 894 373 970 103 872 240 881 240 480 480 323 894 936 881 240 103 103 480 305 305 936 805 872 103 691 805 323 894 305 373 691 894 691 894 691 894 373 480 373 480 936 373 881 240 894 805 894 323 480 872 240 936 323 691 305 691 323 480 480 872 936 480 881 323 373 691 894 373 480 881 805 373 691 805 881 480 894 936 936 373 103 970 254 881 240 254 872 881 872 881 240 881 970 305 240 691 936 323 254 254 881 103 323 103 805 373 894 240 103 240 305 240 936 894 373 373 970 881 240 373 480 305 872 480 254 881 323 103 254 373 373 480 103 936 936 805 240 305 936 805 872 881 103 254 103 480 373 872 240 881 881 970 691 691 894 254 881 373 373 881 373 305 894 240 881 691 323 970 881 691 480 373 936 373 691 254 373 970 970 103 240 872 894 373 872 970 254 691 480 103 894 872 936 373 373 805 805 881 480 894 103 323 323 323 103 894 305 970 936 970 970 480 970 103 240 305 691 480 970 970 323 305 240 970 805 103 373 936 936 373 480 872 881 970 970 936 970 936 254 305 881 373 373 103 970 881 254 872 480 894 970 936 240 894 805 323 691 691 240 480 373 480 254 872 970 240 805 970 480 323 240 373 872 103 480 103 240 323 254 254 881 305 103 373 894 373 480 691 305 881 805 936 805 373 323 254 881 240 691 254 480 254 240 323 805 691 373 936 936 323 480 970 936 936 103 480 970 373 254 240 881 240 254 894 240 881 936 305 240 305 894 691 881 480 691 805 323 103 240 970 373 970 894 872 894 480 970 894 872 305 881 323 323 240 970 881 103 373 240 894 881 103 936 323 103 373 936 373 305 805 881 305 691 970 691 691 323 691 805 323 254 881 691 881 323 305 373 373 373 691 305 305 872 103 970 373 936 872 305 805 691 691 254 240 323 240 881 691 881 872 881 970 480 480 240 480 894 970 305 480 936 691 872 305 323 894 970 881 691 323 373 970 373 691 894 305 240 240 894 805 254 881 254 894 805 254 691 305 254 805 881 894 103 373 480 970 691 373 881 872 936 103 323 240 373 240 936 373 480 103 805 305 881 872 305 881 103 373 881 805 305 881 373 305 936 480 103 805 691 691 691 305 894 970 805 480 254 936 480 240 254 254 373 323 323 305 240 480 240 373 373 254 970 894 691 881 872 872 936 805 480 480 894 970 872 691 936 881 970 872 373 970 103 373 103 805 970 480 373 323 480 240 970 872 691 970 305 323 881 305 970 970 480 103 691 254 480 323 373 936 805 805 323 254 872 970 305 480 936 305 970 254 936 872 970 480 103 323 480 254 872 894 691 894 254 103 894 894 103 480 881 323 805 480 881 103 373 936 254 305 881 240 872 936 305 936 691 103 936 373 881 970 254 970 240 480 970 691 323 894 970 936 872 970 480 373 103 240 103 970 881 323 936 103 323 805 480 373 872 936 323 305 254 691 970 480 805 881 240 323 691 103 936 970 970 970 805 240 691 872 936 480 254 805 894 894 894 691 103 805 894 872 254 103 881 373 805 254 103 240 936 936 881 805 373 103 323 691 480 103 323 305 240 103 872 936 894 805 805 373 872 881 103 936 881 103 894 373 970 480 691 103 936 373 805 881 323 936 872 323 103 691 894 691 305 103 970 240 254 894 881 254 936 254 805 323 323 805 691 305 103 323 480 970 936 480 691 323 103 894 936 881 936 894 881 881 805 373 373 305 970 805 103 881 305 691 872 881 305 323 240 936 936 970 881 881 691 691 373 480 881 373 936 894 373 103 872 936 894 103 691 373 103 881 805 881 305 254 936 373 894 373 881 970 805 323 881 323 305 103 691 936 254 305 691 240 691 872 970 970 872 691 254 881 373 305 373 970 240 373 254 894 254 936 936 894 373 805 240 480 894 254 103 894 936 480 323 323 480 970 254 254 881 881 323 103 305 103 254 480 691 323 970 254 691 254 805 894 970 305 691 103 881 691 881 805 970 881 373 305 691 480 691 881 254 936 872 936 805 805 691 373 872 872 323 894 872 970 872 970 970 691 373 805 936 480 936 872 881 240 305 103 373 805 881 480 691 881 691 103 936 254 240 373 894 373 805 103 691 480 881 373 936 805 480 373 881 103 323 240 103 881 805 254 805 103 373 691 254 691 894 936 323 881 936 103 881 936 894 970 970 373 480 936 254 805 323 872 691 480 805 373 480 254 240 936 373 970 936 373 254 805 970 936 894 373 894 936 872 103 480 103 936 480 323 881 103 103 881 240 323 872 936 881 691 691 373 970 936 805 103 254 872 240 480 373 881 373 254 691 805 805 936 936 254 691 323 691 373 970 936 894 872 936 240 240 805 323 254 103 881 305 305 936 805 936 881 323 240 936 970 970 254 240 970 373 936 480 881 240 872 240 894 881 691 373 970 305 691 894 970 323 240 103 103 970 970 480 323 881 480 305 240 323 480 881 872 691 872 480 480 254 894 305 691 805 894 936 691 936 373 805 323 936 254 881 103 480 936 805 254 936 103 894 936 872 373 970 970 805 881 805 691 103 894 881 936 305 970 103 970 970 373 373 103 805 305 373 970 881 894 881 970 894 936 872 305 305 254 240 373 373 881 103 936 323 805 305 936 970 881 894 103 254 254 805 305 323 970 240 254 970 103 872 254 805 103 936 970 305 480 373 691 373 872 936 805 872 103 805 936 881 691 970 872 805 480 691 103 323 691 970 936 894 480 254 936 480 970 894 305 894 305 103 936 373 103 691 373 881 881 881 103 894 970 936 872 970 254 691 305 881 970 894 305 103 936 240 872 103 240 805 970 936 103 936 323 872 373 970 254 103 970 894 305 805 103 373 373 872 872 373 373 103 480 480 936 305 305 805 103 970 373 936 872 323 881 970 103 103 805 103 323 894 305 936 254 240 373 305 936 894 323 936 254 894 480 881 805 970 305 970 805 936 691 323 805 881 970 872 103 103 691 305 894 254 936 970 323 881 323 881 881 970 691 254 936 323 970 103 305 881 936 691 936 305 103 872 373 323 872 805 970 323 323 373 881 881 894 254 323 970 872 254 805 872 373 373 254 894 805 373 970 480 480 240 305 373 881 240 872 970 323 323 936 240 894 691 323 305 323 936 305 894 805 373 691 480 936 691 805 894 305 894 373 373 881 480 872 691 894 881 872 254 373 254 373 480 881 480 305 691 970 691 103 103 373 805 881 691 240 103 936 373 480 480 254 305 691 881 936 881 894 805 970 305 305 881 970 373 103 691 894 480 240 881 881 373 872 323 305 894 805 691 323 881 691 970 305 691 305 373 881 691 254 881 480 936 254 805 240 970 305 691 881 970 936 894 881 872 373 970 872 691 305 970 936 480 872 305 691 936 970 373 103 323 103 103 373 872 691 881 373 373 691 936 894 103 103 254 373 373 691 480 894 894 305 872 305 305 805 805 103 103 373 323 480 805 103 240 254 691 881 305 254 240 103 970 240 373 305 881 254 691 373 240 881 103 373 881 872 691 103 805 970 254 254 894 970 305 970 691 805 691 936 805 691 103 805 805 373 254 323 881 970 936 305 881 480 970 881 936 691 691 691 805 373 872 805 872 480 872 872 970 970 805 872 936 970 103 691 254 480 970 805 691 936 805 691 254 240 970 373 894 805 805 691 480 373 936 373 970 305 872 305 373 103 254 872 970 805 881 480 373 373 240 805 305 373 480 103 936 872 872 881 480 881 881 970 240 323 936 305 872 936 936 970 894 254 103 323 970 254 691 881 305 936 881 881 323 936 254 805 936 240 103 323 881 103 480 103 323 894 936 691 373 872 103 373 240 936 373 103 480 805 881 970 691 305 305 305 691 936 480 305 691 480 881 691 254 936 805 970 373 240 305 970 373 323 240 970 881 894 373 691 805 240 805 936 305 691 254 805 103 970 480 881 691 323 240 881 936 254 305 691 103 373 691 881 936 480 936 240 373 103 805 373 373 970 805 936 103 480 936 894 691 805 240 872 970 691 936 373 103 240 305 805 480 881 936 881 480 805 254 970 373 881 881 970 240 691 480 970 240 480 970 970 872 691 872 323 103 805 323 323 936 894 936 894 970 872 881 970 872 805 240 805 254 691 970 691 881 323 103 323 103 936 805 970 805 103 103 240 881 936 240 970 323 805 103 305 691 240 103 881 805 936 970 936 805 881 373 103 103 894 872 103 240 323 805 240 373 691 805 894 103 805 305 805 103 805 936 691 881 323 240 872 254 881 254 872 323 936 872 323 970 254 970 881 894 881 103 103 103 691 881 323 881 881 970 805 240 323 872 691 936 373 240 305 240 691 691 240 373 970 691 805 480 373 881 970 970 872 254 805 373 480 872 240 881 240 305 881 805 881 881 881 103 323 805 936 970 894 805 872 970 240 936 894 805 691 894 480 373 881 480 970 691 480 373 894 323 305 805 936 970 881 373 103 323 872 936 254 305 323 103 373 373 691 103 254 881 305 936 323 305 254 305 881 480 936 970 894 805 805 305 103 103 103 805 305 373 936 240 305 894 881 305 373 305 872 323 805 970 881 970 805 881 691 254 894 240 894 480 936 805 480 970 305 480 691 240 881 103 936 103 480 805 936 480 970 254 305 881 240 373 805 480 240 691 936 691 480 970 881 894 480 691 323 480 373 480 480 373 872 373 480 691 805 254 323 254 254 373 936 373 240 936 691 254 254 240 881 805 881 872 691 881 305 240 480 894 323 805 894 373 254 881 936 691 480 881 240 872 970 323 691 805 805 254 936 305 970 323 872 894 881 881 805 970 881 323 103 936 894 240 894 872 240 373 691 970 970 894 881 970 373 970 881 373 240 894 881 103 881 240 254 970 373 103 305 936 691 894 373 373 805 936 103 881 305 894 805 373 970 691 254 691 373 936 805 305 103 103 103 872 872 805 691 373 305 240 970 881 323 254 323 894 480 103 936 872 936 323 970 872 254 373 103 323 805 872 480 805 305 970 691 691 881 305 894 480 936 373 323 691 103 881 970 894 373 323 936 323 254 305 240 240 254 894 305 881 872 872 936 805 805 103 805 240 691 970 872 881 936 480 323 936 691 936 691 894 323 881 872 881 323 323 691 881 373 254 254 240 691 970 305 691 373 254 240 881 480 872 936 970 691 373 254 480 373 480 805 881 805 936 805 936 305 936 254 254 970 373 305 240 881 254 103 872 254 970 373 373 103 103 480 103 970 323 881 305 254 936 323 872 254 881 894 936 881 691 970 872 305 970 936 254 373 894 323 881 323 894 805 480 970 240 480 805 805 240 254 970 480 691 691 936 894 691 894 480 894 691 881 881 872 936 936 881 805 872 805 936 373 894 305 936 323 881 970 103 970 691 373 894 881 805 894 240 103 480 894 480 936 103 970 691 881 305 480 305 254 691 254 103 691 254 894 881 805 103 373 691 103 881 305 240 881 691 254 691 691 970 373 936 805 103 373 323 373 103 240 691 103 805 970 240 691 480 970 373 691 305 323 936 881 254 970 323 970 881 240 240 103 881 805 936 373 805 881 881 240 373 894 373 894 240 323 894 480 936 480 373 240 305 881 936 881 323 936 323 323 373 881 691 894 373 103 970 894 691 894 691 305 881 872 691 936 881 305 881 691 240 240 691 881 323 373 373 805 936 872 970 872 305 872 240 881 970 691 373 691 805 373 872 872 936 881 103 970 254 894 936 805 240 240 894 254 480 103 805 103 805 305 881 305 323 480 373 323 323 373 480 254 881 881 103 894 373 103 373 805 894 691 240 323 254 240 894 881 894 323 970 691 970 240 373 323 805 936 373 691 373 691 970 936 881 373 805 894 691 691 254 936 240 894 103 323 103 805 936 805 240 872 872 881 970 970 480 373 254 881 805 323 103 936 691 373 936 805 323 240 373 805 323 254 691 936 872 323 373 970 480 254 872 872 970 970 691 103 936 240 872 970 872 894 305 872 103 881 323 872 881 103 323 936 881 254 305 805 881 254 103 970 323 323 881 103 103 691 103 970 373 970 805 881 373 936 970 691 373 480 881 373 970 323 872 881 240 805 103 872 323 936 970 240 305 691 881 373 872 103 240 254 805 323 936 894 936 881 872 805 872 323 305 970 103 480 936 254 872 894 373 894 240 373 480 373 103 881 103 881 970 970 805 305 691 805 936 305 872 936 872 881 103 936 254 240 970 872 480 323 240 480 373 480 936 240 970 936 305 254 254 254 691 936 691 936 872 881 970 936 103 305 936 240 881 936 254 323 872 691 103 305 103 970 970 881 305 103 691 805 881 373 240 305 103 323 872 881 240 254 480 103 240 872 936 254 872 691 881 881 323 254 936 936 894 240 872 305 872 805 373 103 872 305 373 881 254 970 240 881 323 103 240 254 254 103 373 240 305 936 254 805 305 691 894 305 691 254 970 323 305 872 872 305 936 103 373 103 872 970 305 894 872 936 805 970 872 691 254 240 254 373 970 480 872 872 254 480 936 881 691 373 691 373 323 881 254 305 936 373 872 872 103 970 936 240 373 805 103 805 970 254 872 254 305 480 305 881 373 881 881 881 805 691 305 480 805 691 970 881 881 691 970 691 881 103 240 103 480 805 254 691 323 881 805 881 240 373 240 480 970 103 894 240 305 254 970 936 970 254 805 970 240 103 872 805 881 254 480 805 373 103 881 805 240 305 103 970 936 323 872 936 691 970 936 805 691 805 103 480 305 373 881 373 305 970 373 936 872 254 894 305 323 881 894 805 480 240 881 373 936 936 103 691 805 254 970 872 480 894 240 305 305 881 305 373 894 691 936 373 254 480 323 805 936 805 805 881 894 103 691 881 240 936 480 373 103 103 240 970 103 103 480 691 480 936 691 936 691 881 480 691 881 480 970 240 805 805 480 894 240 805 103 480 872 805 254 103 373 970 970 373 805 103 970 691 254 480 691 881 970 305 805 881 103 323 373 805 805 240 480 936 103 894 323 970 894 373 240 691 970 881 881 480 103 373 373 480 305 805 103 691 872 373 480 805 881 240 305 881 691 254 894 970 894 240 103 691 894 881 970 373 480 805 970 240 240 240 103 894 305 805 323 691 103 881 881 805 881 805 936 373 894 936 240 936 323 305 323 872 305 305 691 103 894 305 805 881 373 323 254 373 240 872 240 240 305 881 323 872 240 805 373 373 805 691 691 240 872 254 305 103 970 103 805 373 480 805 373 805 894 323 691 323 373 240 936 872 691 881 373 872 373 881 970 373 872 872 970 254 103 254 936 691 805 872 323 805 480 103 691 936 305 805 970 305 480 970 691 480 872 305 305 970 805 373 872 894 240 691 970 103 323 872 691 691 872 970 480 872 323 805 323 894 103 881 894 323 480 305 970 881 240 373 254 936 894 254 240 881 970 240 240 970 254 872 894 691 691 805 805 305 373 323 691 240 480 305 881 480 240 480 970 881 254 323 936 323 970 872 872 936 936 240 240 254 691 872 691 254 970 881 805 872 323 480 894 970 872 805 970 480 480 103 103 323 240 254 103 872 936 881 805 970 970 480 881 805 240 970 970 480 691 305 323 254 881 936 373 103 894 691 691 881 872 373 240 970 970 323 373 970 936 691 254 373 970 691 240 240 691 805 240 254 894 254 240 936 936 691 305 872 936 872 373 872 881 936 254 373 881 323 691 240 240 970 881 872 103 936 691 323 936 480 103 103 881 323 103 373 894 691 691 881 103 805 936 691 103 480 305 872 103 872 305 881 103 103 323 240 305 805 936 323 881 323 305 805 872 936 970 881 103 872 872 881 881 254 691 872 240 103 970 872 805 936 872 305 881 305 103 373 936 970 894 323 480 936 936 103 936 691 480 691 805 305 872 936 691 936 970 373 103 936 323 103 872 691 691 936 691 323 480 970 691 936 881 254 970 323 691 936 240 936 872 305 305 881 305 881 872 691 254 103 240 872 373 691 805 872 881 881 373 254 323 970 305 323 305 936 805 936 480 691 240 970 936 254 373 894 936 894 970 373 894 691 373 894 881 936 373 103 480 881 805 936 894 691 936 480 691 881 103 936 323 805 881 894 373 254 691 894 480 936 936 103 691 805 323 881 103 240 373 936 970 373 103 254 936 881 480 936 881 323 881 805 103 805 881 240 894 240 936 103 254 881 254 881 323 240 805 480 894 305 881 805 373 691 691 691 881 323 254 480 691 373 970 103 254 305 254 970 894 305 872 805 872 894 970 323 240 805 254 872 103 103 872 872 103 103 894 323 970 254 936 240 805 881 103 373 936 691 480 240 480 103 103 691 323 103 805 970 894 872 373 240 323 894 936 970 872 240 970 970 373 881 805 691 936 254 970 872 936 936 373 480 936 936 881 872 373 254 240 373 373 691 323 240 970 970 480 103 872 103 872 480 936 970 103 373 103 103 894 970 373 872 254 805 480 254 805 254 254 480 872 373 970 872 240 480 894 805 894 970 323 305 894 894 240 323 872 373 254 254 936 480 240 936 805 103 373 691 881 872 480 323 305 480 970 881 480 240 970 305 970 881 240 805 103 323 970 373 970 936 323 323 936 691 970 970 872 881 691 305 881 691 323 103 373 691 254 240 323 240 936 240 970 894 691 103 881 894 691 936 970 480 103 691 881 872 103 872 872 305 936 691 691 970 805 872 872 373 323 970 103 805 103 103 970 103 691 480 240 805 480 970 936 894 254 305 305 936 305 881 480 240 305 881 970 103 240 305 480 103 305 373 970 970 894 970 872 323 881 323 373 254 805 254 323 970 881 805 373 881 691 970 323 970 691 872 936 970 373 373 881 103 373 894 305 936 872 305 323 970 103 881 881 373 881 323 970 805 970 881 480 805 305 970 805 323 872 691 373 691 881 805 970 323 305 970 373 240 254 936 881 881 305 240 691 103 691 881 323 805 970 691 936 872 970 691 103 103 305 970 936 970 323 881 691 323 373 240 240 936 691 894 872 805 240 480 240 103 805 936 480 480 872 691 691 936 323 691 254 936 103 881 805 936 373 305 373 691 240 480 373 103 254 323 103 240 691 691 103 103 480 103 480 881 305 323 323 970 691 970 691 881 936 103 936 970 305 323 691 103 691 480 323 103 691 103 881 305 936 240 970 480 872 691 373 691 881 480 103 881 240 872 872 373 970 103 691 323 305 305 872 872 894 936 970 480 103 305 936 254 254 894 480 936 254 970 970 881 881 970 373 103 480 936 894 305 254 936 894 936 936 373 881 691 305 373 970 881 691 373 872 691 894 373 691 872 254 373 936 323 254 881 881 872 103 691 881 103 970 323 691 480 305 373 936 103 936 254 305 970 805 894 480 373 373 894 872 805 323 254 691 970 305 881 373 805 970 936 691 254 480 894 323 103 970 103 103 691 691 805 970 872 805 323 373 691 254 894 805 936 373 254 103 103 881 881 373 480 254 480 894 373 894 323 936 305 872 936 872 305 480 691 872 240 970 936 254 323 970 894 480 480 305 480 373 970 103 936 373 305 480 480 373 373 480 936 881 373 240 936 881 305 970 936 936 881 805 894 970 970 480 872 305 323 881 881 894 872 894 103 805 323 373 373 970 970 305 872 805 805 373 872 373 691 373 254 240 691 894 240 805 480 894 805 323 323 103 373 936 103 936 323 872 691 305 480 970 254 970 103 881 691 970 881 323 936 305 254 894 305 881 305 894 103 373 936 805 805 872 894 323 691 881 373 805 373 970 881 691 936 881 480 970 240 103 305 894 691 881 872 691 872 894 240 254 936 970 240 305 103 480 305 936 305 691 936 323 881 323 881 881 305 480 323 480 254 894 970 323 373 881 373 805 894 480 323 254 254 305 881 894 936 970 872 305 872 936 691 305 480 323 305 691 305 970 936 936 872 970 240 103 936 305 691 894 373 894 970 480 691 894 254 970 881 970 373 936 970 872 970 323 480 872 323 936 103 305 254 936 240 240 805 254 936 373 323 872 894 805 894 240 103 805 936 936 936 480 872 894 691 373 103 305 373 480 240 103 691 240 872 103 305 936 970 240 805 970 894 881 872 936 103 305 480 254 305 373 254 970 970 103 240 323 323 323 894 254 894 480 970 254 894 691 254 936 970 373 970 480 691 936 872 323 872 805 373 894 894 970 691 936 936 373 254 805 103 103 103 970 254 872 881 305 691 691 103 373 480 254 872 881 103 305 805 881 305 103 872 881 254 323 936 305 323 323 254 691 894 691 936 240 240 936 872 691 894 373 805 894 305 691 894 305 970 103 691 805 480 691 970 373 936 305 323 373 970 480 894 480 254 691 936 103 872 872 240 894 254 103 254 970 373 970 881 691 691 872 881 480 480 305 480 373 323 894 240 970 476 103 373 373 373 414 103 970 103 373 458 868 881 476 936 373 411 680 571 411 881 970 691 936 691 691 329 329 936 414 103 571 936 691 501 936 571 691 458 373 936 571 458 970 103 868 928 680 103 501 411 691 691 928 458 414 691 928 970 936 680 373 501 373 881 411 571 635 411 54 373 770 103 635 103 54 414 936 881 329 103 571 103 936 770 414 970 329 103 691 414 691 103 970 373 103 936 329 414 868 501 928 103 571 571 373 970 414 770 103 103 373 691 680 680 635 970 329 373 970 868 103 411 691 691 691 680 329 411 881 476 691 635 329 691 936 458 329 936 373 103 373 881 635 458 881 881 501 103 54 103 970 103 414 571 970 881 635 54 501 458 103 571 881 881 373 881 770 476 970 103 881 571 691 970 458 476 691 970 970 936 54 868 501 936 571 501 54 635 970 881 414 414 571 501 329 501 571 868 770 691 936 691 476 411 635 936 691 103 970 881 103 970 103 329 54 329 868 680 103 770 868 501 373 373 970 373 54 868 680 103 635 414 501 881 936 476 571 770 868 373 373 691 54 411 936 928 770 458 881 881 54 414 501 868 329 881 635 373 411 970 691 881 373 476 680 928 373 476 414 928 881 329 476 691 103 103 680 476 680 881 373 691 881 928 411 476 411 329 691 936 928 103 373 476 329 329 103 414 411 928 501 881 329 103 881 103 476 680 458 881 928 54 868 329 970 571 936 970 501 373 680 770 881 868 103 868 691 881 54 936 501 691 501 881 635 881 458 411 476 680 680 936 970 373 868 770 936 103 691 936 54 329 329 970 691 680 635 635 868 571 881 458 881 881 54 691 635 411 691 373 54 970 936 680 329 970 881 691 881 635 928 458 103 329 680 103 881 571 970 691 770 928 476 571 476 501 970 54 414 970 329 691 373 881 54 476 868 970 103 103 373 329 103 103 414 54 928 414 373 103 770 411 936 770 373 881 411 54 476 458 928 501 881 329 970 458 411 635 476 373 103 868 501 373 103 329 691 770 881 680 936 770 970 54 770 970 635 680 936 928 476 373 928 770 54 103 881 936 103 458 691 373 881 881 411 103 881 501 928 414 373 501 373 970 103 881 373 373 970 691 881 936 329 868 635 329 970 571 458 501 881 411 103 680 373 414 103 691 329 103 770 414 411 373 881 928 691 476 411 103 501 571 54 458 411 411 411 329 373 691 928 936 329 680 936 680 411 770 476 868 691 373 936 928 458 881 881 571 936 970 373 691 476 103 54 881 868 476 54 411 103 868 476 936 970 970 476 928 373 868 770 970 476 691 936 691 680 770 571 928 476 868 571 868 936 54 936 770 881 411 970 103 868 881 881 881 54 881 103 936 414 501 458 691 103 928 501 373 970 691 936 635 103 881 970 868 329 373 571 414 414 970 680 868 770 373 414 373 501 501 458 103 103 936 635 103 103 571 501 881 103 928 635 680 103 881 936 458 770 881 414 868 54 373 458 881 373 928 936 970 928 103 411 680 414 881 936 970 501 458 936 881 928 373 881 458 770 103 373 458 970 329 103 103 411 928 571 691 329 881 970 103 373 476 691 928 936 411 691 414 936 103 936 54 501 411 770 970 329 54 936 936 635 373 881 476 329 691 476 635 970 373 868 476 414 458 373 329 103 970 476 928 103 373 881 329 868 881 936 680 936 414 970 103 501 103 928 928 936 458 571 373 329 501 970 970 928 571 936 691 936 414 936 373 635 680 635 373 936 936 936 501 691 103 691 868 501 414 868 373 458 868 458 936 103 103 680 411 770 770 970 414 770 691 103 373 329 373 329 881 103 691 868 928 571 103 103 501 691 881 881 476 770 373 936 501 868 936 414 680 635 770 970 868 501 970 691 54 458 970 635 881 329 770 868 970 970 373 868 635 770 571 103 103 103 411 501 881 373 373 571 458 329 691 414 970 970 868 373 936 928 928 680 458 103 635 329 936 881 691 691 770 936 373 691 936 373 411 691 373 881 881 691 571 329 691 373 928 881 970 936 373 635 54 691 881 458 680 936 680 373 373 501 936 411 691 928 329 373 691 928 54 476 411 476 54 635 970 476 936 458 691 476 970 501 103 103 571 571 928 103 770 54 414 770 970 770 691 414 414 691 928 635 103 411 680 54 329 970 868 571 373 373 458 414 329 635 373 635 691 476 770 928 635 936 936 103 329 936 411 928 476 928 928 329 103 868 103 868 501 373 868 881 103 411 936 373 881 970 411 928 373 373 329 329 680 458 635 936 936 54 571 928 373 103 936 54 881 691 635 936 936 414 691 411 936 635 329 458 373 373 571 970 868 881 571 936 329 881 691 770 680 691 691 373 881 373 54 54 680 373 414 635 458 373 54 411 881 936 476 970 329 770 970 411 103 928 414 928 936 414 936 691 868 501 928 881 373 373 373 458 458 635 970 691 970 501 329 691 458 936 936 373 691 373 680 501 103 881 414 54 458 458 571 868 691 970 691 936 103 881 103 936 881 414 411 635 501 770 680 54 571 476 881 103 691 373 476 881 770 868 571 411 970 691 691 103 501 680 881 476 936 936 103 103 411 770 373 928 881 936 770 635 881 329 411 411 501 868 373 680 928 770 936 868 770 103 691 691 881 476 691 501 501 501 881 868 770 411 373 691 770 970 571 411 770 970 868 458 373 571 571 680 970 770 970 770 501 970 881 970 103 881 373 54 770 936 680 103 103 476 501 881 970 373 458 414 868 970 970 54 691 928 691 691 54 881 936 54 970 103 329 936 103 103 54 970 571 881 476 54 571 868 970 970 329 936 970 373 691 103 970 881 411 103 414 476 928 936 54 680 329 103 970 476 411 329 476 373 881 54 936 373 476 103 868 970 501 103 970 571 414 970 691 103 936 770 329 770 770 411 881 881 970 680 501 414 103 970 928 936 373 868 571 476 476 373 411 476 103 936 414 329 936 373 680 770 881 936 936 691 936 414 103 414 691 680 103 414 476 329 868 936 103 571 770 329 936 680 680 936 373 881 936 691 936 54 691 373 881 868 411 373 458 691 881 373 936 691 414 936 881 970 329 970 881 936 881 103 691 691 373 928 103 373 373 103 414 691 103 635 936 680 103 936 868 373 691 936 103 571 414 868 936 868 770 936 103 936 414 691 936 54 411 868 476 928 970 770 635 458 970 936 970 414 571 414 373 103 928 103 635 373 476 501 501 571 770 103 103 936 373 414 680 458 936 635 970 329 373 411 881 373 881 691 936 868 868 635 329 928 770 373 501 881 373 881 936 458 373 691 476 881 936 103 571 691 635 373 476 936 970 571 970 691 501 881 476 635 936 329 476 970 54 881 970 868 373 680 881 458 103 936 881 411 691 881 635 680 476 691 936 680 680 970 970 103 329 928 691 635 414 373 970 54 868 411 881 970 970 936 936 881 411 680 414 476 103 414 414 476 881 476 691 373 476 476 970 691 411 411 103 571 501 936 881 373 970 680 103 928 970 54 868 635 970 868 770 373 928 373 936 329 501 928 868 680 411 868 635 54 691 414 970 868 103 329 458 691 936 936 103 103 770 414 680 936 635 103 411 691 571 501 691 970 54 54 881 411 414 635 691 54 970 928 936 329 103 373 373 329 680 936 970 691 970 881 635 635 868 770 476 571 970 476 881 936 928 928 936 970 691 411 680 458 970 103 373 373 458 373 414 970 691 691 373 411 936 329 770 680 635 635 103 411 373 373 928 373 458 936 411 881 373 414 411 868 414 54 970 691 373 881 329 373 373 970 458 970 770 54 970 476 970 103 770 373 936 373 936 691 928 868 970 936 936 54 458 635 868 680 103 970 881 691 936 411 680 373 691 770 571 936 373 691 691 936 881 680 411 103 635 936 476 103 54 928 103 54 373 54 691 970 691 414 501 411 458 868 770 868 691 635 54 476 54 881 103 103 691 928 54 770 373 928 881 881 411 635 329 881 373 373 928 635 501 411 691 691 54 970 411 770 411 936 970 329 54 881 571 881 936 936 373 414 770 691 103 571 928 501 691 680 970 373 928 928 691 635 881 103 329 691 868 458 635 691 936 329 936 501 868 881 571 970 458 329 411 103 691 373 881 680 881 970 970 373 970 936 373 635 936 936 881 680 881 970 414 868 970 868 373 936 103 881 680 680 501 868 970 571 373 691 691 936 691 770 936 691 501 635 970 571 691 691 329 970 501 680 770 373 414 635 414 691 770 458 103 373 103 571 868 936 635 970 928 691 373 103 881 458 476 970 635 476 936 691 635 476 770 868 680 54 329 411 970 770 373 414 691 571 501 411 571 635 635 501 373 411 691 936 571 928 936 54 881 936 970 680 868 970 970 868 970 414 373 103 691 680 928 103 103 373 571 103 458 881 936 458 501 635 970 970 54 54 414 970 458 881 373 414 691 691 373 458 691 868 103 881 411 970 928 501 476 54 501 103 928 329 54 970 373 970 373 635 571 103 928 411 373 881 928 936 936 458 881 970 928 54 635 373 936 868 936 881 501 329 680 411 103 680 458 571 414 928 928 411 680 103 928 691 928 373 868 54 571 571 373 970 680 373 936 414 476 501 411 936 411 881 103 770 928 691 458 970 936 103 936 571 970 501 928 680 680 414 329 373 970 936 770 635 411 691 970 458 936 928 970 928 411 329 373 770 936 868 458 373 881 970 770 881 970 411 691 373 329 881 373 501 329 881 881 103 458 411 881 373 501 54 868 770 373 476 458 691 881 54 691 501 373 373 103 476 476 476 928 373 970 680 54 476 103 329 329 476 571 881 329 691 571 928 680 691 501 458 881 936 970 970 103 970 103 373 54 571 54 928 881 881 691 458 970 414 411 770 936 970 970 881 881 501 881 936 103 103 103 936 476 881 881 103 476 373 936 770 54 691 970 936 501 476 373 501 936 373 329 970 458 881 411 680 936 936 571 881 103 691 881 103 103 691 373 414 476 103 373 458 868 54 571 691 458 936 881 936 936 103 635 868 770 411 411 103 501 928 691 928 458 501 881 680 936 680 373 54 103 103 54 571 501 103 680 928 928 373 691 936 103 970 414 936 103 54 970 54 373 458 103 936 881 373 411 103 680 936 691 103 373 103 329 680 103 329 329 970 936 103 373 680 868 691 414 54 936 414 635 414 936 103 373 970 476 881 373 329 881 970 936 691 103 103 373 970 970 103 329 770 970 691 103 680 881 881 103 635 881 411 680 373 770 770 54 680 881 881 868 501 936 635 680 691 329 936 501 103 936 635 691 329 414 476 881 103 103 770 414 373 970 458 680 635 691 881 970 414 373 414 103 936 103 373 868 691 680 970 970 691 691 970 691 571 936 458 571 881 373 476 770 680 458 54 373 970 103 458 476 868 936 329 501 103 373 868 411 373 680 373 680 458 881 414 691 414 868 936 501 501 476 373 54 635 868 868 373 54 103 635 373 103 571 881 373 680 103 881 373 103 476 970 770 691 936 691 680 329 936 691 373 691 928 881 691 373 970 936 458 54 928 373 970 936 329 691 501 476 936 54 970 414 373 868 881 411 373 881 881 936 691 970 691 635 970 680 691 936 329 928 501 881 928 373 680 881 936 476 881 936 571 970 680 868 691 936 414 970 881 414 928 373 881 970 476 936 881 635 881 936 414 414 458 881 770 970 881 691 103 373 881 970 936 103 936 881 54 635 691 868 936 970 881 571 936 635 868 936 458 571 635 868 868 414 54 635 928 411 970 103 571 411 635 881 458 411 936 414 868 970 54 329 476 928 635 635 635 476 329 373 458 329 691 970 411 770 936 329 936 936 881 970 881 770 571 635 936 635 936 571 329 936 54 881 103 476 881 936 881 411 970 373 476 476 414 691 103 414 458 476 691 691 936 571 373 635 411 881 770 373 373 868 571 970 103 928 329 691 501 373 571 936 635 970 54 329 373 501 571 881 458 936 881 881 411 571 881 103 936 54 373 881 103 868 501 881 691 54 970 881 329 329 373 936 571 691 54 936 936 868 501 329 103 411 928 571 501 571 868 936 373 936 936 881 881 103 414 571 928 411 103 691 970 501 476 501 373 329 414 936 680 970 770 373 501 373 936 680 414 868 411 928 329 373 691 373 868 936 571 970 881 103 571 373 881 103 970 970 936 936 329 691 881 458 411 770 881 501 571 411 103 571 691 680 54 936 103 936 881 103 373 635 103 881 770 501 868 103 54 54 373 881 54 680 970 970 691 571 54 936 411 571 635 881 103 329 936 881 373 373 414 928 103 881 103 970 373 411 970 970 635 936 476 936 373 881 103 501 970 501 770 458 329 680 373 373 501 881 691 881 680 680 458 970 458 458 936 571 329 691 373 936 458 936 928 329 881 571 881 571 373 928 476 936 411 868 881 54 691 868 691 501 881 411 680 691 680 881 970 476 936 458 54 373 329 373 458 691 103 501 635 373 103 691 373 329 936 928 635 970 373 571 103 770 691 635 936 970 501 411 770 329 881 928 970 501 680 970 103 571 501 373 458 411 970 373 635 54 635 936 571 970 373 103 770 770 868 373 373 691 411 868 691 881 635 458 414 970 414 680 770 103 458 928 103 458 770 970 936 770 970 103 501 103 458 501 54 691 414 881 691 881 881 868 928 691 476 936 476 329 691 54 970 571 329 881 476 936 680 881 411 476 868 103 691 680 680 411 881 680 881 691 691 928 329 501 458 881 936 928 881 476 868 103 691 414 414 458 373 54 928 680 476 501 501 103 936 691 680 571 373 868 476 373 691 329 501 928 691 458 476 970 476 571 103 770 411 103 881 691 936 691 411 54 881 680 458 103 373 691 770 373 680 54 373 970 373 691 635 691 635 571 571 770 868 373 329 103 691 970 936 691 373 103 635 936 936 329 571 54 936 54 928 103 329 635 970 770 458 103 329 501 103 970 373 476 635 414 970 635 329 680 868 501 458 411 936 373 881 414 868 868 329 881 691 458 476 635 571 635 881 458 691 928 881 881 936 458 868 881 103 458 680 970 936 414 680 936 103 329 476 411 881 868 928 54 103 571 881 881 881 373 476 970 936 501 458 881 571 373 680 411 691 936 928 881 411 680 329 970 635 970 373 103 635 970 373 868 414 103 373 103 691 571 411 936 868 501 881 936 680 936 936 103 868 373 476 411 373 970 476 103 936 103 970 411 373 103 970 476 103 411 373 571 501 970 476 680 373 691 458 329 936 54 476 970 970 770 691 770 928 571 881 103 936 691 770 691 928 881 103 770 691 411 680 635 770 881 458 103 103 329 868 936 691 868 970 411 691 635 373 329 970 501 103 970 103 970 936 103 881 501 373 458 103 691 928 373 691 680 458 881 476 970 881 414 329 928 411 54 936 458 868 680 680 635 476 868 635 414 936 103 54 936 501 868 501 691 458 373 936 970 501 936 54 691 103 635 881 411 571 868 691 936 691 54 928 635 936 691 411 881 936 414 881 970 411 571 881 103 680 970 501 970 414 458 970 103 414 329 54 928 881 970 936 373 414 373 770 928 970 103 868 881 414 501 501 571 691 868 54 501 103 476 970 103 414 373 881 928 411 936 936 928 411 373 881 881 373 103 411 928 970 691 881 691 373 881 571 571 691 476 373 881 476 970 571 881 103 936 329 635 970 571 936 936 411 635 414 458 458 936 881 770 458 329 373 970 881 928 458 373 881 571 635 103 680 635 936 770 329 770 928 373 458 936 458 103 103 54 54 476 329 103 970 329 411 373 329 868 103 970 501 501 411 373 881 54 881 881 414 103 373 501 373 770 691 680 970 103 571 54 571 103 881 970 691 936 501 881 691 103 476 936 571 881 103 414 680 373 970 103 373 411 373 868 458 571 770 571 458 881 373 868 868 373 103 928 501 501 54 414 970 970 571 571 970 970 373 414 691 691 571 970 476 881 103 691 881 868 103 691 936 54 458 868 329 476 103 970 691 103 501 970 936 680 881 881 373 881 373 881 571 635 680 881 635 329 936 501 970 635 928 635 103 54 329 970 458 54 868 373 881 476 411 411 458 970 881 881 770 970 928 329 373 373 373 881 680 691 329 458 373 928 868 103 936 680 970 373 691 970 970 868 881 770 928 691 54 970 881 936 373 928 329 936 936 103 936 373 329 868 691 881 936 868 458 373 936 54 501 329 373 770 936 54 476 476 881 936 373 103 691 936 501 411 373 103 373 635 373 936 373 329 691 936 329 54 635 103 936 881 414 936 501 970 635 411 936 868 691 881 691 691 414 103 936 103 103 970 501 936 691 936 881 373 501 936 936 458 770 881 458 881 373 571 970 458 414 373 936 501 329 936 329 770 476 54 970 770 411 868 329 680 881 414 54 411 476 103 680 103 691 458 635 936 970 936 414 103 770 411 881 411 414 458 458 868 501 103 868 881 373 329 373 770 476 373 936 970 411 936 936 103 329 770 635 411 970 501 414 635 103 881 476 881 373 476 458 373 868 103 881 571 691 411 373 54 501 881 329 680 936 691 680 329 881 373 680 329 970 881 476 458 691 103 571 329 928 103 970 329 881 476 691 103 501 691 476 411 770 680 770 373 373 414 103 476 691 329 691 476 103 501 936 476 635 691 103 970 501 103 329 103 414 103 458 635 970 936 770 373 936 411 680 373 414 329 770 414 103 970 881 691 414 881 501 373 881 414 571 936 571 329 770 691 680 373 476 928 928 680 411 868 411 571 691 103 868 411 635 103 881 329 936 373 691 458 635 970 881 936 571 970 103 476 329 329 970 970 881 329 881 770 928 373 936 691 54 970 501 103 571 635 501 936 868 103 680 635 103 103 936 680 103 373 680 373 928 691 54 103 691 411 868 476 373 691 373 103 476 103 881 329 329 373 770 103 458 691 373 373 458 103 635 970 680 691 501 571 414 881 373 970 414 868 680 680 571 970 970 373 881 458 414 458 54 103 373 501 691 970 635 936 411 928 928 373 881 680 54 936 501 868 373 691 411 881 691 329 928 691 970 411 501 373 501 501 103 571 103 476 936 571 970 936 501 571 868 770 881 691 936 691 680 635 458 881 414 414 329 680 476 373 970 936 373 501 691 868 970 928 501 936 329 770 103 770 103 103 458 970 936 970 103 54 103 373 936 373 476 680 936 970 691 501 936 501 54 691 928 691 770 936 329 373 414 373 476 936 936 571 476 571 103 373 54 970 458 571 414 571 414 970 936 770 411 680 476 928 458 868 54 501 373 54 680 103 329 103 770 103 414 373 373 881 103 770 103 476 868 329 103 881 103 970 103 501 103 329 868 970 691 936 329 936 691 54 936 54 411 881 329 411 103 868 54 476 928 970 936 414 476 936 54 458 770 103 868 881 970 373 928 329 476 329 680 881 103 103 691 103 458 458 881 928 770 936 373 928 373 691 103 329 868 868 411 411 54 970 373 414 881 373 970 103 54 881 868 373 691 881 411 103 373 936 373 458 373 680 770 881 571 635 458 970 881 411 411 881 501 571 970 373 928 868 970 770 770 103 936 770 691 103 571 770 881 881 373 373 970 373 691 414 680 373 680 103 936 691 970 936 881 635 54 936 936 970 970 936 881 501 635 329 414 868 770 635 458 373 936 680 936 501 881 411 680 571 373 691 373 414 868 881 970 414 571 373 329 881 635 411 414 928 501 476 373 411 936 635 881 868 411 970 868 928 691 928 571 881 414 103 881 414 103 970 936 691 476 881 868 103 458 928 476 571 691 691 501 329 691 881 329 936 868 414 881 373 103 936 54 680 635 411 928 868 571 680 691 691 881 476 881 458 770 868 691 103 103 373 970 54 458 571 936 414 373 103 770 936 373 103 881 411 571 691 970 414 936 691 691 936 54 928 691 329 770 691 936 881 103 501 970 881 881 103 103 970 970 635 970 936 373 936 411 970 970 635 411 936 936 414 936 476 458 928 501 928 571 571 373 770 635 936 458 458 373 680 414 571 928 680 868 329 635 373 458 691 414 501 54 373 691 970 970 868 414 373 881 476 329 868 928 881 501 373 680 936 103 691 970 501 411 770 411 770 501 54 928 680 881 770 691 373 329 970 936 501 373 970 936 868 458 881 881 373 680 680 936 414 691 373 881 373 476 680 928 691 936 103 970 770 414 970 928 414 329 970 970 411 476 881 476 476 881 329 103 936 411 501 476 103 571 970 414 970 103 373 936 680 881 373 373 970 691 411 936 868 411 881 691 103 680 691 691 329 411 881 770 770 458 691 936 936 680 770 680 458 103 970 970 936 691 54 691 329 414 691 103 103 770 103 770 414 970 936 936 373 868 691 476 680 476 868 373 970 571 936 103 476 691 501 329 411 411 571 54 373 936 373 635 868 414 476 54 868 691 936 414 635 691 373 411 881 476 881 571 414 881 936 411 691 970 414 501 501 928 881 414 414 501 881 373 373 458 476 770 571 881 571 936 103 373 881 881 414 329 691 329 476 936 476 691 476 936 970 571 414 680 103 680 103 571 691 373 501 54 373 970 411 691 103 970 691 571 373 936 936 54 501 476 691 373 458 868 103 691 928 411 970 691 691 329 635 881 691 881 103 373 103 868 970 373 936 691 571 691 103 103 54 501 691 680 476 970 970 936 770 458 691 476 635 970 970 936 501 928 936 373 881 936 373 635 691 414 691 868 571 936 936 373 414 936 54 103 970 680 970 881 458 770 329 936 770 54 571 103 691 881 103 881 54 329 103 501 770 501 411 928 54 329 691 881 54 501 103 414 373 103 476 373 54 970 970 501 635 691 373 635 476 868 476 936 103 103 881 54 970 881 936 476 476 54 476 373 936 970 970 103 458 936 936 476 571 936 571 635 928 373 691 691 970 501 691 691 329 881 458 458 329 868 691 936 936 571 571 928 936 691 970 881 373 881 881 936 329 329 680 691 373 571 936 373 770 868 928 501 103 103 691 373 373 635 970 881 501 970 501 936 936 691 103 881 680 881 936 936 881 571 936 458 936 928 54 881 881 635 103 476 881 329 691 881 411 414 970 881 501 411 928 103 881 936 970 881 770 414 770 691 970 881 691 329 571 571 680 680 414 103 103 329 373 373 928 770 414 770 936 414 54 691 970 691 373 881 411 970 458 881 373 868 970 691 868 103 881 868 458 928 970 103 970 936 373 501 414 501 936 501 414 970 571 868 54 373 936 928 329 970 881 691 476 458 373 501 414 571 691 881 868 373 458 881 691 881 373 928 936 103 54 458 691 501 571 103 373 970 936 970 936 329 103 54 458 329 691 680 936 373 936 411 103 635 414 373 691 414 691 373 54 936 805 805 805 805 805 805 805 805 805 805
