10099 1000 1000
551 714 951 0
111 274 708 975 0
291 625 718 904 951 0
223 0
590 797 805 887 0
9 303 661 748 759 0
7 254 340 838 0
25 97 175 263 824 0
292 666 853 913 0
441 0
261 522 917 0
401 439 0
42 351 450 544 741 0
483 531 0
75 396 449 470 649 914 0
85 416 0
711 726 871 0
410 437 551 751 946 0
75 101 272 0
288 722 764 0
81 432 547 724 924 0
81 488 620 0
145 301 439 498 645 861 0
196 217 270 421 494 575 578 640 910 915 0
140 662 811 999 0
5 333 672 836 864 0
214 352 553 960 0
637 648 0
420 566 0
37 372 527 857 922 0
37 135 353 575 613 864 993 0
282 634 764 765 0
17 73 802 0
33 127 409 534 592 0
558 566 830 997 0
358 880 881 968 0
209 526 673 698 859 0
136 991 0
104 136 222 243 263 366 0
232 574 646 0
149 180 223 699 0
468 601 659 0
63 331 390 391 458 524 545 717 963 0
36 322 532 829 0
38 838 935 0
470 636 861 0
8 273 426 0
196 270 713 892 0
84 126 227 928 0
566 703 783 0
178 412 439 667 0
88 313 343 444 761 872 0
620 711 743 766 0
505 751 968 0
127 191 500 735 836 962 0
75 961 0
315 882 0
430 633 635 725 991 0
815 876 936 965 0
135 144 288 316 391 495 987 0
657 829 857 905 974 0
221 335 483 686 694 0
141 333 723 0
507 662 0
230 814 848 0
42 382 520 647 0
513 651 759 892 0
401 403 426 665 707 0
426 820 859 0
56 263 338 483 713 991 0
306 648 846 949 0
63 219 225 273 669 0
431 530 0
725 785 0
196 395 519 655 755 757 0
71 783 795 913 958 991 0
101 420 724 879 0
725 767 0
3 122 173 447 847 963 0
814 940 981 0
3 690 793 909 0
123 247 683 790 953 0
65 247 314 635 664 715 763 788 0
406 757 781 844 948 0
322 449 807 818 820 974 0
165 501 599 955 0
393 505 737 0
59 732 0
314 416 431 730 752 0
53 505 789 0
138 193 661 946 0
66 265 585 605 752 823 880 0
48 421 0
132 364 688 765 767 969 0
534 0
668 830 0
206 544 0
552 562 0
82 764 892 0
442 0
766 844 895 0
431 492 0
82 153 208 652 952 0
342 707 736 0
145 459 638 0
395 548 0
452 834 966 0
64 579 586 592 737 817 950 0
19 289 415 494 557 753 0
220 701 738 0
279 578 755 872 0
84 606 837 943 0
505 0
25 403 459 573 782 0
334 522 898 994 0
149 286 341 368 513 696 741 892 993 0
334 558 638 641 0
281 284 444 758 779 0
81 97 243 341 0
26 219 558 659 690 721 788 0
60 157 600 653 702 787 863 868 0
219 301 459 607 717 0
824 940 0
176 299 710 918 929 965 0
112 232 648 652 956 0
15 42 548 572 0
236 264 291 419 0
90 328 340 496 640 738 814 0
28 664 669 959 0
16 624 0
310 357 475 912 0
158 512 810 0
54 90 143 480 0
355 420 898 983 0
56 63 569 0
187 211 227 311 500 0
707 778 0
200 740 989 0
95 342 610 611 614 732 845 861 0
169 172 430 764 777 0
194 263 506 520 0
120 424 726 888 0
101 199 375 500 598 602 815 891 0
210 301 417 466 534 0
166 565 0
67 98 408 425 633 719 734 0
205 376 657 661 0
243 336 349 449 584 736 0
8 502 655 0
429 0
96 230 253 313 409 527 530 734 921 0
113 600 657 0
225 292 361 569 679 0
118 153 613 0
85 142 324 483 842 884 0
383 588 602 0
154 296 0
222 626 763 0
205 307 549 930 0
61 139 356 905 0
529 602 611 0
473 533 928 0
100 725 794 917 0
155 255 409 0
186 237 787 0
367 389 472 881 0
421 464 826 0
23 45 742 995 0
30 378 620 0
820 868 877 0
215 252 931 0
311 347 413 0
368 426 476 711 0
110 429 0
716 741 0
83 443 669 0
725 918 931 0
99 373 676 781 820 885 0
250 346 396 664 0
226 334 666 0
85 103 154 233 0
288 348 660 928 0
934 0
475 589 626 0
7 498 626 767 870 0
126 133 220 270 333 543 0
442 856 0
73 184 231 0
165 175 276 347 368 745 944 0
64 331 707 971 0
531 558 661 778 863 0
338 364 475 0
206 0
312 708 893 0
17 224 650 731 0
147 489 790 0
63 117 130 383 0
305 399 0
520 654 0
330 339 452 826 941 0
244 259 473 618 901 0
359 586 609 871 985 0
201 458 750 869 0
146 240 875 977 0
38 163 266 392 479 0
21 212 220 300 531 673 835 956 0
223 0
120 369 423 672 853 1000 0
755 835 948 0
141 455 509 964 0
4 69 604 654 0
187 304 531 690 811 0
711 0
129 262 708 0
232 418 454 832 921 0
114 630 987 0
102 227 710 752 848 0
418 505 0
335 361 534 949 0
221 654 802 0
351 512 946 0
369 615 745 841 0
117 192 236 285 288 388 832 0
416 496 700 0
238 348 738 765 792 0
736 0
128 150 464 918 0
91 546 883 0
127 142 277 473 0
63 507 549 552 570 589 815 0
148 676 0
158 385 0
147 472 903 0
238 307 633 720 0
46 391 621 660 840 0
260 462 0
248 276 382 0
220 374 378 556 0
18 25 614 619 0
297 416 533 552 0
467 715 892 919 0
167 195 226 259 314 378 742 814 0
216 234 349 361 673 693 778 0
1 230 520 524 0
271 426 566 732 748 0
279 284 442 576 874 984 0
267 284 333 808 880 921 0
39 612 909 936 0
439 527 593 757 772 993 0
103 563 874 0
68 869 0
732 856 0
264 419 654 970 0
308 462 485 488 666 0
289 373 559 967 0
80 128 338 378 424 439 605 676 1000 0
217 252 673 0
466 713 739 860 0
118 223 235 286 0
371 550 619 664 0
205 804 806 0
18 146 539 0
57 170 300 612 761 0
128 408 550 571 0
46 406 538 775 786 869 950 0
134 144 233 718 981 0
96 108 263 546 596 716 979 0
217 343 841 958 0
460 0
38 81 249 448 920 944 0
23 189 236 856 0
33 785 0
21 85 213 252 0
4 157 617 876 901 0
667 0
131 514 583 871 906 980 0
236 635 0
59 364 617 758 935 956 0
331 405 541 825 0
70 940 0
164 202 233 367 380 0
331 597 605 978 0
270 736 0
63 288 675 947 0
526 532 915 0
3 739 810 959 0
91 433 591 752 760 767 0
128 665 891 0
356 596 713 939 985 0
100 104 495 742 974 0
44 125 415 516 0
105 132 655 924 0
62 204 461 728 983 0
244 370 402 671 829 0
278 416 623 743 0
147 302 423 817 924 0
179 373 0
8 100 118 168 202 221 525 654 984 0
418 716 745 835 973 0
83 582 962 0
258 335 447 472 737 816 0
59 506 943 0
179 757 0
4 61 354 603 894 0
114 508 0
33 475 0
313 359 0
171 483 611 854 0
832 0
333 573 970 0
15 367 796 882 931 0
800 914 0
1 641 652 943 0
407 803 920 0
771 0
408 530 0
150 292 371 498 0
14 157 257 532 667 688 0
50 582 690 790 0
2 291 671 854 899 0
442 445 529 543 761 771 0
173 296 335 634 726 0
15 336 889 0
48 306 375 0
6 247 453 0
141 277 708 0
9 391 576 975 0
7 82 386 412 555 678 776 0
85 258 729 0
30 49 328 456 722 864 978 0
245 350 927 0
168 294 435 641 695 997 0
106 603 659 661 748 0
629 644 737 0
132 617 622 633 735 0
32 101 312 460 0
7 118 857 931 0
426 545 740 933 963 0
318 487 597 601 980 0
682 756 806 863 971 0
442 568 690 798 800 0
236 298 343 555 833 933 0
940 0
15 184 748 810 0
219 241 468 710 924 0
63 325 476 776 0
18 428 886 0
127 537 655 686 816 903 0
104 349 540 0
298 383 724 827 894 0
83 137 250 435 503 787 0
384 485 0
196 310 718 944 0
53 182 593 718 730 908 0
89 306 426 465 581 704 0
71 232 560 0
64 293 327 792 857 0
104 176 481 512 718 735 0
81 214 425 537 569 596 637 0
141 593 675 967 0
396 594 752 0
123 481 632 690 778 960 0
169 258 277 431 600 756 0
94 453 919 930 0
235 629 860 875 0
448 462 0
174 821 0
41 149 218 425 555 588 686 0
367 466 498 538 553 570 777 950 0
300 440 594 885 0
273 0
334 901 923 0
10 317 350 0
189 318 500 625 0
10 51 88 116 925 0
189 216 760 841 0
709 733 918 958 0
553 0
111 119 192 332 413 717 818 891 968 0
50 72 250 0
198 238 276 577 713 906 928 0
82 234 574 938 0
412 540 666 804 0
215 235 450 484 816 843 0
386 474 606 718 835 935 0
98 452 507 0
411 485 684 773 782 797 847 0
314 475 0
286 488 765 0
317 429 433 455 737 929 0
714 0
240 766 0
154 174 503 661 777 853 878 0
195 350 414 438 0
187 255 450 0
116 415 936 961 0
102 485 793 0
367 475 516 855 879 0
102 0
78 295 607 0
148 412 751 924 0
101 216 339 351 471 630 0
267 679 761 0
71 91 557 748 944 0
552 637 843 967 0
115 284 425 948 988 0
210 586 639 0
296 409 450 739 774 804 0
566 750 0
10 271 767 957 0
196 368 452 728 812 0
124 174 677 705 711 774 0
237 506 673 681 790 827 845 0
382 452 601 639 662 706 757 0
87 434 565 653 800 0
294 612 719 736 827 0
80 141 181 0
73 278 387 461 531 571 866 872 0
86 142 893 0
124 411 491 0
177 0
111 471 558 590 0
116 442 794 835 913 0
34 622 658 0
190 227 519 0
198 309 613 834 1000 0
129 631 0
110 158 723 0
260 418 710 0
31 118 439 734 931 0
212 331 839 0
194 323 450 552 0
229 667 824 888 0
34 125 196 200 235 0
152 492 981 0
557 680 833 0
59 251 304 336 410 814 0
84 337 364 391 791 0
430 635 656 733 0
216 328 0
49 236 588 858 0
300 647 0
314 859 0
148 338 424 0
377 399 463 552 646 0
142 368 457 743 0
178 888 0
248 633 674 723 995 0
281 397 723 0
226 315 339 662 795 0
490 557 591 754 985 0
107 345 811 875 0
300 965 0
65 321 448 758 932 0
209 674 915 0
310 735 0
911 0
241 589 593 971 0
174 809 958 0
112 313 416 424 652 966 971 0
11 48 358 745 930 993 0
67 680 684 701 717 876 0
187 879 969 0
212 667 0
493 595 989 0
570 835 946 0
205 582 632 635 836 0
300 482 557 666 0
2 159 354 684 800 992 0
152 193 424 568 704 0
88 242 388 481 651 960 1000 0
218 479 563 0
543 778 870 877 934 0
713 833 0
10 22 73 525 765 0
409 489 692 705 884 0
100 195 469 0
243 610 729 959 0
740 912 992 0
34 333 349 401 795 0
447 675 913 935 0
131 475 0
170 561 866 0
45 53 623 682 810 0
222 528 0
480 641 650 761 779 0
216 339 0
19 270 0
139 294 649 815 911 0
55 784 954 999 0
276 386 0
519 528 560 665 787 0
423 549 566 574 810 987 0
410 532 656 896 0
442 817 929 0
270 464 854 0
155 275 469 972 0
492 879 923 959 968 0
301 0
536 746 0
93 515 0
170 297 683 962 0
113 532 743 896 0
275 461 995 0
26 32 43 713 887 936 0
796 802 0
227 257 400 422 892 0
25 531 552 554 623 675 0
156 212 597 621 704 0
666 721 935 989 0
216 232 590 689 0
71 265 344 390 594 636 700 0
149 358 0
163 433 606 687 729 905 940 972 0
155 383 626 923 0
98 237 258 673 706 0
64 0
340 668 0
469 0
661 844 0
485 525 613 830 0
203 321 448 477 734 0
309 479 823 896 0
343 461 633 676 970 0
236 0
65 116 270 307 424 431 509 702 0
289 800 0
376 412 720 0
64 124 231 523 0
221 229 885 987 0
595 993 0
126 755 779 869 947 1000 0
207 445 507 960 0
85 202 275 306 0
125 132 556 880 0
77 343 537 986 0
544 560 719 815 939 0
3 749 0
213 255 781 802 875 0
326 343 639 0
92 720 821 892 0
714 715 750 908 0
418 0
7 84 748 871 0
138 547 622 942 0
442 542 706 0
974 0
231 441 0
346 673 702 0
217 381 401 448 601 0
475 758 922 0
1 163 570 0
110 264 980 0
102 289 524 0
239 356 435 901 993 0
324 713 739 0
305 374 685 842 0
239 360 710 0
13 524 626 647 964 0
178 201 513 684 856 0
202 516 592 777 0
22 408 0
67 351 819 878 0
368 615 668 705 0
157 376 412 558 0
134 190 331 0
205 400 422 481 815 0
203 312 521 877 0
406 513 1000 0
432 873 0
197 617 900 963 0
55 104 504 881 0
104 303 440 587 603 0
358 776 0
4 416 489 673 692 928 966 0
224 752 0
354 399 501 605 900 911 0
86 401 0
372 780 951 0
38 368 549 758 899 905 0
108 452 914 918 0
54 81 641 693 779 881 0
88 121 386 590 875 0
38 77 313 416 750 887 0
5 151 335 506 535 612 0
128 310 347 539 549 909 969 0
17 430 700 808 979 0
64 316 696 838 0
860 909 0
251 810 0
199 442 560 0
244 461 884 936 0
148 327 583 635 0
40 520 522 661 886 0
344 860 947 948 0
39 48 0
180 276 316 0
139 703 971 0
166 256 370 463 477 533 834 0
148 634 650 955 972 0
12 90 408 636 0
15 345 445 556 0
149 195 506 868 0
72 566 740 0
372 601 701 993 0
336 441 604 0
32 70 83 161 215 466 0
89 290 521 0
2 230 749 0
534 0
85 88 158 191 264 333 0
267 418 536 0
189 262 445 507 673 741 837 0
237 474 769 0
741 762 996 0
147 188 336 682 932 0
257 714 942 0
74 220 982 0
314 378 547 776 0
112 262 773 0
305 462 479 604 934 980 0
347 547 841 958 969 0
312 332 662 724 738 763 0
144 509 702 714 969 0
499 880 0
504 509 0
93 448 491 507 0
373 453 696 756 822 901 0
141 258 611 612 617 659 0
861 0
316 493 645 825 898 0
42 189 0
620 679 806 0
108 591 649 848 925 929 0
141 441 445 451 0
269 661 931 1000 0
101 0
20 117 370 636 0
287 360 696 709 722 881 0
123 180 254 279 286 492 531 545 754 791 0
128 133 380 0
281 320 338 864 948 967 0
822 0
501 502 0
231 360 530 534 663 0
176 556 0
322 478 621 787 790 0
83 902 0
592 629 907 0
113 279 418 0
13 356 431 960 992 0
250 341 526 592 805 812 0
166 508 757 0
531 648 727 844 0
334 370 745 0
103 434 0
687 756 767 831 0
280 670 685 711 0
256 471 625 794 963 0
27 307 561 0
58 420 504 0
260 364 438 0
134 271 558 638 668 728 782 0
293 722 906 0
341 892 0
694 733 0
392 691 886 0
232 544 689 0
123 255 258 477 749 0
12 640 867 0
143 313 952 0
501 656 790 0
87 294 502 680 0
665 797 0
282 803 804 959 0
981 0
397 663 735 972 0
348 649 663 724 808 836 0
165 343 441 534 0
20 322 324 438 553 0
40 275 0
53 191 665 0
13 201 235 641 883 898 0
316 330 675 980 0
552 745 0
4 8 739 0
387 617 805 902 0
337 815 828 977 0
237 536 759 0
62 107 198 404 0
311 748 0
340 0
255 281 0
6 83 586 618 0
79 367 722 733 0
288 382 776 0
63 164 258 299 801 996 0
416 804 908 0
256 730 0
9 30 211 377 493 699 941 0
40 89 460 932 0
584 766 0
164 488 702 733 864 915 919 0
310 514 700 0
176 199 724 817 0
560 651 0
81 303 361 572 586 620 705 752 910 0
407 456 923 0
237 837 0
288 404 416 456 512 0
181 317 502 665 855 0
165 179 227 716 0
168 212 665 807 0
704 0
132 636 0
660 0
118 234 486 0
18 125 209 212 388 563 823 955 0
165 181 810 0
290 0
207 555 609 646 727 890 0
113 219 469 0
221 560 610 0
446 810 930 0
164 215 625 709 915 940 953 0
57 641 970 973 983 0
12 222 650 838 0
300 321 564 0
140 237 0
7 291 620 704 855 0
102 176 552 669 707 916 0
266 684 0
265 371 499 506 806 857 0
108 615 894 0
411 452 872 0
84 278 337 710 882 960 0
281 395 436 948 0
468 959 0
252 296 824 840 906 0
725 773 823 0
388 446 512 818 931 0
64 76 173 324 407 0
71 287 323 407 535 824 0
85 378 435 789 987 0
37 129 295 478 630 637 0
191 231 279 0
222 303 427 474 829 985 0
306 789 803 829 903 0
12 68 144 686 0
329 369 554 604 871 0
608 725 0
581 644 678 752 906 0
189 191 510 0
339 503 788 0
181 237 277 421 447 763 954 0
48 94 529 566 942 0
749 0
94 480 712 0
112 313 818 0
363 529 0
299 358 411 648 906 985 0
339 511 538 766 849 0
110 146 407 515 630 681 976 0
180 762 948 0
213 289 320 942 0
501 590 760 827 0
228 271 311 349 386 414 0
170 777 995 0
637 772 831 0
160 577 0
346 757 775 851 0
20 108 489 0
11 207 681 732 991 0
549 791 821 853 0
9 753 829 0
100 440 508 513 577 969 0
139 347 780 935 973 0
553 635 738 832 979 0
62 740 956 0
211 291 735 916 980 0
119 408 0
322 831 966 0
350 829 0
15 294 623 842 996 0
119 177 369 453 727 0
261 308 310 390 779 0
28 243 253 659 768 790 906 0
316 349 500 758 879 0
80 264 411 990 0
102 372 532 643 0
108 374 0
205 206 293 368 417 699 0
546 983 0
989 0
496 499 914 0
422 536 707 0
514 724 989 0
175 184 263 275 448 465 739 990 0
215 315 602 0
571 684 0
117 118 562 612 692 894 0
120 238 337 686 708 730 0
326 443 763 0
479 741 850 0
35 223 567 849 0
490 835 953 0
15 81 158 178 255 323 689 0
123 434 727 766 0
46 601 874 0
682 752 892 0
192 463 831 0
202 271 603 0
540 0
25 144 588 795 810 0
237 245 401 403 411 660 0
26 197 200 556 878 999 0
84 200 0
65 319 349 627 676 711 785 911 937 0
191 804 0
277 398 420 705 0
128 544 934 0
165 714 911 979 0
40 507 780 0
883 0
205 281 325 606 810 0
27 104 295 465 934 988 0
384 405 475 501 631 750 0
5 275 784 0
12 61 143 669 0
331 519 0
105 306 404 869 0
18 245 349 802 0
773 979 0
248 360 460 994 0
14 671 784 917 0
231 503 547 0
56 116 219 309 660 738 795 880 960 0
179 426 698 0
34 190 793 942 957 0
113 736 0
736 854 0
11 122 356 772 781 0
97 963 0
22 64 175 181 250 360 444 459 747 831 0
65 110 136 323 389 772 0
121 865 874 0
129 393 455 591 802 815 0
12 73 205 411 437 658 0
152 289 326 332 0
463 573 927 936 990 0
129 135 295 332 384 451 483 508 838 0
32 123 373 560 784 946 0
791 0
196 675 0
2 140 998 0
253 454 512 518 619 897 0
276 639 825 0
22 106 610 637 916 0
312 317 783 958 984 0
39 636 888 900 0
269 439 733 800 866 934 951 0
81 120 296 796 0
148 251 371 508 0
368 531 551 0
212 611 742 0
223 308 346 992 993 0
57 61 476 787 849 856 947 0
418 478 491 682 0
15 63 302 788 0
12 283 440 792 0
214 448 898 0
204 320 403 0
177 197 662 812 0
332 476 733 0
163 165 875 894 0
227 344 352 0
166 437 0
31 47 107 284 399 679 801 831 910 976 0
251 267 535 622 0
7 941 0
121 302 311 588 749 856 0
9 410 450 573 819 0
271 473 537 612 0
107 117 280 284 368 519 871 0
1 33 248 506 0
388 499 696 0
183 575 0
101 0
163 216 299 935 0
353 791 0
75 272 0
323 544 845 891 0
136 248 537 783 844 931 995 0
88 831 0
4 51 578 973 0
164 195 228 245 996 0
640 754 768 903 919 0
949 0
338 642 754 983 0
70 910 0
60 86 160 189 0
4 28 105 346 447 0
513 529 535 909 0
99 209 467 576 715 985 0
453 754 780 0
562 0
93 917 0
487 949 0
73 115 852 926 0
70 609 841 894 0
502 526 661 673 745 747 794 883 0
167 173 186 330 401 403 827 829 973 0
290 632 677 903 0
365 784 919 1000 0
40 103 630 961 0
227 422 0
36 472 547 809 879 947 0
871 0
128 303 335 629 0
618 735 939 0
364 409 443 604 0
744 0
64 77 409 445 0
93 163 349 389 443 806 0
404 524 557 584 725 756 983 0
64 319 420 485 544 818 858 859 0
171 377 393 398 0
209 942 0
20 116 137 151 552 0
188 801 903 0
314 0
308 604 663 718 839 0
246 363 457 482 522 643 715 934 0
189 329 331 532 774 879 0
12 195 312 479 798 916 0
84 162 960 0
198 0
833 913 952 0
562 625 649 914 0
283 675 816 905 915 0
266 420 840 0
91 838 876 0
105 297 325 0
9 129 259 275 315 636 0
341 442 521 0
261 391 629 863 941 0
87 618 760 778 809 0
192 515 658 0
26 70 342 530 590 749 0
192 846 0
90 470 629 945 984 0
32 62 726 897 0
47 815 0
289 689 730 856 0
98 169 309 0
117 444 878 0
207 314 480 526 551 0
35 495 691 851 0
130 318 338 433 532 605 786 899 964 991 0
809 0
195 204 255 760 0
291 320 585 885 988 0
42 280 0
177 692 935 0
10 622 649 680 1000 0
49 0
60 347 0
774 907 943 0
25 75 596 762 0
267 286 0
327 412 599 950 0
166 332 0
391 477 547 719 978 0
140 714 0
116 299 881 912 0
17 939 0
469 496 740 0
207 225 237 355 436 519 563 827 0
327 438 842 998 0
824 914 0
395 579 856 914 0
190 306 0
17 68 272 462 878 916 0
1 270 555 633 639 658 702 895 960 998 0
81 351 540 0
149 153 509 696 909 0
88 330 521 708 949 0
86 241 264 530 878 922 0
79 101 158 391 576 593 891 0
217 938 0
293 471 515 589 852 0
97 454 516 612 663 668 0
33 433 668 731 963 0
125 721 831 859 0
247 295 541 617 915 0
211 0
117 312 684 899 0
363 383 406 490 580 867 902 920 0
238 308 336 487 868 932 963 0
89 545 645 651 0
59 314 715 935 617 314 635 65 935 935 314 65 364 715 763 635 314 715 617 715 664 715 715 715 664 935 758 617 935 65 788 364 664 247 788 935 59 635 59 956 763 65 364 763 314 763 758 314 65 715 635 715 788 664 59 617 65 664 59 664 635 715 763 59 364 364 935 65 364 935 763 635 758 65 758 364 314 314 247 59 758 59 956 758 635 59 758 956 364 956 763 617 635 664 788 247 364 314 763 758 364 956 314 763 364 635 314 935 715 715 65 758 59 664 635 715 664 247 664 364 635 635 758 59 715 247 617 635 758 59 788 758 364 664 314 715 59 364 715 788 65 956 935 956 664 763 314 59 956 763 314 664 59 758 758 935 59 247 758 247 364 59 314 758 758 247 65 59 758 956 956 247 364 314 59 935 763 635 758 364 956 247 788 364 617 956 935 65 364 59 59 758 758 956 935 956 247 65 763 314 247 247 617 364 247 65 935 314 314 935 314 935 664 364 758 65 956 635 314 956 59 715 314 763 758 664 65 247 956 763 247 59 758 664 763 956 758 788 956 956 314 758 956 715 664 788 617 247 65 635 617 935 788 715 788 758 664 314 247 65 617 758 763 635 65 956 935 364 935 664 364 65 788 59 935 758 364 788 758 763 664 617 635 65 664 314 763 314 617 664 664 247 364 247 763 788 763 65 664 65 758 758 59 59 788 635 935 635 635 364 935 788 788 758 247 364 617 715 247 364 314 635 59 935 715 788 758 59 364 664 763 763 763 956 956 956 758 715 763 314 59 788 59 715 758 956 715 59 59 247 617 788 758 314 935 65 664 715 617 314 247 664 758 763 956 65 956 59 956 635 65 763 935 758 956 758 935 247 788 617 763 935 364 635 664 758 364 635 65 715 935 247 935 664 65 956 935 758 364 715 935 956 763 247 664 59 635 715 788 635 617 788 364 364 664 247 364 314 314 617 247 314 364 956 758 715 664 763 59 314 65 364 935 956 758 364 763 59 788 65 956 758 59 664 758 364 65 664 65 364 617 715 247 635 364 59 758 364 788 763 715 715 664 763 758 364 65 956 763 314 617 617 247 935 364 314 617 314 788 763 59 617 314 617 617 65 715 364 59 364 364 59 635 617 956 788 715 364 65 617 59 617 314 935 758 935 715 758 247 364 758 763 314 59 617 65 617 635 935 763 65 364 715 314 635 758 59 65 715 617 617 664 59 364 758 247 617 664 617 364 617 935 59 247 956 664 935 935 758 247 59 59 788 314 956 956 956 635 715 758 314 314 635 635 247 59 956 956 763 935 247 788 247 65 788 247 65 314 314 763 314 935 65 635 314 664 635 935 763 664 715 364 364 758 59 935 935 715 758 788 314 788 617 314 617 364 935 247 314 956 956 664 664 664 956 617 788 59 763 635 59 247 247 314 617 956 664 247 758 758 758 956 364 788 617 956 788 956 617 956 715 788 247 956 617 935 758 935 664 758 635 59 364 617 65 314 59 664 617 935 314 758 65 758 364 758 59 59 65 364 715 956 635 364 65 664 364 763 247 788 758 59 935 935 758 956 314 788 617 364 935 763 635 314 635 364 956 956 65 664 59 617 763 664 664 758 763 617 247 364 664 635 758 788 65 935 65 788 935 364 635 617 715 247 758 935 763 763 59 314 314 788 935 935 247 935 758 635 788 956 935 664 617 617 314 956 758 364 65 59 758 956 956 65 758 956 935 715 247 635 635 314 956 956 364 314 364 617 247 935 314 935 364 617 635 788 788 956 635 664 635 715 788 715 314 956 758 664 314 247 763 715 715 715 617 763 664 715 758 635 935 956 59 788 59 956 664 59 65 763 788 65 956 364 65 59 314 314 247 788 935 956 935 763 635 935 664 956 788 956 956 715 715 247 763 758 364 758 715 763 635 65 59 314 664 758 664 314 788 59 715 247 59 935 364 65 715 758 763 364 59 247 664 247 956 59 364 758 247 763 364 59 788 935 314 758 364 956 635 788 715 715 314 247 59 664 935 635 59 956 59 364 247 247 788 758 314 314 758 59 314 247 59 65 247 758 364 956 763 763 364 956 935 364 59 617 664 715 956 247 956 664 956 247 758 788 956 935 59 763 65 956 788 59 664 617 664 635 758 664 956 788 715 758 788 956 758 758 635 758 247 956 635 763 314 956 956 956 617 65 758 935 364 956 715 763 247 314 364 364 935 935 247 247 788 763 65 314 763 664 935 617 788 314 935 247 788 65 763 935 763 635 758 635 956 935 314 364 956 59 617 935 956 940 59 758 940 617 758 935 814 758 940 940 758 758 935 940 814 617 940 981 935 940 935 935 617 59 940 940 981 814 814 940 940 940 758 59 940 956 940 981 981 814 617 814 956 935 940 59 364 981 59 364 364 364 617 758 814 981 364 935 981 956 59 981 364 758 981 59 617 814 617 981 935 956 758 59 814 956 940 617 364 814 364 617 814 981 59 758 59 364 758 940 935 758 814 758 956 814 814 940 940 814 981 940 617 940 758 814 814 935 940 981 59 935 981 364 364 956 617 981 364 935 981 364 617 59 59 940 956 617 981 814 59 59 364 617 981 814 981 814 981 758 364 940 758 981 981 940 814 956 364 935 981 814 617 814 758 956 981 364 981 940 956 940 758 758 758 617 364 940 940 364 814 956 59 981 981 956 814 956 814 940 758 617 940 956 940 617 935 981 981 617 617 956 814 814 814 617 59 940 758 956 814 956 935 814 935 981 981 940 758 981 956 814 940 956 935 814 981 814 940 981 956 59 59 364 981 814 617 617 940 956 364 956 935 981 814 956 956 617 981 758 981 758 940 758 940 59 940 758 814 59 935 758 814 935 617 956 940 981 59 956 940 617 981 981 940 364 758 814 940 758 940 364 758 59 814 758 814 940 364 59 956 935 935 935 364 956 940 758 758 981 617 956 981 59 940 940 617 981 956 814 814 940 59 981 956 59 940 956 617 981 981 814 364 364 814 935 956 956 814 935 940 814 814 758 59 814 364 758 981 981 59 981 814 981 940 981 935 981 814 59 940 956 814 814 981 617 617 814 935 940 814 956 364 814 814 981 617 59 59 617 364 940 617 981 814 814 940 814 981 364 758 814 59 940 814 940 940 814 364 758 617 981 617 758 940 617 956 814 956 981 617 940 617 364 59 940 617 981 364 814 935 364 981 814 617 59 617 935 814 617 940 814 59 981 758 935 956 617 814 956 364 814 981 935 364 758 814 59 59 940 364 758 935 758 981 956 940 59 940 814 935 935 758 940 940 956 59 940 940 956 956 981 814 364 935 956 758 814 59 935 981 59 981 59 981 956 814 364 940 940 981 59 940 814 940 59 940 814 940 814 935 59 364 758 981 935 814 814 956 617 981 956 940 981 940 814 935 981 940 935 364 59 940 981 617 981 758 814 981 956 758 814 981 59 758 981 814 814 364 940 940 617 364 364 758 59 814 59 617 935 59 935 981 940 59 758 59 956 814 981 814 940 981 617 935 59 935 935 981 758 814 814 940 956 814 814 617 940 935 59 814 758 935 956 814 758 59 814 758 956 935 814 364 364 758 617 814 59 617 956 59 981 617 59 981 364 814 981 935 59 814 814 758 364 814 940 940 935 940 617 981 940 935 364 814 364 940 814 981 814 364 617 814 617 617 981 59 814 758 956 956 617 59 940 940 981 935 940 935 935 940 935 758 981 981 814 940 981 758 956 956 940 814 364 956 935 940 981 981 758 814 935 814 814 814 935 935 814 981 981 814 814 981 981 940 981 758 940 814 814 981 981 956 814 814 814 758 814 364 617 981 758 940 956 940 364 940 935 364 956 59 59 617 956 981 814 981 59 940 758 956 617 956 814 364 940 814 59 814 814 364 814 814 981 981 940 814 364 940 814 59 758 59 956 935 981 981 814 940 981 940 814 981 758 814 940 364 940 981 981 617 981 981 935 935 59 59 617 814 617 940 956 981 758 940 981 814 940 981 814 814 758 956 981 758 617 364 758 758 940 940 935 814 617 940 758 935 617 758 59 758 956 814 981 981 814 956 940 935 981 981 59 940 935 935 981 981 935 758 814 981 935 981 956 814 758 758 59 814 758 758 956 364 940 940 758 981 956 981 617 981 956 814 940 814 364 935 617 981 59 981 59 940 59 940 940 814 814 758 814 59 956 956 981 981 59 940 981 814 59 617 940 59 940 935 59 59 935 617 981 758 814 758 814 364 814 59 814 814 981 956 814 981 617 981 364 940 981 956 59 617 940 814 814 981 59 59 617 981 364 814 956 981 940 981 59 364 981 981 59 940 940 758 59 940 935 814 59 981 59 758 814 617 364 758 814 940 364 758 814 940 758 981 956 956 940 59 814 758 935 940 981 364 940 814 59 814 814 935 940 59 956 814 935 617 814 758 617 981 981 814 940 814 364 935 940 940 940 814 935 981 814 59 935 758 814 940 935 814 364 758 758 940 981 617 814 617 617 617 758 981 935 956 617 956 758 981 814 59 59 617 940 940 935 940 940 59 617 617 940 940 758 814 956 758 758 617 814 935 364 981 59 59 981 814 940 981 617 981 617 940 940 814 814 364 940 981 940 758 617 364 940 940 814 814 981 940 981 814 940 981 935 364 981 59 935 940 940 956 364 364 956 758 758 364 935 935 935 814 935 935 758 758 940 59 940 935 758 758 981 617 59 59 814 981 935 758 981 940 940 814 814 758 940 935 956 758 981 935 940 981 935 59 940 940 981 814 981 940 940 935 814 59 364 617 364 364 59 940 814 935 814 814 59 940 364 981 617 940 940 940 940 814 981 981 59 956 940 940 935 364 617 758 364 981 364 814 940 758 940 935 935 814 956 814 814 814 981 935 940 935 758 981 814 59 59 940 814 956 940 758 617 364 617 981 981 814 814 814 364 935 981 981 940 59 940 758 940 940 935 617 940 981 981 981 935 758 617 617 364 935 617 956 59 935 617 981 814 59 364 364 364 981 956 59 59 981 814 981 758 956 981 935 981 814 981 940 956 758 940 814 940 814 814 981 814 940 814 956 814 981 617 59 617 940 814 981 59 814 935 758 758 935 981 981 617 935 981 935 935 758 758 956 981 59 814 758 940 814 956 956 956 814 981 940 935 364 940 364 814 59 940 935 940 935 364 935 981 956 364 956 981 981 814 981 940 940 981 940 758 940 758 364 940 940 814 981 956 617 981 758 364 940 758 940 935 814 59 364 814 59 758 814 956 364 617 59 758 981 364 981 814 758 956 956 364 981 617 364 956 935 617 617 981 981 814 59 981 940 981 617 940 981 981 758 364 617 956 364 935 935 935 814 956 59 940 814 956 59 814 940 940 617 814 956 981 59 59 981 981 956 940 758 940 59 814 981 981 981 981 814 940 814 364 956 364 758 814 981 956 814 814 981 935 364 935 814 940 981 758 935 981 364 940 935 814 981 981 814 758 940 981 814 935 981 981 981 935 758 758 981 59 758 940 814 940 981 940 617 758 758 940 814 940 617 940 935 364 814 59 935 956 956 956 814 956 981 617 940 59 940 935 364 59 956 956 758 981 758 364 956 940 59 981 59 981 814 940 940 617 364 364 814 617 617 364 758 956 940 814 814 814 617 981 814 814 940 814 940 981 814 981 940 940 981 617 814 814 59 956 758 617 981 940 981 935 59 758 364 940 940 758 814 940 814 981 940 814 814 364 940 981 814 935 364 956 59 981 940 956 814 617 940 758 935 981 364 956 59 758 59 940 956 940 956 814 758 956 814 981 758 940 59 617 981 940 935 940 814 758 981 956 981 758 814 364 956 364 935 935 364 940 617 758 981 617 981 814 364 617 956 981 940 814 981 814 814 981 758 364 940 940 935 364 940 364 940 617 814 59 956 981 981 758 617 935 981 940 617 940 814 935 940 956 364 814 940 935 940 814 981 59 981 981 814 940 814 981 940 814 814 814 940 940 981 617 940 935 981 956 940 617 814 364 935 814 981 617 364 981 981 59 814 364 981 981 940 981 364 364 814 956 981 814 940 935 814 617 956 617 956 935 814 814 758 617 814 940 981 814 940 59 940 981 940 956 814 364 814 956 814 940 364 940 981 935 940 956 935 814 956 59 940 814 364 758 956 956 758 814 758 956 364 940 814 935 617 59 814 758 814 940 956 940 935 940 814 940 956 981 940 935 617 940 59 981 814 981 59 981 956 617 935 981 940 935 981 956 940 814 956 981 981 59 935 758 814 814 981 617 981 981 935 617 956 59 981 617 935 758 940 814 940 981 940 956 814 814 59 981 59 940 364 758 758 814 940 956 940 956 981 940 364 758 617 940 981 940 758 935 814 940 617 981 981 59 940 981 956 617 940 617 940 59 758 940 940 364 956 981 981 364 935 940 814 940 981 981 758 59 940 956 981 814 940 981 981 956 758 617 935 935 935 617 59 617 59 981 940 758 940 981 940 935 940 814 935 935 758 956 956 935 59 814 981 981 981 59 935 981 814 814 981 617 364 758 940 758 981 59 364 814 935 940 981 956 940 935 956 617 617 940 940 940 59 814 956 981 981 814 59 935 59 364 981 59 59 59 59 981 981 935 935 940 981 981 940 981 940 940 59 956 940 940 814 940 981 59 981 981 940 981 940 617 981 814 956 981 940 617 935 940 617 617 814 59 814 814 940 940 956 935 935 364 981 814 981 814 617 617 956 981 814 935 956 981 935 59 981 814 814 940 617 814 956 981 364 758 981 364 59 758 935 758 940 956 814 940 59 981 59 940 59 814 814 364 956 981 758 940 814 758 956 981 758 59 758 981 940 617 59 956 364 814 59 59 364 59 364 981 59 981 59 59 940 364 981 940 935 981 814 935 364 956 981 935 364 981 59 981 814 981 940 940 940 940 59 981 758 940 814 981 758 940 758 981 59 617 940 956 956 981 981 59 814 935 814 956 814 940 758 758 981 814 59 940 758 758 814 940 814 981 940 940 814 940 940 981 814 981 814 956 940 935 981 940 814 981 981 59 935 814 617 59 364 814 814 758 814 935 935 935 981 940 940 940 981 758 59 981 981 814 956 940 814 758 956 940 617 364 814 935 935 814 814 814 956 758 981 59 617 981 364 940 981 59 617 758 940 935 59 758 59 617 814 981 935 935 956 617 940 59 617 758 617 940 981 940 981 935 758 981 940 814 981 935 617 935 940 940 935 981 814 935 59 940 956 956 814 758 59 59 814 956 617 956 814 758 59 814 59 956 814 59 935 956 59 935 956 940 814 981 940 758 981 981 981 935 940 940 981 935 814 940 814 935 935 758 940 814 940 940 940 981 617 617 940 617 981 940 956 364 814 59 617 940 935 940 956 814 981 981 981 364 364 814 940 935 758 956 814 814 758 981 981 59 956 758 814 364 758 935 59 758 981 981 59 940 981 935 59 981 814 814 814 617 935 758 940 956 59 364 981 935 935 981 981 59 981 617 814 758 617 814 940 981 59 364 364 956 617 758 940 59 364 935 814 814 814 981 981 814 940 617 59 814 981 617 940 981 981 981 981 59 956 981 981 940 981 814 935 940 814 981 940 758 814 940 814 940 956 617 940 940 758 940 814 940 956 364 940 956 935 364 364 981 981 814 956 940 940 935 981 956 981 758 940 59 59 940 956 758 940 758 758 617 59 758 59 758 814 59 59 935 940 364 981 814 940 940 956 981 59 981 935 814 814 364 981 758 981 940 814 981 940 981 935 956 981 940 935 956 364 814 814 935 956 940 940 364 981 364 940 956 617 364 758 59 981 956 956 940 981 981 956 940 758 617 758 981 981 981 814 940 935 59 940 981 59 940 617 981 981 940 59 364 940 981 814 981 940 617 981 814 940 814 935 59 940 940 956 940 59 758 981 814 935 59 814 364 981 59 59 940 935 758 59 814 814 935 814 617 956 956 935 935 940 935 617 940 940 814 940 956 758 940 364 940 940 814 935 59 364 814 940 758 981 758 981 59 940 59 617 758 940 758 814 940 59 956 940 981 814 758 59 814 814 956 940 814 364 59 940 364 814 814 940 59 814 956 814 940 59 59 935 814 935 617 940 814 940 814 814 956 814 956 364 617 940 940 814 935 814 981 956 814 758 940 364 758 956 59 617 758 981 940 59 758 814 364 940 617 935 956 617 956 981 981 956 956 59 814 814 981 364 940 814 981 981 981 814 758 935 617 814 935 814 364 981 940 364 814 814 981 814 814 814 59 940 981 364 935 758 940 814 981 59 758 935 940 935 814 617 956 814 364 940 956 814 956 814 940 617 981 617 814 814 940 956 364 981 940 59 814 981 981 617 814 617 364 814 617 758 617 364 940 364 814 59 758 981 59 617 814 981 59 940 617 814 814 364 364 981 814 364 814 364 940 814 814 814 814 59 758 758 981 617 981 935 940 814 814 758 617 617 814 814 981 758 617 814 940 981 940 814 935 981 814 814 758 956 935 814 59 940 956 814 617 981 617 59 981 981 956 981 617 940 981 956 935 814 935 935 981 617 617 814 981 956 940 940 981 814 935 940 758 981 814 758 617 935 59 814 935 940 59 981 617 956 814 364 956 59 956 981 940 814 814 981 814 940 935 981 758 940 617 981 814 758 814 956 956 981 617 814 59 617 364 814 956 981 935 981 981 364 956 814 364 981 981 364 940 617 617 814 758 956 364 981 814 814 981 940 59 940 758 981 940 59 617 59 935 59 617 940 940 814 364 617 940 935 364 59 940 617 981 940 617 956 981 364 617 956 935 981 981 981 814 758 940 814 758 940 940 956 814 617 940 814 758 935 981 814 935 935 940 758 981 981 981 617 935 364 758 940 940 814 981 364 617 956 364 935 59 758 617 617 814 59 981 814 935 981 617 981 956 814 617 364 940 814 981 814 981 814 940 956 617 935 956 981 935 814 981 617 364 814 59 981 935 940 981 940 956 981 59 814 814 981 814 981 935 814 940 617 758 59 981 981 814 364 935 935 940 814 758 981 981 364 981 814 940 59 940 758 617 981 981 940 981 940 814 981 956 940 956 956 940 956 956 814 364 617 617 758 364 981 981 364 981 617 956 981 981 981 981 758 814 814 814 981 981 617 935 814 758 59 940 981 940 981 364 814 981 940 617 940 617 364 981 940 940 814 758 981 617 981 981 59 956 981 814 981 956 617 940 981 981 935 981 758 59 981 617 617 59 364 814 956 617 940 956 364 940 59 956 59 956 758 814 940 617 940 59 981 814 956 981 940 981 956 617 956 956 981 981 617 814 940 940 981 935 956 59 940 617 940 758 981 956 617 814 981 956 981 981 814 935 59 364 814 940 758 364 935 956 364 956 814 364 935 981 364 981 59 814 940 758 814 940 940 940 940 59 617 364 956 935 981 814 935 814 364 935 617 981 617 617 940 940 981 814 935 814 940 956 814 814 981 617 814 981 956 364 956 59 981 935 814 364 59 981 617 956 940 935 940 935 956 814 364 940 981 956 956 981 617 364 981 758 981 981 364 981 956 617 59 364 814 940 758 981 814 956 617 940 814 617 940 940 814 935 940 935 59 940 981 940 940 814 59 940 364 956 935 758 981 940 981 940 940 617 956 935 956 956 364 981 617 940 758 956 956 364 617 814 617 364 981 981 814 364 364 940 956 940 814 814 814 981 814 981 940 364 758 940 59 364 956 956 956 940 59 814 617 758 940 617 758 617 617 935 981 617 981 364 758 981 935 758 59 981 814 59 814 935 364 814 814 617 956 956 981 956 940 814 758 981 617 617 617 364 940 935 981 814 956 364 814 758 364 981 940 940 981 617 59 364 956 364 940 940 940 59 617 956 617 940 940 758 364 364 758 814 935 59 814 59 364 364 956 956 814 940 617 814 814 981 758 59 758 814 814 981 758 956 59 981 758 940 940 59 956 940 940 956 935 364 981 364 940 814 617 956 758 814 935 814 758 814 940 758 940 940 935 940 814 814 940 940 981 814 814 59 981 814 981 940 981 59 758 981 940 617 940 364 956 758 981 59 940 59 617 364 617 59 758 940 814 59 617 956 814 940 940 617 981 814 814 940 940 364 956 935 814 814 814 935 758 617 59 981 758 956 940 364 59 981 814 617 940 814 940 940 940 617 617 758 940 617 956 364 981 617 59 617 981 758 956 814 981 940 758 935 981 940 981 758 935 935 956 814 981 814 981 940 981 758 956 981 981 981 364 940 981 364 981 617 814 814 981 758 364 935 935 940 935 940 758 814 956 758 814 940 59 940 956 981 814 814 758 814 940 617 364 981 981 814 59 940 940 940 59 956 814 940 364 981 940 617 940 956 940 956 364 59 940 956 59 617 981 940 758 956 364 814 935 59 935 935 814 940 940 956 935 940 59 59 814 364 814 940 981 814 935 940 59 617 935 617 956 981 758 758 981 59 617 364 940 935 981 814 940 364 814 940 956 758 364 935 758 814 814 981 814 940 940 981 758 59 981 940 814 956 617 981 814 981 981 814 814 814 617 940 617 59 940 956 814 935 940 935 981 956 940 981 981 758 956 364 981 981 617 935 935 59 940 981 981 617 617 956 59 364 940 940 758 935 940 940 758 814 59 940 981 617 364 940 981 364 617 814 981 935 935 940 617 940 814 814 935 814 758 981 935 956 617 59 59 940 940 59 981 617 981 814 981 617 617 364 935 758 981 940 758 814 956 940 364 935 814 814 956 758 940 59 59 814 617 981 981 617 940 940 617 935 935 59 617 814 940 935 956 981 935 940 981 981 59 617 617 981 981 981 364 956 981 814 956 981 981 617 59 814 940 814 981 364 981 956 617 814 981 935 758 814 935 935 935 364 364 940 940 758 935 956 981 940 617 940 617 814 956 59 981 940 617 981 364 617 940 956 940 981 814 940 814 981 814 981 814 59 940 814 981 981 617 814 981 981 981 814 814 981 758 940 940 364 940 956 617 364 940 59 981 364 59 956 940 617 981 59 814 981 940 981 758 935 814 617 956 59 364 940 935 940 940 364 758 940 758 59 981 981 59 814 814 617 981 364 814 617 814 956 981 981 364 814 758 814 617 956 940 940 981 956 956 617 981 814 59 981 935 981 940 940 956 940 956 617 758 981 758 617 956 758 617 981 956 956 814 935 364 940 617 814 59 617 935 814 940 956 617 59 940 617 814 935 981 814 617 981 59 814 956 940 940 935 814 981 59 814 956 617 758 940 758 935 956 981 981 940 59 956 935 981 364 940 364 814 814 940 814 814 956 814 814 364 814 364 981 940 758 981 617 981 940 814 59 814 59 956 940 940 940 65 814 981 247 940 65 763 814 635 981 814 940 664 715 247 814 814 763 814 715 814 981 247 814 763 715 940 763 763 814 814 247 635 65 981 635 814 940 635 940 940 788 981 940 65 940 814 635 788 664 940 763 981 247 940 65 635 715 65 814 635 981 981 314 814 981 940 814 715 940 940 981 715 65 940 247 247 635 314 314 981 715 814 715 940 314 314 940 981 981 940 247 814 940 788 635 814 247 763 65 940 314 314 247 65 247 814 940 635 664 940 814 981 814 763 940 981 314 314 940 635 940 940 664 940 65 940 814 814 981 314 981 940 981 940 940 940 664 763 981 65 940 814 981 763 940 247 65 814 814 788 247 940 814 940 814 247 664 940 940 788 788 763 715 664 247 981 65 65 763 940 981 314 814 981 981 715 814 664 635 788 940 763 65 635 247 814 814 814 981 247 715 814 814 981 788 664 940 981 814 814 314 940 788 664 65 715 940 981 65 763 715 314 314 940 664 981 814 65 940 981 981 314 247 814 981 763 814 664 247 788 788 763 715 788 814 814 814 981 65 247 981 763 940 981 981 65 763 940 981 940 814 981 981 940 814 940 940 763 981 940 981 940 940 635 940 814 814 940 65 788 940 763 981 314 314 65 940 715 247 981 814 981 635 247 314 763 715 247 715 814 314 788 814 814 247 814 981 65 314 314 981 65 814 814 814 247 763 981 65 664 981 65 814 763 981 664 247 814 788 788 940 314 247 940 940 788 664 788 635 788 788 788 940 814 715 715 664 788 940 715 814 981 314 940 247 981 664 715 247 981 940 65 65 664 940 814 314 814 940 65 981 814 763 788 715 814 65 981 814 940 814 814 981 981 788 788 814 664 981 940 814 940 664 635 763 814 763 814 981 940 788 981 65 247 981 814 981 814 940 664 247 314 940 65 981 314 715 981 65 940 65 314 763 65 715 981 981 814 715 314 247 940 940 763 65 940 314 788 981 314 635 814 981 940 981 715 981 788 763 814 814 65 814 247 814 788 981 788 314 763 981 664 788 981 715 763 314 715 247 814 981 814 65 981 981 814 763 763 65 940 247 940 940 314 788 981 763 814 981 940 814 763 981 814 814 247 981 981 763 940 814 247 664 981 981 814 814 981 940 940 664 981 635 65 940 814 247 247 940 314 65 814 635 940 940 981 981 314 314 981 314 981 940 715 788 981 981 65 814 981 314 788 247 715 314 314 940 664 763 65 981 664 635 247 981 981 981 763 635 664 814 940 664 814 940 635 814 940 664 247 981 635 940 981 940 247 715 664 247 635 981 814 940 664 814 247 814 981 635 814 940 981 715 763 715 814 247 940 664 981 940 981 314 981 940 664 814 940 664 981 814 314 635 814 763 814 715 247 981 664 635 788 664 788 635 814 635 814 664 940 247 940 814 814 314 788 814 814 814 981 940 715 981 940 635 814 715 940 814 635 763 940 981 247 635 981 940 664 940 314 981 635 664 314 664 940 715 65 664 814 788 981 635 981 65 981 635 664 940 814 940 763 314 981 65 814 981 940 940 788 763 814 635 788 65 940 763 814 314 814 940 981 788 247 65 763 314 981 814 940 763 314 814 635 763 314 814 314 715 814 940 635 814 981 940 814 814 763 981 788 940 940 981 814 981 715 314 65 635 65 635 940 981 814 981 940 981 247 814 981 814 247 65 314 940 940 314 814 981 940 940 314 814 981 981 814 664 981 814 763 940 314 814 981 940 314 635 940 940 247 247 814 814 664 247 247 981 788 635 65 981 314 65 65 664 788 940 981 981 664 814 788 664 940 65 247 788 814 788 940 981 314 814 814 247 814 940 635 981 981 814 664 664 814 940 247 940 940 788 940 940 940 314 940 814 715 715 940 814 940 763 635 814 65 940 788 981 314 940 247 981 981 247 940 940 664 247 788 940 814 814 981 814 814 65 981 715 763 314 814 788 981 981 940 763 715 715 814 635 940 788 814 715 635 981 981 788 981 940 763 635 763 715 788 65 247 763 981 981 715 664 981 715 65 940 940 65 65 940 981 940 788 247 814 981 664 763 940 635 635 814 814 664 715 940 788 940 814 664 635 635 635 814 635 763 664 715 715 981 981 940 788 814 940 940 314 981 981 940 814 981 763 763 763 314 814 814 981 788 763 635 65 635 715 940 788 715 940 788 981 814 981 981 940 940 247 814 981 981 715 788 635 981 814 940 763 715 788 247 814 814 715 940 981 940 981 940 940 635 981 763 664 664 981 635 664 940 65 788 664 664 763 814 314 981 715 664 664 314 940 763 940 788 940 981 635 788 788 715 715 814 664 788 763 715 788 814 981 814 814 814 940 940 715 65 314 314 940 814 940 635 814 635 940 788 940 664 635 981 940 981 65 981 715 814 814 314 981 247 247 314 981 940 940 814 788 814 940 940 940 65 65 635 981 715 664 814 814 715 788 664 814 940 814 814 814 814 314 715 940 788 940 981 981 715 981 635 981 940 664 981 247 65 65 763 664 981 247 981 814 65 981 981 788 664 247 981 635 788 981 788 814 981 314 247 940 763 788 814 814 788 763 981 814 65 247 247 940 814 65 814 664 763 763 940 314 788 981 814 763 940 715 940 635 763 814 247 788 814 788 981 664 981 981 981 814 635 65 940 981 814 814 65 940 981 940 981 763 981 940 981 940 664 814 247 814 664 981 65 981 247 814 763 981 981 715 940 763 940 940 940 763 763 65 664 715 314 247 65 814 814 763 247 314 814 940 247 635 814 814 981 981 981 247 814 763 940 635 635 981 981 763 981 635 247 814 65 981 65 247 715 635 981 981 715 247 981 763 981 664 763 981 940 981 635 314 940 814 981 814 940 814 814 763 981 65 763 664 940 635 940 981 664 664 981 65 940 788 981 814 981 635 763 635 635 814 247 664 788 715 981 788 814 664 940 635 981 981 814 981 715 940 981 715 940 981 940 65 664 788 763 788 763 940 940 664 814 940 940 763 715 814 981 981 814 635 65 814 788 65 940 981 635 940 940 247 763 763 940 715 247 788 247 981 247 715 981 940 940 788 814 814 635 65 247 940 981 715 940 763 940 664 715 940 788 814 247 940 981 788 664 814 940 940 814 715 314 814 940 981 635 940 940 314 715 940 981 814 814 635 981 788 247 65 814 635 814 940 981 65 788 247 65 635 940 65 788 664 981 940 763 314 940 814 715 940 247 981 981 788 814 940 981 314 940 940 814 788 981 314 788 940 314 65 814 814 814 788 940 940 940 314 788 247 788 981 814 247 635 940 814 981 981 314 635 314 814 635 247 635 981 814 940 715 940 715 814 981 981 814 247 981 788 763 940 940 788 814 940 814 314 940 664 814 247 763 940 981 635 981 664 788 314 981 635 814 247 763 788 664 940 940 940 247 65 65 940 981 981 814 940 814 247 940 247 940 763 981 314 981 788 247 247 788 981 763 65 664 940 314 247 788 664 635 65 788 814 814 65 981 715 981 814 664 940 788 814 814 981 635 981 635 763 981 247 635 981 247 247 981 940 314 814 981 314 635 314 763 981 940 715 940 247 314 635 981 940 940 940 314 788 314 814 763 940 940 715 788 247 814 814 814 664 664 981 788 314 981 763 814 65 65 981 940 981 814 814 981 981 635 314 314 981 65 814 814 635 635 814 814 981 814 814 814 788 715 940 635 981 314 65 247 814 763 635 940 664 715 940 247 715 981 981 314 814 814 65 763 664 788 635 635 814 940 814 940 981 981 814 981 814 715 788 763 981 981 65 65 981 940 814 664 788 65 814 981 314 981 314 635 664 763 664 981 940 981 65 981 65 940 635 814 247 664 664 635 65 814 664 788 981 635 814 247 314 814 314 814 814 788 814 981 65 664 981 314 715 65 940 814 65 981 940 940 814 314 65 814 981 314 981 981 763 981 635 788 981 664 940 715 981 763 940 940 65 981 981 814 664 940 715 247 940 981 314 814 314 247 635 940 247 715 814 247 314 635 981 715 635 715 763 981 981 814 940 763 788 940 664 981 814 314 635 763 814 664 788 763 814 981 940 65 940 314 814 247 715 981 314 247 981 940 635 635 715 314 788 247 715 715 814 981 814 247 814 814 314 314 981 664 65 247 981 981 65 940 788 635 981 664 635 635 814 940 981 940 664 715 814 635 247 314 940 314 814 981 763 814 981 940 763 715 981 814 715 65 814 788 814 788 247 981 635 314 814 814 940 814 814 247 940 314 940 814 940 940 814 763 940 940 314 715 981 65 65 788 715 940 981 664 940 788 981 940 940 788 715 788 981 664 940 247 940 65 981 814 314 940 981 635 981 940 814 635 814 814 715 940 788 635 814 788 940 664 788 65 814 814 940 814 715 763 635 635 981 247 940 814 247 940 814 981 715 940 314 314 788 635 247 940 814 65 940 814 788 635 981 981 940 814 247 814 814 763 981 981 664 940 635 65 763 814 715 940 940 65 814 65 788 788 981 940 247 763 715 314 715 763 314 314 981 763 763 981 314 247 981 664 247 940 314 247 814 247 788 981 981 65 247 247 814 940 940 314 814 247 981 940 635 981 940 314 814 814 65 65 715 814 715 940 715 65 814 664 940 314 814 814 981 814 814 314 788 981 314 940 814 814 940 788 247 940 763 981 814 814 981 763 940 788 635 788 247 981 635 814 763 981 247 788 814 814 314 814 314 940 715 981 788 314 763 788 940 65 940 981 664 65 788 247 314 981 788 981 788 635 635 814 664 788 940 814 940 314 981 940 981 940 635 814 940 940 981 940 940 814 981 715 940 664 940 65 763 814 314 763 65 981 314 981 314 788 763 247 65 635 814 715 314 314 314 247 940 814 664 247 940 247 247 314 788 664 981 635 788 763 247 814 65 981 314 940 664 814 763 940 940 940 940 981 788 940 940 814 247 814 814 940 635 763 715 940 940 814 940 65 788 940 940 814 314 664 664 814 715 247 981 814 940 981 635 314 814 940 814 314 65 715 814 788 981 940 788 940 940 715 814 314 314 981 814 940 981 981 981 635 314 940 664 814 814 788 763 65 788 981 65 763 981 247 763 247 763 664 763 788 65 763 763 940 247 788 314 981 981 788 940 65 814 788 788 247 940 314 940 635 814 65 814 814 763 940 981 763 940 981 664 940 763 763 65 635 715 814 664 715 788 981 981 788 664 981 715 247 814 664 247 763 788 814 814 635 940 940 981 940 814 664 763 981 788 981 940 65 65 940 940 664 981 981 664 763 981 247 763 814 940 247 814 940 981 940 635 940 981 664 314 814 940 788 940 314 981 664 940 664 981 314 981 814 715 664 814 814 65 981 247 65 814 940 981 788 940 940 981 763 940 788 814 65 65 664 814 763 65 763 940 981 981 314 814 940 814 940 814 814 635 247 65 763 940 814 981 981 940 814 814 981 981 664 247 814 814 814 940 715 814 314 940 788 763 981 247 981 814 65 814 814 981 940 715 981 65 763 247 635 635 981 715 715 940 314 635 247 940 788 981 981 763 981 981 314 981 814 664 788 763 314 981 247 788 814 814 763 65 65 940 664 940 940 940 65 715 635 715 664 247 635 715 940 715 247 814 981 814 314 981 247 635 788 635 635 814 314 664 814 940 314 247 814 788 763 314 247 814 664 247 814 763 814 814 314 314 940 314 635 981 814 814 247 65 814 940 664 940 814 763 763 715 814 65 65 940 981 981 635 314 788 940 981 65 65 814 981 788 814 940 814 981 715 814 981 940 247 763 763 814 940 247 940 314 940 814 763 65 981 788 664 635 814 814 635 635 314 247 788 247 715 65 763 664 314 247 814 65 940 940 814 940 635 314 314 940 65 940 664 788 814 788 981 814 65 814 981 940 664 981 635 314 814 940 940 814 981 314 314 940 814 940 247 314 635 788 314 65 814 940 981 940 814 981 635 65 635 940 814 65 664 940 664 664 981 788 814 814 314 981 635 940 814 814 763 814 314 981 314 763 981 940 247 814 940 814 314 940 664 981 65 981 788 940 314 65 940 940 65 940 940 981 247 981 814 763 314 715 814 635 981 664 247 981 788 814 664 664 814 314 814 314 814 814 314 788 65 788 635 65 65 664 940 763 635 814 940 314 981 981 981 981 65 940 814 635 940 664 981 314 664 788 763 940 788 314 314 814 247 715 715 715 940 940 247 981 635 981 814 715 247 715 65 981 940 715 715 981 940 981 65 981 247 814 715 763 981 814 65 635 788 635 314 940 664 763 814 314 664 788 715 940 814 981 664 940 814 814 247 247 763 664 664 247 814 940 981 314 314 940 814 314 940 981 664 763 635 814 814 247 788 65 981 940 247 314 247 814 314 65 814 664 763 314 715 981 981 814 763 940 763 664 940 981 981 814 314 715 314 814 664 635 763 981 635 788 664 981 788 247 247 247 981 635 981 814 715 940 664 814 981 635 940 814 664 247 814 247 981 635 981 763 940 635 247 981 763 715 763 247 65 814 65 763 65 65 940 65 981 981 981 940 940 247 940 814 788 981 981 635 788 763 635 715 940 940 715 940 247 940 763 814 763 664 763 814 981 814 981 65 940 635 940 814 814 814 940 314 940 814 940 814 940 314 715 814 940 814 814 635 763 814 664 981 981 940 65 314 65 247 314 788 247 664 981 635 940 814 664 981 814 314 981 981 940 814 635 247 814 814 65 763 788 814 981 940 814 814 981 814 981 981 814 814 814 65 814 940 814 814 814 635 981 788 65 814 664 715 715 65 65 940 247 65 981 763 715 314 981 314 788 814 940 940 788 981 981 664 664 940 940 715 664 981 65 814 814 940 981 940 314 314 763 635 814 763 763 635 247 763 715 981 664 314 814 664 635 788 940 314 814 635 814 635 981 940 940 940 664 940 314 940 981 981 940 981 981 247 981 981 788 814 981 814 981 247 981 981 814 788 788 981 940 314 664 763 763 715 247 814 788 788 981 981 814 664 981 788 65 981 664 940 814 940 788 664 715 940 940 814 788 664 763 314 940 940 247 981 635 763 981 715 940 314 763 664 314 940 314 981 314 65 940 664 664 981 981 940 788 635 940 715 814 940 314 635 635 65 814 981 940 635 635 981 940 247 715 981 940 635 247 65 247 715 788 981 788 715 314 981 814 664 664 940 940 715 715 814 814 940 763 65 940 664 247 814 814 635 664 940 715 314 635 715 664 664 664 814 940 981 981 715 635 814 65 247 814 65 247 981 65 314 814 65 940 314 981 664 715 247 981 314 814 635 981 65 247 715 715 247 814 940 814 981 940 981 715 981 635 635 635 788 981 981 763 763 814 814 65 940 715 635 981 247 940 635 65 65 940 940 247 981 247 763 814 940 314 763 940 940 635 65 763 940 814 814 635 940 314 314 65 814 981 314 940 65 940 635 981 788 940 940 247 981 981 940 664 981 314 814 940 715 814 814 814 940 940 940 981 814 940 981 763 814 635 247 314 763 981 635 981 814 715 814 664 940 981 814 814 763 65 981 635 940 814 788 664 65 314 940 981 981 247 814 981 981 940 940 981 981 940 664 814 814 763 635 981 940 314 981 940 981 814 763 247 65 940 940 715 981 940 940 814 314 664 940 940 814 65 981 715 715 715 981 981 635 715 247 940 814 763 940 981 814 788 314 814 715 814 940 664 635 763 981 814 981 981 664 715 814 814 664 814 635 814 788 715 814 247 65 940 981 715 664 635 635 814 664 715 247 940 814 715 65 247 940 664 314 981 981 940 814 664 635 940 65 814 814 763 814 635 247 664 940 940 65 940 981 247 664 715 814 715 635 715 314 814 715 814 814 814 788 247 814 715 814 715 715 981 940 635 65 314 788 814 664 814 635 814 940 981 981 763 814 940 940 981 664 715 940 981 65 981 981 314 940 247 981 635 664 814 981 715 664 763 788 314 940 940 814 814 664 788 314 940 981 814 65 788 763 65 940 763 981 940 763 814 940 247 788 814 940 981 715 981 981 814 763 635 940 664 788 715 940 788 65 981 940 763 814 763 940 635 664 788 664 981 65 65 814 981 763 635 247 763 981 314 981 314 940 814 247 65 247 247 763 314 814 981 814 814 314 981 814 940 65 981 814 788 65 981 981 814 814 788 814 940 814 763 314 763 65 788 788 940 763 635 940 65 314 635 715 981 715 940 635 715 814 814 715 940 940 940 247 814 940 814 814 814 763 814 940 981 635 788 664 981 940 664 65 814 788 981 715 981 981 635 635 65 814 247 814 314 814 247 635 247 814 247 763 788 981 664 65 981 814 940 65 788 788 940 247 814 814 981 788 814 788 247 814 788 981 247 940 981 788 247 940 635 940 940 65 940 65 664 940 65 788 814 715 635 814 981 940 664 715 981 763 981 247 314 940 65 814 65 940 763 981 814 664 715 247 981 814 635 814 981 247 788 635 314 635 940 247 763 814 940 635 981 664 814 940 65 814 664 940 814 814 314 314 314 715 940 635 788 788 635 814 981 763 940 940 814 788 940 763 635 981 788 940 981 314 635 940 940 65 715 940 314 715 814 635 247 940 788 940 981 788 715 940 763 664 940 65 65 715 981 981 314 314 981 981 314 940 940 940 814 814 635 314 635 788 247 940 763 247 814 814 247 664 763 247 981 981 635 940 247 314 715 635 814 635 981 65 664 814 981 715 314 763 635 314 814 814 664 247 247 981 814 814 635 664 981 715 814 981 247 715 940 940 635 635 981 715 788 981 981 763 814 940 788 981 247 940 247 814 635 940 715 814 981 247 788 763 981 814 940 763 763 65 788 981 65 65 715 981 788 664 763 981 940 940 763 940 715 981 981 314 814 981 981 981 981 940 940 981 940 65 940 247 940 940 814 940 814 814 65 715 65 247 65 940 814 814 940 981 814 814 314 814 814 940 940 940 981 981 314 763 814 940 814 981 314 763 940 981 314 940 664 981 715 314 65 664 940 715 635 981 814 940 981 981 940 981 715 715 664 981 635 940 981 981 981 715 635 65 247 247 940 940 940 247 788 247 65 981 314 814 664 314 981 940 763 940 940 814 814 981 314 635 788 635 940 940 940 940 814 247 635 981 981 635 65 247 664 664 940 664 247 314 788 940 814 981 981 981 664 981 247 981 940 940 788 940 788 814 981 940 814 814 981 940 65 814 763 940 814 814 65 940 981 788 940 981 940 940 981 814 635 814 314 664 940 981 940 981 314 247 814 814 247 814 981 940 981 940 763 763 814 664 814 635 981 65 635 763 635 981 814 314 981 940 981 788 981 814 940 715 247 763 981 814 814 981 247 635 940 814 981 788 635 247 65 635 314 940 981 814 788 763 814 247 940 635 940 940 981 981 664 814 763 814 940 981 763 635 814 940 788 814 814 940 247 940 788 981 664 664 981 65 65 814 314 65 314 981 314 314 664 981 715 635 664 940 814 715 981 788 635 814 635 814 814 763 814 664 981 715 981 763 788 981 314 814 65 814 635 814 635 814 814 814 981 940 763 981 814 715 814 981 814 247 314 763 247 715 981 314 814 814 314 940 635 65 635 763 314 981 814 814 314 247 981 65 763 635 814 763 940 715 940 940 314 763 715 940 247 981 788 981 65 763 814 635 763 247 788 814 314 940 635 788 65 247 814 247 981 635 814 314 940 635 814 940 814 981 788 940 940 763 664 814 635 814 715 940 981 981 981 715 981 981 940 814 940 814 664 65 940 314 65 635 635 788 247 65 715 814 788 247 981 247 940 763 788 814 715 635 814 664 940 635 940 814 814 715 940 981 664 715 814 763 763 814 981 981 664 814 981 814 940 981 314 981 788 940 814 940 635 715 314 788 763 247 940 981 314 247 715 940 247 940 635 635 65 788 635 763 981 940 763 981 940 981 664 981 763 814 247 715 314 715 814 763 940 981 814 940 940 664 247 314 65 981 65 940 65 788 814 664 314 981 664 664 940 788 814 814 814 940 940 763 314 314 814 247 981 247 788 65 981 814 664 247 715 940 635 715 715 763 763 715 981 940 814 763 635 981 788 814 65 788 940 247 715 664 981 763 940 247 940 635 940 635 247 981 981 664 314 715 664 635 981 940 763 814 788 763 314 981 814 940 981 981 763 65 635 763 981 981 814 814 940 940 940 664 314 981 814 65 664 314 763 814 763 65 814 940 981 981 247 981 981 763 763 814 664 940 65 314 715 814 664 940 763 814 814 981 664 814 814 763 247 814 715 65 981 788 981 814 664 788 940 664 814 788 314 940 788 940 65 981 981 940 814 940 940 247 788 65 247 715 247 763 814 715 940 981 763 981 664 635 940 715 981 814 314 940 981 940 664 788 788 814 940 940 763 763 940 664 635 981 940 247 788 940 247 715 814 814 940 814 940 247 814 814 247 814 981 940 314 65 314 940 635 814 788 814 814 940 715 715 247 65 981 940 940 981 247 715 940 314 981 981 664 940 940 814 65 814 788 247 715 981 814 715 981 788 940 814 715 788 314 664 664 635 940 65 981 814 247 763 664 981 314 314 247 814 940 788 314 940 981 247 664 940 814 814 940 247 635 247 635 940 314 788 247 788 314 814 314 940 664 814 940 940 981 940 981 715 814 940 981 763 940 715 65 635 763 715 247 814 814 814 635 314 814 247 940 940 981 715 940 981 247 981 940 247 715 763 763 981 981 940 788 814 981 65 981 940 814 940 940 814 65 981 65 788 814 814 65 664 981 940 814 814 788 814 981 940 981 314 940 763 763 247 981 814 814 788 715 664 788 664 247 940 981 763 981 981 940 65 635 814 981 635 814 635 981 981 763 247 788 981 981 940 247 940 247 814 981 814 814 940 635 65 65 981 65 940 940 940 981 65 763 763 981 940 635 814 247 763 788 635 65 763 635 314 981 814 715 664 814 715 981 940 247 314 940 635 65 981 940 763 65 788 635 940 814 814 247 814 940 314 814 65 814 981 981 788 314 940 940 981 664 814 981 981 715 314 940 314 635 981 314 664 715 788 664 247 814 981 981 940 65 981 814 814 940 940 715 981 65 981 981 981 788 788 247 314 814 940 65 940 715 247 763 981 940 314 788 981 940 635 940 715 814 635 635 981 814 814 65 940 940 763 664 814 814 65 664 635 814 940 247 65 940 981 314 65 981 635 788 314 314 940 940 940 635 814 788 715 247 763 65 664 635 763 814 814 981 814 788 65 981 715 763 981 981 715 763 247 981 940 65 814 314 314 715 940 65 715 940 788 65 247 981 763 65 814 664 65 715 940 247 981 940 814 981 763 940 65 65 981 763 635 940 635 814 65 635 763 617 617 617 617 617 617 617 617 617 617 617 617 617 617 617 617 617 617 617 617 617 617 617 617 617 617 617 617 617 617 617 617 617 617 617 617 617 617 617 617 617 617 617 617 617 617 617 617 617 617 617 617 617 617 617 617 617 617 617 617 617 617 617 617 617 617 617 617 617 617 617 617 617 617 617 617 617 617 617 617 617 617 617 617 617 617 617 617 617 617 617 617 617 617 617 617 617 617 617 617
