10007 300 300
93 94 157 256 0
16 157 253 0
25 92 0
175 266 0
180 0
19 77 0
143 284 0
243 0
244 270 0
174 0
171 0
106 139 209 0
229 0
184 240 0
274 0
123 0
187 272 0
181 0
105 120 297 0
50 0
117 144 214 0
56 76 90 142 0
155 160 209 0
5 56 232 0
278 0
233 0
63 76 167 173 276 0
221 0
63 144 188 0
59 262 0
121 128 0
133 0
72 169 0
74 237 0
95 164 0
137 192 0
232 0
12 0
29 215 0
78 236 0
109 0
22 249 0
34 152 154 186 0
16 73 114 229 0
240 0
271 0
118 209 0
137 138 252 0
5 175 206 247 0
154 162 177 291 297 0
4 92 225 251 0
162 0
44 46 269 0
143 233 255 0
59 0
88 248 0
80 249 0
60 119 130 283 0
27 0
105 140 289 0
196 0
213 224 0
23 0
175 0
295 0
152 243 0
49 212 0
22 0
17 78 113 0
216 263 0
12 0
292 0
269 293 0
11 240 0
79 134 0
133 0
45 78 0
167 283 0
35 254 0
231 270 272 0
174 205 0
59 249 0
41 115 180 0
176 0
289 291 0
200 213 0
63 199 0
77 131 213 260 0
81 153 0
35 0
23 128 283 0
11 58 134 192 0
20 287 0
7 0
288 0
212 0
287 0
184 0
35 77 0
58 0
261 0
38 64 153 0
126 278 0
147 269 272 0
193 0
100 189 248 0
10 111 0
105 0
136 189 233 0
215 0
8 190 0
141 0
177 248 0
7 202 237 275 0
68 300 0
170 191 204 0
49 235 249 0
14 228 298 0
107 172 229 0
7 122 244 0
74 0
5 0
11 38 0
77 0
99 0
46 0
57 290 0
91 100 251 255 0
145 0
59 84 103 129 228 0
196 226 231 263 0
27 191 0
109 0
197 0
42 89 276 0
87 0
282 0
294 0
7 126 277 0
275 278 0
131 150 0
106 126 0
231 253 0
177 0
88 0
225 258 260 0
129 186 0
241 297 0
30 103 160 277 0
45 88 206 0
287 289 0
253 0
84 0
19 57 129 163 212 0
74 211 0
56 63 0
45 107 0
283 0
139 152 300 0
21 155 159 170 0
273 277 0
28 192 0
200 0
168 270 0
65 81 0
60 79 115 203 264 0
94 235 0
12 0
90 239 0
167 0
42 111 177 284 0
181 245 0
62 78 190 236 258 0
170 0
186 265 0
103 238 0
176 235 0
58 209 0
68 275 0
225 0
195 255 0
211 290 0
75 225 0
13 206 0
60 157 0
181 0
102 0
131 0
149 192 0
9 38 189 199 210 257 0
264 0
224 0
57 117 0
232 295 0
242 0
91 241 290 0
45 164 279 0
123 203 223 0
67 253 0
186 0
118 237 0
105 182 0
66 0
24 189 212 0
212 0
7 0
64 65 105 0
96 0
3 167 173 241 0
237 0
71 141 151 0
186 0
1 103 217 0
182 191 300 0
189 0
147 189 0
125 200 0
33 184 0
72 188 0
253 0
99 0
248 0
12 92 145 0
209 288 0
263 0
73 128 224 0
125 0
12 0
182 0
139 0
118 0
179 0
205 281 283 0
24 97 137 0
66 115 0
236 299 0
296 0
120 0
275 0
80 186 0
12 0
41 228 0
113 0
69 71 0
7 0
74 211 0
180 0
287 0
194 0
86 0
48 0
15 145 213 0
56 101 0
67 0
23 0
97 0
84 200 0
131 0
124 197 246 0
170 257 0
16 227 258 0
64 0
192 212 0
3 0
16 154 0
22 64 280 0
172 176 177 234 262 0
71 81 0
161 232 264 0
219 0
43 175 0
246 0
199 0
262 0
153 0
110 282 0
9 96 155 0
157 0
89 226 0
16 106 162 230 236 0
50 104 172 256 274 0
72 282 0
82 247 0
41 51 88 242 0
112 0
104 0
284 0
242 245 298 0
5 7 26 90 0
197 0
165 0
221 0
63 149 183 0
24 131 247 0
55 0
85 0
50 166 206 0
207 0
300 0
132 136 0
275 282 282 282 68 282 68 282 282 275 282 282 68 68 282 282 275 68 275 282 68 68 275 282 282 68 282 68 275 68 68 68 68 282 275 282 282 282 282 68 275 275 282 68 282 68 275 282 282 282 282 282 282 282 282 282 282 68 68 68 282 282 282 68 68 282 282 282 68 282 282 275 282 282 282 275 68 275 275 68 282 275 282 275 68 282 282 68 275 68 68 68 282 282 282 282 275 282 275 282 282 275 275 282 282 275 282 275 68 68 282 282 282 282 68 68 282 282 275 282 275 282 282 282 68 275 282 282 282 68 275 282 282 275 282 282 282 282 282 68 275 282 275 275 275 282 68 282 282 275 282 275 275 275 275 68 275 282 282 275 282 275 275 68 282 68 275 68 282 275 275 282 282 68 282 282 68 282 68 282 68 282 282 282 282 282 282 282 68 282 282 68 275 275 282 282 68 282 68 275 282 282 282 68 282 282 282 68 275 275 68 275 282 68 282 282 282 68 68 282 282 282 282 282 275 68 282 282 282 282 282 282 275 68 282 275 275 275 282 68 282 275 68 282 282 282 68 68 275 68 282 282 275 282 282 68 282 282 275 275 68 282 282 68 282 68 275 282 275 275 275 282 282 282 282 282 282 68 275 282 68 282 68 275 282 282 275 68 68 68 282 68 275 68 282 275 68 282 282 282 68 68 282 282 68 282 68 275 68 275 282 282 275 282 282 68 282 68 275 275 282 68 275 275 68 282 282 275 282 68 282 68 282 282 282 282 68 282 275 68 68 282 68 68 282 68 68 68 282 68 275 282 275 282 282 68 68 68 275 275 275 275 68 68 275 275 68 68 282 275 282 282 68 68 275 275 282 282 282 282 275 282 275 282 282 282 282 68 282 282 282 282 275 68 275 68 282 282 275 275 68 282 282 282 282 282 282 275 282 275 282 282 282 68 68 282 275 282 282 68 282 282 275 282 68 68 282 282 282 282 282 275 282 275 68 275 68 282 282 282 275 282 282 68 282 282 275 68 68 282 68 68 68 275 282 68 282 282 275 282 68 282 275 282 68 282 68 275 282 275 275 68 68 282 275 282 275 68 275 282 282 68 275 282 282 282 282 68 275 282 282 275 282 68 275 282 282 275 282 275 275 282 275 68 68 275 275 282 275 282 68 282 68 68 282 282 282 282 275 68 68 68 68 68 282 68 282 282 282 68 282 275 282 282 282 282 282 68 282 282 282 68 275 282 282 275 275 68 68 68 282 68 282 282 282 282 282 282 68 275 68 282 68 68 282 275 282 282 282 282 282 282 68 282 275 282 282 275 282 68 282 282 68 282 68 68 275 275 68 275 282 275 282 275 68 68 282 282 282 68 282 275 68 282 282 282 282 282 275 282 68 282 282 68 282 282 68 282 282 275 275 282 68 282 282 282 68 282 68 275 68 282 68 282 68 282 282 68 68 282 275 282 282 282 68 275 275 282 282 282 282 275 68 282 282 275 68 68 275 282 282 68 282 68 275 68 282 275 68 282 282 282 275 275 282 282 282 68 282 275 282 282 282 68 282 282 275 68 275 68 282 275 282 68 282 282 68 282 68 275 68 68 275 68 282 282 68 282 68 275 275 282 282 282 282 68 68 275 282 282 68 68 275 68 68 282 282 282 68 68 282 282 68 68 282 282 68 282 282 275 282 282 282 68 282 275 275 68 68 68 282 282 275 282 282 282 275 68 275 282 282 275 282 282 282 68 282 275 68 282 282 282 282 282 275 275 275 282 275 282 282 275 282 68 282 275 68 282 68 282 282 282 68 282 275 282 282 68 68 282 282 282 275 68 68 275 282 68 282 275 275 68 282 282 68 68 275 282 282 282 68 282 282 275 275 275 282 68 282 275 282 282 275 282 282 275 275 282 275 282 282 68 68 282 275 275 282 68 282 275 68 282 68 68 275 282 275 275 68 275 68 282 68 282 282 282 282 275 275 275 68 275 68 282 282 275 68 282 282 275 275 275 282 275 282 282 282 68 282 282 282 68 68 282 275 282 282 68 282 282 282 68 275 282 68 68 275 282 275 275 275 275 68 68 275 282 282 282 282 282 68 68 275 275 282 282 282 282 282 275 275 282 275 68 275 282 282 275 275 68 282 275 275 282 275 68 275 275 282 68 275 68 275 282 275 282 282 275 282 275 68 282 68 282 275 282 282 275 68 68 282 282 68 282 282 68 68 282 282 68 282 275 68 68 275 282 275 282 282 282 68 275 275 275 282 68 282 275 68 68 282 275 275 68 68 68 275 275 275 275 282 275 282 68 68 282 282 275 275 282 68 275 282 275 68 68 282 282 282 68 275 282 275 275 282 282 68 68 275 68 282 68 275 275 282 282 275 275 282 68 282 282 275 282 68 275 282 68 68 282 282 68 282 282 68 282 68 282 282 68 282 68 282 282 68 275 282 68 282 68 282 68 282 68 275 282 275 282 68 68 68 282 282 68 275 275 68 68 68 275 68 275 282 282 275 275 282 68 68 282 275 275 282 275 68 68 275 275 282 282 282 282 68 282 68 68 282 275 282 68 68 282 282 275 275 282 68 275 68 275 275 68 282 282 275 68 275 68 68 68 282 282 282 282 282 68 282 275 282 275 282 282 275 282 282 275 68 282 275 275 282 282 282 275 282 282 275 282 282 275 282 282 68 282 275 68 282 68 68 282 282 68 68 275 282 68 282 275 282 282 282 275 282 282 282 275 275 282 282 275 282 282 68 282 275 282 282 275 282 68 275 282 282 68 275 282 282 282 282 275 275 282 282 275 68 282 282 282 68 282 282 282 275 275 275 68 282 282 282 282 282 68 282 282 68 282 275 68 282 68 282 275 282 282 275 68 68 282 282 68 275 68 275 282 282 282 68 282 275 68 275 68 68 282 68 282 282 282 282 68 68 275 282 282 282 68 282 275 282 68 68 282 282 282 282 275 68 282 275 275 275 275 282 275 282 282 282 282 275 275 275 68 282 275 275 275 68 282 282 275 275 282 275 275 282 68 275 68 275 282 282 68 282 282 275 68 275 275 275 282 282 275 282 282 275 282 282 68 282 282 68 282 282 275 282 275 282 282 275 68 275 68 282 68 275 275 282 68 282 68 282 68 275 275 275 275 68 282 282 275 282 282 68 282 282 282 68 282 282 282 282 275 282 68 282 282 282 275 68 282 68 275 68 282 68 275 275 282 282 282 282 282 68 282 275 275 282 68 68 275 282 282 282 282 68 68 282 68 282 68 282 68 275 282 68 275 282 275 68 282 275 275 68 282 68 68 282 282 275 275 282 282 282 68 68 282 282 275 68 282 282 275 68 68 282 68 68 282 68 282 275 282 275 282 282 282 282 282 282 282 282 68 275 282 275 68 282 282 282 275 275 282 275 282 282 282 282 282 275 282 282 68 275 275 275 282 282 282 282 68 282 282 282 68 68 68 282 282 282 282 275 282 275 282 68 68 282 282 68 68 282 282 275 275 68 275 275 275 282 68 68 68 275 282 275 275 282 68 282 68 282 282 282 282 282 282 275 275 275 282 282 275 275 275 275 282 275 275 282 275 68 282 282 282 275 68 282 68 282 282 68 282 68 68 282 68 282 282 68 68 68 282 282 68 282 282 282 282 282 68 282 282 282 68 282 68 275 282 275 282 282 282 282 282 68 282 68 275 68 68 68 275 282 282 275 275 282 68 282 68 282 275 275 282 68 282 68 68 68 282 282 282 68 282 275 282 282 282 282 282 282 282 275 68 68 282 282 275 282 68 275 282 282 282 275 275 68 275 282 282 68 282 282 68 282 68 275 68 282 68 282 68 68 282 275 68 275 275 282 68 68 282 275 68 68 68 282 275 68 282 282 282 68 275 282 275 68 275 282 68 282 282 282 275 282 282 282 282 68 68 282 282 282 282 275 275 275 275 282 275 282 275 68 68 68 68 282 282 282 68 275 275 68 275 282 275 275 282 68 282 282 282 275 282 282 68 282 282 68 282 282 275 68 282 275 282 275 275 68 275 275 68 68 282 282 275 282 282 282 275 68 275 282 282 68 68 282 282 68 282 282 282 68 68 282 68 282 282 282 282 282 275 282 282 282 275 282 282 282 282 282 275 282 282 282 275 282 68 282 68 275 68 282 282 282 275 68 68 282 282 68 282 282 275 275 275 275 275 275 282 282 282 68 282 275 282 282 68 68 275 275 68 275 275 275 68 282 282 275 68 282 282 275 275 275 282 68 282 68 68 282 282 282 68 282 275 68 68 282 68 68 68 282 275 282 282 282 68 282 275 282 282 275 275 275 68 275 275 282 282 282 68 282 68 282 282 68 282 68 282 68 282 68 68 282 68 275 275 275 275 68 68 68 68 275 275 68 282 275 275 68 282 282 68 68 275 275 275 275 282 282 282 282 282 275 68 68 275 275 68 68 68 275 275 282 68 275 282 275 282 282 68 282 282 275 275 275 282 282 282 275 275 282 275 282 68 275 275 282 68 282 68 275 282 282 282 275 282 282 282 282 282 275 68 282 282 68 282 282 282 68 282 68 282 282 68 282 275 282 282 282 282 282 275 282 282 275 282 282 68 282 275 68 282 68 275 282 275 282 282 68 275 282 282 68 275 275 68 68 282 275 282 282 275 68 68 282 68 275 282 282 68 275 68 68 282 282 282 282 282 282 68 68 282 275 282 282 275 282 282 282 282 275 282 282 282 275 68 275 275 275 282 275 275 282 275 68 282 282 275 282 282 275 282 282 282 68 68 275 68 275 68 282 275 68 68 275 282 68 282 275 68 282 282 282 68 282 282 282 275 282 275 282 68 282 282 275 282 275 68 68 68 275 282 68 68 282 68 68 68 68 282 68 282 282 282 282 282 68 282 282 68 282 68 275 275 68 282 282 68 68 282 68 68 282 282 282 282 68 282 68 282 68 282 68 275 275 68 282 282 275 68 275 282 282 282 275 282 282 68 275 282 275 68 282 68 282 275 68 282 275 68 275 275 275 275 282 68 275 275 282 275 275 282 282 68 282 282 275 282 282 275 282 282 282 275 275 275 282 282 68 68 282 282 68 282 68 282 282 282 282 68 68 282 68 275 275 282 282 68 275 68 68 282 68 282 275 68 282 282 275 275 275 282 282 275 282 282 282 275 275 68 282 275 275 282 282 282 282 275 282 68 68 282 68 275 282 282 282 282 275 68 282 282 68 68 282 282 282 282 275 282 282 68 282 68 68 68 282 68 282 282 68 282 282 282 275 282 282 275 282 275 275 275 275 282 275 275 282 282 68 282 282 275 275 275 68 282 275 282 68 282 282 282 282 68 275 282 282 275 282 275 68 68 275 282 68 68 282 68 275 275 282 68 68 275 68 68 275 68 275 275 282 275 282 275 282 275 275 282 282 275 282 275 275 282 68 275 275 282 282 275 275 282 282 282 282 275 282 68 282 282 275 282 282 275 282 282 275 275 282 282 68 275 282 282 282 68 275 282 282 282 282 282 282 275 282 68 282 68 275 275 68 282 282 282 282 275 282 68 275 275 275 275 68 68 275 282 275 282 282 282 275 282 282 275 282 68 68 275 282 275 282 68 68 68 275 68 282 275 282 282 68 282 282 68 282 282 282 275 275 68 275 282 282 68 68 68 282 282 68 282 282 282 282 68 282 282 275 68 282 282 282 68 282 282 275 282 282 282 275 282 282 282 282 282 275 68 282 68 282 282 282 68 275 275 68 68 282 68 282 275 282 68 282 68 68 275 275 68 275 282 282 282 282 282 68 68 275 275 68 275 275 282 68 68 282 282 68 68 282 282 275 282 282 282 68 68 68 282 282 282 282 282 282 275 282 68 282 282 282 275 68 282 282 282 68 282 275 282 275 275 275 68 68 282 275 282 282 68 275 282 68 275 282 275 282 282 275 68 275 68 282 282 282 275 275 282 275 68 68 282 282 68 68 68 275 68 275 275 275 68 282 282 282 275 68 275 275 275 275 275 282 275 275 282 275 282 282 282 275 282 282 282 282 68 282 282 282 282 282 275 275 282 282 282 68 282 68 68 282 275 282 68 68 68 275 282 282 282 275 282 282 282 282 282 282 68 282 282 68 282 282 282 282 282 275 282 282 68 68 275 282 68 68 68 282 282 282 68 275 282 68 282 282 282 68 282 282 282 282 282 282 282 275 282 282 275 282 282 282 282 282 275 282 282 68 282 68 282 68 282 275 275 68 275 282 275 282 282 275 282 282 282 282 282 275 275 282 275 275 282 282 282 275 282 275 68 282 282 68 282 282 282 282 68 275 282 282 275 68 68 275 68 282 282 282 68 282 68 282 282 282 282 68 282 282 275 282 68 282 282 275 68 282 68 282 282 68 275 282 275 68 68 68 275 282 282 282 282 282 68 282 275 282 68 282 275 68 282 282 68 68 275 282 282 275 282 282 282 68 282 282 68 282 282 282 282 282 282 282 282 275 68 275 282 282 68 282 282 68 282 282 68 275 282 282 68 68 68 275 282 282 282 68 275 282 282 68 275 68 282 282 282 282 275 275 282 68 275 282 282 68 68 275 282 68 282 68 282 282 275 68 282 282 68 282 282 68 282 275 68 282 275 282 275 68 282 282 68 282 275 275 68 275 68 282 282 282 282 68 68 282 282 68 275 68 68 282 282 282 282 282 282 282 275 282 275 68 68 275 282 282 275 282 68 275 68 282 282 282 282 68 275 275 68 282 275 68 68 68 275 275 68 282 282 68 275 282 282 68 282 68 282 275 68 68 275 282 282 282 282 12 12 282 282 282 12 12 282 282 12 12 12 12 282 12 12 12 282 12 12 282 282 12 282 12 12 12 12 12 12 12 282 282 12 12 282 282 12 12 12 282 12 12 282 282 282 12 12 282 12 12 12 12 282 282 12 12 12 282 12 12 12 282 282 12 282 282 12 282 282 282 282 282 12 282 12 12 282 12 12 282 282 282 282 12 282 12 282 12 12 282 282 12 12 12 282 282 12 12 12 282 282 12 12 282 12 282 12 282 282 12 12 282 282 282 12 12 282 12 282 12 282 12 12 12 12 12 12 12 282 282 282 282 12 12 282 282 282 12 12 12 12 282 12 12 282 282 12 12 282 12 282 12 12 12 12 282 282 282 282 282 282 282 282 12 12 282 12 12 12 12 282 282 282 282 282 282 12 282 282 12 282 12 282 282 282 282 282 12 12 282 12 282 12 282 12 12 12 282 12 282 282 12 12 12 282 282 282 12 282 282 282 282 12 282 282 12 282 282 282 12 282 282 12 282 282 12 12 282 282 282 282 12 282 282 282 12 282 282 12 12 12 282 12 12 12 12 12 12 282 12 12 282 12 282 282 12 282 12 282 282 282 12 12 12 282 282 12 282 12 12 282 282 282 12 282 282 282 282 12 12 282 282 282 282 282 282 12 282 12 282 12 282 12 282 12 282 12 12 12 282 12 282 12 282 282 12 282 12 12 12 12 282 12 12 282 282 12 12 12 12 12 282 282 12 282 12 282 282 12 282 12 12 282 12 12 12 12 12 282 282 282 12 282 282 12 12 282 12 12 282 12 282 282 282 12 282 12 282 282 12 12 282 282 282 12 12 282 12 12 282 282 282 282 282 282 12 12 12 282 282 282 12 282 282 12 12 282 282 12 12 282 282 12 282 12 12 12 282 282 12 282 12 12 282 282 12 12 282 282 282 12 12 12 282 282 282 12 282 282 12 12 12 282 12 12 282 282 12 12 12 282 282 282 282 12 282 282 12 12 12 12 12 282 282 282 282 282 282 12 12 12 282 282 12 12 282 282 12 12 282 282 282 12 12 282 12 282 282 282 12 12 282 282 12 12 282 12 282 282 12 12 12 282 282 282 12 12 12 12 12 12 12 282 282 12 282 282 282 12 12 282 282 282 282 282 12 12 282 282 12 282 12 282 12 12 282 12 282 12 12 282 12 282 282 282 12 12 282 12 282 12 12 12 12 12 282 12 12 12 282 12 282 12 12 282 12 12 282 12 12 282 12 282 12 12 282 282 282 282 12 12 282 12 12 12 12 282 12 12 12 12 12 282 282 12 12 12 282 282 12 12 282 282 282 282 12 12 12 12 12 12 282 12 282 282 282 282 282 12 282 282 12 282 12 282 12 282 12 12 282 12 282 282 282 282 12 12 12 12 282 12 282 12 12 12 282 12 282 12 282 12 12 282 282 12 12 282 12 12 12 12 282 12 12 282 282 282 282 282 12 12 12 282 12 282 282 12 282 282 282 282 12 12 282 12 282 282 282 282 12 12 12 12 12 12 282 282 12 282 282 282 282 282 12 12 12 12 282 282 12 282 282 12 12 282 12 282 12 12 12 12 282 282 282 12 282 282 282 282 12 12 282 282 282 282 282 12 12 282 12 12 12 282 282 282 282 12 12 12 282 12 282 12 282 282 12 282 282 12 282 12 282 282 282 12 12 282 282 12 12 12 12 12 282 282 12 12 12 282 12 12 282 282 282 282 12 282 12 282 282 282 282 12 12 12 12 282 282 282 12 12 12 282 12 282 12 282 282 282 282 282 282 282 12 12 12 282 12 282 12 12 12 282 12 12 282 282 282 282 12 12 282 12 12 12 282 282 12 282 282 282 12 282 282 282 282 12 282 12 282 12 12 12 282 282 12 282 282 282 282 282 12 282 12 12 282 282 282 12 282 12 282 282 12 282 12 282 282 12 282 12 282 12 12 282 12 12 12 12 282 282 12 12 12 282 282 12 12 282 282 282 282 12 282 12 12 282 282 282 12 282 282 12 12 12 12 282 282 282 12 12 12 12 282 12 282 282 282 12 282 282 12 282 12 12 12 282 12 12 12 12 282 282 12 12 282 12 12 282 12 12 282 282 282 12 12 12 12 282 282 12 12 282 282 12 282 12 12 12 282 12 12 282 12 12 282 282 282 12 282 12 282 12 282 12 282 282 12 282 282 12 12 282 12 282 282 12 282 12 12 12 282 282 282 12 282 12 12 12 12 282 282 12 12 12 282 282 12 282 282 12 282 12 12 12 12 282 282 282 282 282 282 282 12 12 282 12 12 12 282 282 282 282 12 12 12 282 282 12 12 12 282 282 12 282 12 282 282 12 282 282 282 12 12 12 12 12 282 12 282 282 12 12 12 12 282 12 282 282 282 282 12 12 282 12 12 282 282 12 282 12 12 12 12 12 282 12 282 12 12 12 282 12 12 12 12 282 12 282 12 282 282 282 12 12 282 282 12 12 282 282 12 282 282 12 12 282 282 12 12 12 282 282 282 282 282 12 12 12 282 282 12 282 12 12 282 282 12 12 282 282 12 12 282 12 282 12 12 282 12 12 282 12 282 282 12 12 12 12 12 282 12 12 12 282 12 12 282 282 282 282 282 12 12 12 282 12 12 282 282 12 12 282 282 12 12 282 282 282 12 282 282 12 282 282 12 12 282 282 282 282 12 282 282 282 12 282 282 282 12 282 282 12 12 282 12 12 282 12 282 12 12 12 282 282 12 12 12 12 12 12 282 12 12 282 12 282 12 12 282 12 282 282 282 282 282 282 12 282 12 282 282 282 12 12 12 12 12 282 12 282 12 282 12 282 282 282 282 12 12 12 12 282 282 12 12 282 12 282 12 12 282 12 282 12 12 12 282 12 282 12 12 282 12 12 282 282 282 282 282 12 282 12 282 282 12 282 12 12 282 282 282 282 282 12 12 12 12 12 12 282 12 12 282 282 12 12 282 12 282 12 282 282 282 282 282 12 12 12 12 12 282 12 282 282 12 12 12 12 12 12 12 12 282 12 282 282 282 282 282 282 282 282 282 282 12 282 12 12 12 282 12 282 282 282 12 12 12 12 282 12 282 12 282 12 12 282 12 282 12 282 12 12 282 12 12 12 282 282 12 12 282 12 282 12 282 12 12 282 12 12 12 282 282 282 12 282 282 282 282 282 282 282 12 12 12 282 282 282 282 12 12 282 282 282 12 12 12 282 12 12 12 12 12 282 12 12 282 282 282 282 282 12 282 12 282 282 282 282 282 282 282 12 12 282 12 12 282 12 12 12 282 282 12 282 12 282 282 12 12 282 282 12 282 282 282 282 282 282 282 282 282 282 12 12 12 282 12 12 12 12 282 12 282 12 282 282 282 12 12 12 282 282 282 282 12 282 12 282 12 12 12 12 12 12 282 12 282 282 12 12 282 282 12 12 282 282 12 12 12 282 12 12 282 282 282 12 12 282 282 12 282 12 282 12 12 282 12 282 12 12 282 282 12 282 282 12 12 282 12 12 12 282 282 12 12 12 12 12 12 282 12 282 282 282 12 282 282 282 12 282 12 282 282 12 12 282 282 282 12 12 12 282 282 282 12 12 282 282 282 12 12 282 282 282 12 282 282 12 12 12 282 12 12 12 12 282 282 12 282 12 282 12 12 12 12 12 282 12 12 282 282 282 282 12 12 12 12 282 282 282 12 282 282 12 282 12 282 12 12 12 282 12 12 12 12 12 12 12 12 282 282 12 12 12 282 12 12 282 12 12 12 282 282 12 282 282 282 282 282 282 12 282 282 12 12 12 282 282 282 282 12 12 282 282 12 12 12 12 282 12 12 12 282 282 12 282 12 282 282 282 282 282 282 12 282 282 12 12 12 12 12 12 12 282 282 12 282 12 12 12 282 12 12 282 282 282 12 282 282 12 282 12 12 282 282 282 12 282 12 282 12 282 12 12 282 12 282 12 282 12 12 12 12 282 282 12 12 12 282 12 12 12 282 12 12 282 282 12 12 12 12 282 282 12 282 12 12 12 12 12 282 282 12 12 12 282 12 282 282 282 282 12 282 282 12 282 282 12 12 282 282 12 12 282 282 12 282 12 282 282 12 12 282 12 12 12 12 282 12 282 282 282 282 12 12 282 12 282 12 12 282 282 282 282 12 12 282 12 282 282 282 282 282 282 12 12 12 12 12 282 282 282 282 12 12 12 282 282 282 12 282 12 282 282 282 12 12 12 282 12 282 12 282 12 282 282 282 282 282 282 12 282 282 282 282 282 282 12 12 282 12 12 282 282 282 12 12 282 282 12 282 282 12 282 12 282 12 282 12 282 282 12 12 12 282 282 12 12 282 282 12 12 282 12 12 12 282 282 282 282 282 12 12 282 12 12 282 282 282 12 12 282 12 12 282 282 12 282 12 12 282 282 282 12 12 12 282 12 12 12 282 12 282 12 282 12 282 282 282 12 282 282 282 282 12 12 282 12 282 282 12 282 12 12 282 12 12 282 282 282 282 12 12 12 282 12 12 12 12 12 12 12 282 12 282 282 12 12 12 282 282 12 282 12 12 282 282 282 12 282 282 282 12 12 12 282 12 12 282 12 282 12 282 282 282 282 12 282 12 282 12 282 282 282 12 12 282 282 12 12 12 282 282 12 12 282 282 282 282 282 282 12 12 12 12 282 282 282 282 12 12 12 12 282 12 12 12 282 12 12 282 12 12 12 12 12 12 282 282 12 12 12 12 12 12 12 282 12 282 282 12 282 282 12 12 12 282 282 282 12 282 12 282 282 12 12 12 282 282 282 12 12 282 12 282 282 282 282 12 12 282 12 282 282 12 12 282 282 12 12 282 12 12 282 12 282 12 282 12 282 12 12 12 282 12 12 12 282 282 282 282 282 12 12 12 282 282 12 282 12 12 282 282 282 12 12 12 282 12 282 12 12 282 282 12 282 12 12 12 282 12 282 12 282 12 282 12 282 12 282 12 12 282 12 282 282 282 282 12 12 282 12 12 282 282 12 12 282 282 282 12 12 12 282 282 282 12 12 12 282 282 282 12 12 282 12 282 12 282 282 12 282 282 282 12 282 282 282 282 282 282 282 282 282 12 282 12 282 282 282 12 12 12 282 12 282 282 12 12 12 12 282 282 12 12 282 282 12 282 282 12 12 282 282 282 282 282 12 282 282 12 282 12 282 12 12 282 282 282 282 282 282 282 282 12 282 12 282 282 282 282 282 282 282 282 12 282 282 12 282 282 282 282 282 12 282 12 282 12 282 12 12 12 12 12 12 12 282 282 282 282 282 282 12 12 282 282 282 282 282 12 282 12 282 282 282 12 12 12 12 12 282 282 12 12 282 12 12 12 12 12 282 12 12 12 12 12 282 282 282 12 12 12 282 12 12 12 12 282 282 282 282 12 12 12 282 282 12 282 12 12 12 282 282 12 282 282 282 12 282 12 282 12 282 282 12 12 282 282 12 12 12 12 282 282 282 12 12 12 12 282 282 282 12 12 12 282 282 12 282 12 282 12 282 12 282 12 12 282 282 12 12 12 12 282 282 282 12 282 12 282 282 12 282 282 12 282 12 12 12 12 282 12 12 12 282 282 282 12 12 12 282 12 12 12 12 282 12 12 282 282 12 282 282 12 12 282 12 282 12 282 12 12 282 12 12 282 282 12 282 282 12 12 282 282 12 282 12 12 12 282 282 12 282 282 12 12 12 282 12 12 12 282 282 12 282 12 12 12 282 12 282 12 12 12 282 282 282 282 282 282 12 12 282 12 282 12 282 282 282 12 282 282 282 12 282 12 12 282 12 12 12 282 282 12 282 282 282 12 282 282 12 12 282 282 12 12 12 282 282 282 282 12 282 12 282 282 12 282 282 12 12 12 282 282 282 12 282 282 12 282 282 12 12 282 12 282 282 282 282 282 12 282 12 12 12 12 282 12 282 12 12 12 12 12 282 282 12 282 12 12 12 12 282 282 12 282 12 12 12 12 282 282 12 12 12 282 12 12 12 282 282 282 12 12 282 12 12 282 12 12 282 12 12 12 12 12 282 12 282 12 12 12 12 282 282 12 282 12 12 12 12 282 12 12 282 282 282 282 282 282 12 12 12 282 282 12 282 12 282 282 12 282 282 282 282 12 282 282 12 12 282 282 282 282 12 282 282 12 12 282 12 12 12 12 12 12 12 282 282 282 12 282 282 282 12 282 282 282 282 12 282 12 12 12 282 12 282 12 12 282 12 282 282 282 12 12 12 12 12 12 282 282 282 282 282 282 282 282 282 12 12 12 12 12 282 282 282 282 12 12 282 282 12 12 12 282 12 282 282 282 12 12 12 12 282 12 12 12 12 12 282 12 282 12 282 12 282 282 12 12 282 282 282 12 282 282 12 12 12 282 282 282 12 282 12 12 282 282 282 12 12 12 12 12 12 282 12 12 282 12 282 282 12 282 282 282 12 282 12 282 12 282 12 282 12 282 12 12 282 282 12 12 282 12 282 282 12 282 282 12 282 282 12 282 282 12 12 12 282 282 12 282 12 12 12 282 12 282 12 12 12 12 12 282 282 12 12 12 12 12 12 12 12 282 12 282 12 12 12 12 282 282 282 282 282 12 282 282 282 282 12 12 12 282 282 12 282 12 12 282 282 12 282 12 282 282 282 282 12 282 282 282 282 282 12 12 12 12 282 282 282 12 12 12 282 12 282 282 282 12 12 282 12 12 12 282 12 12 12 12 282 12 282 275 68 68 275 12 68 12 68 12 12 12 12 68 275 68 12 68 12 68 12 12 12 12 12 68 68 12 12 12 275 12 12 12 12 275 275 12 12 68 275 68 68 275 275 68 12 275 12 68 12 12 12 12 12 12 68 275 12 12 12 275 12 68 12 68 68 12 275 275 275 12 12 275 12 12 12 68 275 12 68 12 68 12 12 12 275 68 12 12 68 12 12 68 275 275 12 275 12 12 68 12 275 68 275 12 12 12 12 12 12 12 12 275 12 68 275 12 12 12 12 275 12 12 68 12 68 68 12 275 12 275 275 12 68 12 68 12 12 12 12 275 275 275 68 12 12 68 12 12 275 12 68 12 12 12 12 12 275 275 12 12 12 12 12 12 275 12 12 275 275 68 12 12 12 12 12 68 12 275 12 12 275 275 12 12 12 12 12 12 12 68 68 12 12 12 12 12 12 68 68 68 12 12 12 12 275 275 12 12 12 275 12 12 275 275 12 12 68 12 275 275 275 12 68 12 12 68 12 12 12 12 12 275 12 12 12 12 275 12 275 68 12 12 12 12 12 68 12 12 275 12 12 68 68 12 275 12 68 68 275 12 12 275 12 68 275 275 68 12 12 68 68 275 12 12 275 275 275 12 275 68 275 275 68 12 12 68 12 12 275 275 275 12 12 275 68 12 275 12 68 12 12 68 275 275 68 12 68 275 12 12 68 12 12 68 12 12 12 12 68 12 68 12 275 275 12 12 275 68 68 68 12 12 12 12 275 12 12 275 275 68 275 12 68 12 275 68 275 12 68 275 275 275 12 12 12 275 275 275 68 12 12 12 275 275 68 275 12 12 68 68 12 12 12 68 68 68 68 12 12 68 12 68 275 12 275 275 68 68 68 275 12 12 68 275 12 275 12 68 12 68 275 12 68 12 275 12 68 68 12 12 12 12 68 68 12 68 68 68 12 12 12 12 275 68 12 68 12 275 12 12 68 12 12 68 12 68 275 68 68 12 12 12 12 275 12 12 68 12 12 12 68 68 275 12 12 12 12 275 12 68 275 12 12 68 12 12 12 68 12 12 12 12 275 12 12 12 68 12 275 68 12 12 12 12 12 12 275 275 12 12 12 275 275 12 275 68 68 12 275 275 68 12 12 275 12 68 12 12 12 68 275 12 12 275 275 68 12 68 275 275 12 12 275 12 275 12 68 275 275 275 68 275 12 12 12 12 275 12 275 275 275 12 275 68 68 68 275 12 12 12 68 68 275 12 12 68 275 68 12 275 12 275 12 12 68 12 68 68 12 275 12 12 275 275 12 275 12 275 275 12 12 12 68 68 12 12 12 275 68 68 275 275 275 12 12 68 68 275 68 12 275 68 12 68 12 12 12 12 68 12 275 275 12 68 12 12 275 275 68 12 12 12 12 68 12 12 68 68 12 275 275 12 12 275 12 275 68 12 12 68 12 275 12 12 12 12 12 68 12 12 12 12 68 275 12 12 68 68 12 12 68 68 12 275 275 68 12 68 12 275 275 12 12 12 275 275 12 12 12 12 68 68 12 275 68 12 275 12 68 12 12 12 68 12 275 68 12 12 275 68 68 68 275 275 12 275 68 68 12 12 12 275 275 68 12 12 68 275 68 275 68 12 275 12 12 68 12 12 68 12 12 275 275 275 275 275 68 12 68 12 12 12 12 12 12 12 68 12 275 275 68 12 68 12 12 275 275 12 68 275 12 68 275 12 12 12 68 12 12 12 12 275 275 68 12 12 275 68 12 68 12 68 68 275 12 275 275 275 12 12 12 12 12 275 68 12 12 68 275 12 68 12 12 68 275 68 275 275 12 68 12 68 12 12 12 12 275 12 12 275 68 12 275 12 12 12 275 275 275 12 68 12 275 68 12 12 68 275 12 68 275 12 68 275 275 12 275 68 68 68 12 12 68 12 12 12 68 68 275 68 275 68 12 68 275 275 275 12 12 12 12 68 12 275 12 12 12 12 275 68 12 12 68 275 12 12 68 68 68 12 12 12 12 12 12 68 12 12 12 12 12 12 12 68 12 68 68 12 12 12 68 12 275 275 68 12 12 275 12 68 12 12 12 68 275 12 12 12 12 68 12 12 275 12 275 12 68 275 12 12 12 275 12 68 68 12 12 12 68 12 68 12 12 275 275 275 275 12 12 275 12 68 68 12 12 68 68 68 12 275 12 68 12 12 12 12 68 12 12 12 68 68 12 68 275 12 12 275 68 275 275 275 12 275 275 12 12 68 275 12 275 12 68 275 12 12 12 68 12 12 275 275 12 12 12 275 275 68 68 68 275 275 12 12 68 68 68 68 12 275 12 12 275 12 68 68 275 12 275 12 12 68 68 275 12 275 275 68 12 12 68 12 12 275 68 12 12 275 275 275 275 12 12 12 12 12 68 275 12 12 68 12 12 68 275 68 12 68 68 68 12 12 12 275 68 68 275 68 12 12 68 12 12 12 68 12 12 12 68 12 12 68 275 275 275 275 275 12 275 12 12 68 68 12 12 68 68 68 68 275 12 12 275 12 12 68 275 12 275 68 275 12 12 275 12 12 12 68 275 275 12 12 68 275 12 275 12 12 12 275 68 12 12 275 275 68 68 68 68 12 68 12 12 12 12 275 12 275 12 68 12 12 275 68 68 12 12 12 68 12 275 275 12 68 68 68 275 12 68 275 12 68 68 68 68 12 68 275 68 68 275 68 275 68 275 12 12 68 12 275 12 275 275 12 12 12 12 12 68 12 12 12 68 12 12 12 275 12 68 275 12 12 68 12 275 12 12 12 12 68 12 275 68 12 68 12 68 68 68 12 68 275 68 68 12 275 275 275 12 12 12 68 12 275 68 275 12 12 275 68 275 12 275 12 12 68 68 275 68 12 12 12 12 12 12 275 12 12 275 12 68 12 12 12 12 68 12 12 68 12 68 12 12 12 68 275 275 68 275 12 12 68 12 275 12 68 12 275 12 275 12 12 12 12 68 68 12 12 12 12 12 12 12 12 68 275 12 12 68 68 12 275 68 12 275 12 12 68 12 12 12 275 12 275 12 12 12 275 275 12 68 275 12 275 12 12 12 275 275 275 275 68 12 12 275 275 12 68 68 68 68 68 12 68 12 275 12 275 68 12 68 12 68 12 68 12 12 275 68 12 275 12 275 12 12 12 68 275 12 275 275 68 275 275 275 12 68 12 12 68 68 68 12 12 12 12 12 275 12 12 275 12 275 68 12 275 12 68 68 68 275 275 275 12 12 12 12 12 12 12 12 68 12 12 68 275 12 68 68 12 68 68 12 12 12 275 68 12 68 12 12 68 275 68 68 275 12 275 12 12 12 275 275 12 12 12 12 12 68 68 68 12 68 68 12 68 68 12 12 12 68 12 275 68 275 12 12 275 275 275 68 68 68 275 12 275 68 275 12 68 68 12 275 68 12 12 275 275 12 12 275 12 12 275 68 68 275 12 275 12 275 275 12 275 12 68 68 275 12 275 275 12 12 12 68 68 12 12 68 12 12 275 68 68 12 275 68 12 12 12 12 12 275 12 275 12 275 12 12 275 12 12 12 68 68 68 12 12 275 68 275 12 68 275 275 12 12 12 275 12 68 275 275 275 12 12 275 12 68 12 12 275 275 68 68 12 275 275 275 68 12 12 275 275 68 12 12 12 12 68 12 12 12 275 12 12 12 12 12 12 275 12 275 12 12 275 12 68 275 275 12 12 12 275 12 275 275 12 12 68 12 68 12 68 12 275 68 68 68 68 275 275 12 68 275 12 68 12 68 275 275 68 275 12 275 12 275 12 12 12 68 275 12 12 68 68 12 12 275 12 12 68 275 68 275 12 275 12 12 68 12 275 12 275 12 275 275 68 12 12 68 275 12 275 68 12 275 68 12 275 12 12 12 12 68 12 68 68 12 12 275 275 12 275 275 12 12 12 12 68 275 12 12 275 12 275 68 275 68 12 12 12 275 12 68 12 275 275 12 68 68 275 275 12 68 12 68 12 275 12 12 12 68 12 275 12 275 12 12 68 12 12 12 12 275 12 12 275 68 68 12 12 12 12 12 12 275 12 275 68 275 68 68 12 68 12 68 68 275 12 68 68 68 68 12 68 275 68 12 68 12 68 12 12 12 68 12 12 12 12 68 12 12 68 68 68 12 12 275 275 12 12 275 275 12 68 12 68 12 275 12 68 12 12 68 12 275 12 12 12 12 275 12 12 12 12 12 275 275 68 12 68 12 12 68 12 12 68 68 12 12 12 12 275 68 275 12 275 275 12 12 275 68 12 12 12 68 12 68 68 12 275 275 68 12 275 275 12 68 275 12 12 12 275 68 12 68 12 68 12 12 68 275 12 12 275 12 12 12 12 12 68 275 12 68 275 275 12 275 68 68 275 12 12 12 275 12 12 275 275 68 12 275 275 12 12 68 12 12 68 275 68 12 12 68 275 12 68 12 68 12 12 275 12 12 68 12 68 68 68 12 275 12 68 12 275 275 12 275 275 12 68 12 12 12 68 275 12 275 275 12 68 12 12 12 275 68 12 68 275 68 275 68 12 12 275 12 68 12 12 68 68 68 12 12 12 12 12 68 68 275 275 68 12 68 12 275 12 275 12 275 12 275 12 12 12 68 12 12 275 275 68 275 275 12 275 12 12 12 12 275 68 68 68 12 12 12 68 12 12 275 68 275 12 275 275 12 12 12 68 12 12 68 12 275 68 12 275 275 12 275 12 275 275 12 275 68 12 12 275 12 12 275 68 12 68 275 12 275 275 68 275 12 68 12 12 12 12 275 12 275 68 68 68 12 12 12 12 12 68 12 12 68 12 68 68 275 68 275 12 12 68 12 12 12 12 12 68 68 12 68 275 68 12 275 12 12 68 275 68 12 12 275 12 275 12 68 12 68 275 12 12 12 275 12 275 275 12 68 12 12 12 275 68 68 275 12 275 68 12 12 12 68 12 68 12 275 68 68 68 275 12 68 12 12 12 275 68 68 68 12 275 12 68 12 275 275 275 68 12 275 275 12 68 12 12 12 12 68 68 275 68 12 12 275 12 68 275 12 275 12 68 68 12 68 68 68 12 12 12 12 275 68 68 12 275 12 12 275 12 12 68 12 12 68 12 68 12 275 12 12 12 12 12 12 68 68 275 12 68 12 275 12 68 12 12 275 12 68 68 12 12 68 12 275 275 12 12 12 12 68 12 275 275 68 12 12 68 12 68 12 12 275 275 275 275 12 12 12 68 68 275 68 68 12 12 12 12 275 12 12 12 68 275 12 68 12 12 275 12 12 275 275 68 12 275 12 275 68 12 12 12 12 68 12 12 68 275 12 68 68 275 275 275 12 12 275 12 275 275 12 12 12 275 275 12 12 68 68 275 68 275 12 275 12 275 275 12 275 12 275 275 275 68 68 12 12 68 275 12 12 12 275 68 12 275 12 68 275 68 275 12 12 12 12 12 68 275 12 12 12 12 275 12 12 275 68 68 68 12 12 12 12 12 68 68 275 12 12 68 12 68 12 12 12 275 12 12 68 12 68 275 12 275 12 275 12 12 12 68 275 275 275 12 275 12 275 275 12 275 68 12 275 12 12 68 275 275 12 12 12 12 12 275 12 68 12 12 68 12 12 12 12 275 12 12 68 68 275 275 275 12 275 275 12 12 275 68 275 68 12 275 12 12 68 12 68 68 275 12 12 12 12 68 68 275 275 12 12 275 275 275 12 12 275 275 12 68 12 275 12 12 12 12 68 68 68 12 12 275 12 12 68 275 68 12 12 68 68 275 275 12 12 68 12 12 12 68 68 12 12 68 12 12 12 12 12 12 12 68 68 275 12 68 12 68 275 275 275 275 68 12 275 68 275 68 68 68 12 68 275 12 12 68 68 12 68 12 12 12 68 275 68 12 12 68 12 12 275 12 68 12 12 68 12 275 275 12 12 12 12 275 68 68 12 68 12 12 68 12 12 275 68 68 275 12 12 68 12 68 68 275 12 68 12 12 12 12 68 12 275 12 12 275 12 68 12 12 12 12 275 275 68 275 275 12 68 12 275 275 12 275 12 12 12 12 275 275 275 12 12 12 68 12 68 275 68 275 275 12 275 12 12 12 275 275 12 275 68 68 12 12 275 275 12 12 12 275 68 275 68 275 12 275 68 12 12 12 275 12 68 12 12 12 68 12 12 12 275 12 12 12 275 12 12 12 68 12 68 275 12 275 68 68 12 12 275 12 275 68 68 12 275 12 68 12 275 275 12 12 12 12 12 68 12 68 68 275 12 12 275 275 12 12 12 275 68 68 275 275 68 275 12 275 68 12 68 12 12 12 275 275 12 275 68 275 68 12 275 68 12 68 12 275 275 68 68 275 12 275 68 12 12 12 12 68 12 275 12 12 68 12 68 12 12 12 275 12 12 68 12 12 68 275 275 12 12 12 12 12 68 12 12 12 68 12 12 275 275 68 68 275 12 12 275 68 68 275 68 12 275 68 275 12 12 275 68 275 68 275 275 275 275 12 12 68 68 68 68 275 12 275 68 12 12 275 12 12 275 275 12 68 275 12 275 68 12 275 12 68 68 68 275 275 12 275 12 12 12 12 275 12 68 275 275 12 12 275 275 275 12 12 68 275 12 12 68 12 12 12 68 275 12 275 275 12 68 12 275 68 275 12 12 12 68 12 68 275 275 12 12 12 12 275 68 68 68 12 275 12 12 12 12 275 275 12 275 12 275 68 12 68 68 68 68 275 68 12 12 275 275 275 12 12 275 12 68 275 68 68 12 68 12 275 275 275 68 275 275 68 12 275 12 12 275 12 12 12 275 275 12 275 68 275 12 12 68 12 12 12 12 12 68 12 68 12 275 12 12 68 12 12 12 275 12 12 12 12 12 12 12 275 12 275 68 275 12 12 68 68 12 275 68 275 275 275 68 275 12 68 12 12 12 275 68 68 275 12 275 68 12 12 12 68 68 12 275 12 12 275 68 68 12 12 12 12 12 275 68 68 12 12 12 12 12 275 12 12 12 68 275 12 275 12 68 12 275 12 12 275 12 275 12 275 275 12 68 68 12 12 275 12 12 12 275 12 275 68 12 12 12 275 68 68 275 275 12 275 12 12 12 68 12 275 12 12 275 12 12 68 68 12 12 12 12 12 12 12 12 12 275 68 12 12 12 12 68 12 12 68 12 275 68 68 68 12 12 12 12 12 12 275 12 275 12 275 68 12 12 275 275 68 68 275 12 275 275 12 275 12 275 275 12 12 12 12 68 12 12 12 12 12 12 12 12 68 12 68 275 12 12 68 12 275 12 68 12 12 275 68 12 12 68 68 68 12 12 275 68 275 12 68 275 68 12 275 12 12 275 12 68 12 68 12 12 68 68 68 68 12 12 275 275 275 12 12 12 68 68 12 275 68 12 275 68 68 68 12 12 12 68 68 275 12 275 68 12 275 12 275 12 12 12 68 12 68 275 275 12 275 275 68 275 68 12 12 12 12 68 68 12 12 12 68 68 275 68 275 275 275 68 12 12 68 68 12 12 68 68 12 12 12 12 12 275 275 68 12 12 12 12 68 12 68 12 12 12 12 275 12 12 12 68 68 12 68 12 12 275 12 275 275 12 12 275 12 12 68 275 12 275 12 12 12 12 12 12 12 68 275 275 68 12 68 12 275 12 12 12 68 12 12 275 275 275 12 68 12 12 275 68 68 12 275 12 12 12 275 12 68 12 12 12 12 275 68 275 12 68 275 275 12 12 275 275 12 275 275 68 275 275 12 68 12 275 12 68 68 12 68 68 275 12 68 12 12 12 12 12 275 275 275 68 275 68 12 68 68 12 12 68 12 275 12 68 68 275 275 275 12 275 12 12 12 12 12 275 12 275 12 12 12 12 12 68 12 275 12 68 275 275 68 12 12 275 275 12 275 68 275 12 12 12 12 12 275 12 275 12 275 12 275 12 12 12 275 68 68 12 12 12 68 12 68 275 68 68 68 275 275 12 68 68 12 68 12 12 68 12 275 68 12 275 68 12 12 68 12 68 12 275 68 275 68 12 275 12 68 12 68 275 12 12 68 275 68 12 68 68 12 12 12 275 68 12 12 12 68 275 12 68 68 12 12 12 12 68 12 275 275 68 275 68 12 68 68 68 12 12 12 68 275 275 68 12 275 12 12 12 12 68 12 12 275 12 275 12 275 12 275 275 12 275 68 275 68 68 68 275 12 12 68 68 12 12 275 68 12 12 275 12 12 12 12 12 12 12 12 68 275 275 12 12 275 12 12 68 12 12 12 12 12 68 275 12 68 12 275 275 12 12 12 275 12 68 68 12 68 68 12 12 12 275 12 68 12 275 68 12 12 275 12 12 275 275 12 12 12 68 275 12 12 12 68 12 275 12 12 12 275 12 68 12 68 275 68 68 68 12 68 68 12 68 12 275 275 12 12 12 68 275 68 12 12 68 275 12 275 12 12 68 68 68 12 12 12 275 275 68 68 275 68 12 68 275 275 12 12 68 12 68 12 12 275 68 68 12 12 68 12 12 68 68 12 68 275 275 12 275 12 275 12 12 12 68 275 12 12 12 12 68 68 12 12 12 12 68 68 12 12 12 275 12 12 275 12 275 12 12 68 12 12 12 12 68 275 12 275 275 68 68 12 12 12 275 12 12 12 12 12 12 12 275 275 68 275 275 12 12 12 275 275 12 12 275 12 275 275 12 12 12 275 12 275 12 68 12 68 275 12 12 12 275 275 12 275 12 12 12 68 68 68 275 12 12 12 68 275 68 12 68 275 275 12 68 68 68 12 275 275 12 275 68 68 68 275 275 68 12 12 275 12 12 12 12 12 12 12 12 12 12 12 275 275 12 12 68 275 12 12 12 68 275 12 12 12 275 275 12 12 68 12 275 275 68 12 275 12 68 12 275 68 275 68 12 12 12 275 275 68 68 12 12 275 12 12 275 68 275 12 275 68 12 275 68 275 12 275 68 275 68 275 12 12 12 12 12 12 12 282 282 282 282 282 282 282 282 282
