14749 1000 600
148 206 233 472 503 924 996 0
195 458 902 946 0
91 168 274 364 381 696 707 820 880 0
75 410 520 679 0
51 315 376 462 577 746 999 0
19 379 407 507 557 602 625 699 805 893 0
160 255 426 441 664 0
86 480 538 542 799 0
133 237 436 541 697 864 0
98 321 780 0
180 292 313 336 583 652 784 902 0
160 240 263 274 504 514 723 753 810 834 989 0
54 517 744 758 924 943 0
35 166 247 388 504 635 636 905 0
37 246 313 353 412 624 0
25 41 61 113 393 425 558 738 914 0
30 376 849 998 1000 0
100 276 329 335 424 919 0
364 462 575 620 651 889 0
212 229 305 325 346 571 613 717 0
90 180 210 266 296 318 321 709 0
152 196 240 284 401 472 486 696 883 0
179 229 532 813 0
82 288 408 510 538 934 981 0
14 180 395 679 710 735 882 981 0
89 326 341 352 0
173 188 255 451 467 784 842 915 0
58 238 297 354 438 490 555 637 651 0
134 541 711 868 0
27 89 256 410 473 527 855 0
236 238 284 522 576 739 965 0
179 193 271 608 677 750 945 0
34 450 536 642 769 981 0
80 728 995 0
216 482 626 918 0
37 114 157 372 590 592 623 851 949 0
188 251 414 530 532 637 651 699 848 0
77 298 333 374 619 826 897 0
267 345 634 777 0
91 174 277 489 505 556 717 830 0
18 159 161 291 474 477 650 756 0
51 509 578 643 695 754 970 0
253 652 770 0
41 58 377 416 456 943 0
61 274 297 356 478 582 728 778 994 0
195 286 294 378 448 518 838 0
33 390 576 601 707 813 980 0
9 228 323 342 549 553 970 980 0
5 136 202 498 693 819 0
244 437 489 0
221 544 891 929 950 962 980 0
155 906 921 0
213 223 406 548 586 634 991 0
165 277 463 471 681 815 0
36 163 317 334 371 543 548 631 761 0
452 526 667 832 901 0
247 577 723 0
58 341 460 568 817 916 930 970 0
125 268 298 404 626 0
158 306 375 432 642 976 0
172 359 504 656 921 980 0
38 152 219 261 277 359 464 579 862 943 984 0
5 266 605 850 908 0
388 446 716 720 840 0
51 215 446 546 652 926 0
656 993 0
88 99 526 717 793 852 0
8 514 655 658 0
2 139 737 985 0
219 331 372 440 668 927 0
125 164 421 437 833 972 0
44 286 472 686 870 933 0
128 146 173 184 813 875 0
340 643 877 0
12 266 320 498 694 748 0
46 167 431 549 687 761 0
73 129 138 241 511 686 723 745 0
8 43 307 429 475 546 610 921 0
307 726 0
426 642 791 924 0
64 69 80 262 287 331 361 750 842 0
565 577 681 697 750 0
46 229 344 346 0
32 377 761 787 954 0
74 126 150 521 579 639 870 939 0
292 407 424 578 728 896 0
11 232 352 370 452 465 0
239 290 551 848 867 964 0
67 274 466 491 546 559 565 622 630 656 772 0
53 147 314 419 468 551 688 840 0
13 386 474 500 682 701 930 0
45 81 408 701 778 888 980 0
195 232 350 372 451 526 535 604 742 892 899 932 956 0
32 96 251 271 470 660 915 0
100 256 315 317 396 528 636 744 833 951 978 0
158 449 508 645 870 0
175 724 831 877 951 0
68 85 259 375 446 523 685 989 0
33 119 351 611 986 0
124 180 294 537 704 979 0
315 499 840 0
198 604 670 854 933 0
62 266 295 328 364 482 582 624 656 0
47 297 707 738 0
102 331 402 658 677 688 0
101 251 266 284 426 564 833 0
328 338 588 721 812 813 0
287 474 522 727 748 867 0
175 528 0
294 415 427 435 485 486 717 0
105 129 505 577 789 985 988 0
249 429 564 835 0
646 727 823 0
29 211 444 614 662 801 819 0
247 480 560 0
8 431 676 892 905 907 950 0
20 234 280 461 492 0
45 614 821 0
76 324 390 394 468 717 882 945 0
174 442 455 525 750 801 867 953 0
175 181 264 482 781 994 0
233 465 698 763 793 868 962 0
54 568 586 632 713 985 0
101 170 173 269 410 417 627 907 0
29 531 824 0
242 383 619 956 978 0
194 280 0
87 440 547 890 0
123 470 0
26 47 78 126 242 292 475 527 798 0
15 64 163 449 523 919 0
76 107 129 142 382 0
15 28 138 169 409 549 775 798 0
45 325 537 809 0
41 183 281 384 574 982 0
85 183 448 497 973 0
52 281 283 823 958 0
193 491 564 618 755 0
12 84 230 388 495 780 0
153 289 302 347 626 662 824 948 0
318 647 731 733 994 0
69 679 872 906 0
127 221 566 623 690 0
27 214 268 270 377 409 605 753 859 907 0
111 157 203 208 533 620 644 862 0
88 235 352 397 568 720 780 0
197 225 485 698 842 0
246 498 971 995 0
65 329 345 383 549 604 0
69 159 187 932 960 0
441 528 715 814 0
122 219 371 563 764 773 824 0
57 156 242 462 616 750 907 0
4 173 271 429 772 0
112 301 310 366 390 502 528 0
33 83 248 0
131 196 765 945 0
257 350 469 611 827 0
135 248 261 298 562 587 664 742 987 0
75 76 513 589 909 0
5 298 395 451 752 851 988 0
144 425 507 0
40 52 309 428 868 897 899 0
123 706 709 923 939 0
277 285 467 794 821 0
3 123 269 325 340 408 584 800 0
74 266 290 365 467 802 804 864 918 0
172 240 634 0
101 301 353 507 603 0
414 461 629 710 827 857 902 0
79 257 409 534 613 936 941 0
124 227 237 295 306 874 0
109 186 871 873 901 953 0
82 181 487 639 760 0
165 298 395 529 863 0
119 155 395 406 0
120 265 349 548 582 0
397 510 586 639 965 0
154 167 351 396 931 0
738 867 874 901 0
309 543 633 684 834 0
121 125 131 208 547 697 0
155 524 948 996 0
166 216 394 686 779 785 817 0
300 302 445 479 643 771 936 0
26 242 377 479 824 912 934 0
42 156 384 542 579 581 681 807 852 853 0
340 368 418 500 658 760 853 0
87 93 313 545 692 921 0
288 303 428 446 553 597 748 984 0
198 664 764 988 0
29 64 160 164 358 474 0
238 381 608 789 882 0
406 0
57 113 175 726 911 920 0
72 295 586 696 870 894 946 985 0
37 88 203 375 603 861 0
184 188 357 447 499 655 666 804 814 0
40 52 137 809 966 0
75 531 591 644 914 0
109 167 256 298 481 686 809 0
259 440 497 760 882 971 973 0
377 469 582 727 999 0
25 102 331 364 0
13 119 187 205 456 551 772 787 874 966 967 0
1 280 519 593 0
612 0
541 617 697 839 0
611 692 711 735 866 886 964 0
27 254 261 417 514 564 698 730 756 894 964 0
108 290 632 812 817 0
241 357 385 428 432 510 557 638 748 807 0
93 125 463 665 836 847 0
422 0
130 150 158 256 292 308 327 380 398 517 525 721 834 0
32 236 294 308 614 871 877 0
244 436 476 933 960 0
52 147 178 902 0
165 268 760 0
124 159 169 787 825 0
111 132 914 0
3 371 537 569 751 794 852 0
128 161 714 937 999 0
334 340 401 423 524 551 650 942 0
7 255 623 704 751 0
121 131 172 374 834 845 970 0
54 112 216 318 388 406 579 0
358 477 724 780 909 0
60 406 503 539 672 719 946 971 0
98 380 384 452 983 0
397 415 945 0
420 778 895 0
137 203 228 472 983 0
173 285 429 740 852 0
31 132 417 611 740 874 881 991 0
2 21 165 216 467 665 675 823 0
43 189 249 342 729 0
104 352 367 748 865 897 0
4 9 60 109 114 322 377 432 447 527 546 651 741 905 0
16 62 100 340 855 863 0
206 272 307 401 0
103 187 242 273 469 499 587 642 740 913 0
57 231 318 466 787 816 920 929 0
30 104 144 146 237 421 652 731 0
60 383 652 694 721 752 0
73 518 552 766 907 0
20 133 260 375 412 460 623 0
33 73 140 557 801 896 0
241 281 547 638 651 798 969 0
17 122 134 142 157 232 336 504 887 0
37 72 222 840 0
102 134 308 670 980 0
140 178 0
324 348 523 616 0
125 182 218 264 277 565 616 845 0
48 259 289 355 381 0
110 384 407 551 772 0
4 10 233 246 375 686 708 826 829 0
158 305 453 473 678 738 784 891 927 0
269 445 536 767 785 836 0
68 191 437 465 558 632 0
23 33 479 605 611 647 837 958 0
44 135 540 567 633 733 759 776 878 0
120 134 150 227 263 334 391 919 0
40 215 259 555 629 657 693 0
38 136 317 361 684 0
457 697 732 752 791 862 927 0
34 94 191 360 772 0
120 128 220 965 0
19 44 271 622 962 978 0
156 276 356 856 0
83 119 392 542 616 623 781 836 0
64 312 331 500 580 620 711 917 0
268 355 476 620 693 722 834 864 926 978 0
55 95 319 512 893 989 0
135 188 394 544 551 564 854 961 0
47 269 493 568 817 960 0
337 418 422 586 655 758 0
160 0
113 372 467 575 659 767 791 818 0
7 491 570 577 939 0
288 494 635 820 829 941 965 0
528 562 599 802 992 997 0
295 435 567 690 787 789 0
85 420 523 637 796 863 935 0
217 557 657 745 0
449 535 652 660 922 931 1000 0
165 458 512 585 604 703 832 875 997 0
10 18 388 527 602 633 816 0
1 56 569 976 0
156 295 420 486 572 846 0
48 366 400 425 547 646 684 833 969 0
147 196 223 291 349 609 862 0
35 162 488 689 875 0
68 85 407 576 784 874 0
107 219 224 256 520 526 535 708 840 921 999 0
247 617 710 736 779 807 963 981 0
402 549 706 910 0
222 355 504 599 640 724 0
371 477 557 653 803 0
102 421 423 504 0
174 212 509 642 772 872 957 0
218 365 928 0
549 564 746 757 0
238 278 310 415 619 724 0
11 194 409 520 527 530 588 621 677 694 0
335 629 706 892 0
225 448 511 703 866 0
98 282 343 585 804 820 873 0
297 339 356 760 958 0
19 144 181 264 390 575 708 824 857 903 918 920 0
91 242 387 515 530 689 707 988 0
145 276 292 495 516 567 593 614 847 0
220 556 561 674 0
33 69 703 783 836 962 0
120 238 961 0
153 355 433 451 589 0
61 87 563 715 848 907 980 0
296 345 605 612 640 795 0
180 512 664 679 743 988 0
76 83 981 0
89 288 387 502 0
1 83 206 359 437 780 850 0
249 267 395 600 661 0
438 523 989 0
269 329 412 671 0
17 72 143 443 564 959 0
70 78 357 390 857 959 0
112 360 489 0
70 286 761 858 905 973 0
326 413 500 685 825 872 0
145 410 491 806 864 952 0
32 220 401 439 457 740 794 0
7 211 246 608 961 965 0
27 94 170 322 471 486 741 760 848 0
70 136 367 450 692 746 926 0
228 278 444 766 917 968 0
294 339 624 0
179 603 645 853 0
13 397 538 898 0
166 179 194 549 577 748 866 0
16 572 628 0
31 499 658 783 968 0
624 679 905 960 0
43 278 487 766 771 837 866 0
219 245 354 405 510 0
6 15 33 191 341 342 419 428 491 0
369 438 457 799 894 906 0
35 324 353 414 623 701 733 768 789 0
256 284 516 599 843 855 0
187 199 655 859 862 986 0
248 324 472 535 585 694 837 0
237 468 0
216 295 453 963 0
280 327 350 471 518 553 789 814 902 953 0
190 205 269 475 729 992 0
92 206 246 480 571 703 924 928 929 0
74 157 185 250 414 462 479 659 860 0
286 335 761 874 897 933 964 0
47 79 140 453 542 641 703 0
316 342 460 481 630 0
118 244 346 791 0
3 14 99 237 286 629 887 896 0
214 264 284 304 360 383 584 0
52 84 173 177 408 0
37 278 354 436 480 499 904 976 0
79 189 376 824 0
30 68 95 210 227 666 0
147 179 600 657 673 738 751 779 0
32 222 350 371 404 415 443 876 892 909 0
124 203 261 343 378 0
373 455 0
108 992 0
11 593 718 0
212 0
148 384 529 723 0
84 582 823 859 0
100 111 112 131 197 485 949 0
40 44 61 384 470 775 780 0
159 307 311 433 874 0
272 304 427 448 688 901 957 0
190 709 761 0
431 639 719 928 0
127 357 809 822 0
10 117 149 281 402 504 649 766 901 0
36 111 379 400 564 786 791 923 0
208 606 793 812 0
127 381 424 631 789 886 0
103 232 370 409 879 0
44 223 0
289 326 689 0
128 141 331 518 530 960 0
200 552 618 708 740 0
182 242 243 406 426 547 693 717 805 851 854 972 0
414 465 516 640 0
22 336 573 624 647 675 909 0
15 36 69 228 234 275 309 699 0
89 246 322 532 568 0
442 690 834 0
55 101 102 123 231 384 421 601 853 862 0
139 421 733 806 911 0
181 207 220 306 318 661 888 0
202 644 648 727 821 892 0
785 0
11 110 194 298 310 337 558 610 912 0
305 331 503 694 859 883 0
285 502 534 557 682 852 0
92 201 217 435 557 821 842 0
496 681 801 979 0
13 294 461 562 771 0
8 74 120 246 310 546 565 573 584 884 983 0
227 636 871 0
154 190 284 306 366 872 0
80 84 98 106 472 552 0
129 306 376 812 905 948 0
10 106 686 0
411 485 520 0
29 189 218 223 224 779 0
1 22 112 118 521 715 806 0
652 830 0
9 20 280 387 517 0
247 370 512 538 751 934 0
264 286 529 642 845 901 0
20 90 172 321 336 366 378 733 900 0
673 729 758 787 0
58 113 188 290 582 589 635 779 799 0
257 336 594 749 876 0
256 340 787 0
194 197 199 243 337 385 392 624 679 725 785 0
191 249 406 576 619 852 855 958 0
54 562 585 591 617 623 812 0
40 76 218 230 266 286 524 544 0
58 74 176 197 290 422 587 679 867 0
41 218 281 406 447 637 643 0
396 849 0
276 630 691 746 0
210 491 551 684 970 0
28 219 415 472 491 637 838 0
166 342 799 881 916 0
161 188 457 0
34 68 116 163 210 891 978 0
170 434 642 806 834 855 0
44 198 218 484 738 822 823 0
216 428 743 853 0
76 100 228 623 633 0
67 361 564 919 0
74 291 441 583 854 0
25 241 318 0
133 231 397 730 763 0
330 436 598 0
57 302 553 618 665 727 750 0
126 161 292 349 398 413 661 838 858 993 0
418 484 698 898 985 0
4 16 164 199 499 521 896 914 0
330 593 759 903 0
105 215 804 954 0
170 303 311 394 715 985 0
68 188 576 685 782 931 975 0
211 379 486 585 779 859 0
33 366 500 0
104 532 567 793 798 0
200 249 328 948 0
125 161 723 798 838 861 0
19 129 232 289 536 542 808 885 942 0
142 221 924 925 0
135 301 581 767 991 0
7 46 191 251 896 923 924 0
358 392 486 849 0
140 391 427 522 769 816 891 922 930 944 961 0
379 518 873 0
286 342 797 918 953 0
34 277 331 563 616 0
32 111 253 598 0
154 398 442 896 0
262 596 609 627 641 0
267 402 411 632 742 0
316 514 571 761 774 881 0
88 352 439 808 924 951 0
152 207 213 325 395 470 548 878 952 0
218 258 865 0
201 364 365 647 650 770 772 791 850 924 939 957 0
29 120 286 366 622 624 736 0
237 504 608 708 720 0
805 0
100 133 239 675 832 926 0
156 219 340 377 384 470 507 891 0
195 296 318 426 628 635 747 0
282 504 805 837 955 0
6 222 571 673 848 901 0
185 350 538 824 859 0
318 414 512 694 0
284 392 683 866 932 999 0
513 651 743 978 0
421 527 612 715 741 743 850 0
165 0
169 214 234 377 441 0
87 123 283 489 684 831 934 980 0
92 216 223 308 369 452 579 814 983 0
225 739 843 0
51 64 89 210 0
269 451 748 0
42 71 275 301 549 781 0
12 401 613 823 866 0
45 193 249 259 460 484 556 627 952 0
30 299 397 699 772 776 896 910 0
23 87 529 590 595 758 844 0
30 62 215 538 612 754 0
116 189 191 247 334 691 862 0
46 344 459 465 518 574 624 753 910 0
126 334 343 442 565 978 0
151 656 734 956 0
78 91 189 199 262 346 515 524 611 802 960 0
56 240 254 485 647 682 0
224 356 541 595 973 991 0
99 225 242 442 460 517 862 0
24 281 398 415 508 609 648 824 0
47 81 177 335 621 802 0
96 221 619 0
115 153 211 287 396 460 712 831 887 907 950 0
216 356 379 440 467 697 902 0
624 794 0
331 752 757 785 0
114 283 444 971 976 0
99 384 547 755 852 904 0
329 483 606 712 983 0
247 462 632 695 699 853 865 0
35 65 94 127 263 363 698 0
154 437 766 914 0
104 417 594 648 660 0
84 157 234 485 810 833 841 902 953 0
88 245 380 428 564 836 975 0
381 500 861 0
317 516 649 687 711 880 894 899 984 0
58 132 249 297 317 598 650 732 742 914 0
129 269 323 332 367 856 944 0
75 95 768 778 849 896 0
605 678 925 0
288 731 801 867 968 980 0
24 110 301 440 632 985 0
16 46 167 223 519 571 737 788 970 0
95 107 805 894 0
200 362 393 404 584 890 924 935 0
23 24 293 980 0
122 271 598 688 971 0
40 48 361 367 510 723 0
268 467 580 694 815 821 852 856 892 921 950 0
182 500 510 597 702 926 927 0
39 310 735 0
128 167 294 324 521 985 0
361 509 562 764 0
107 114 278 320 355 376 508 816 857 0
16 410 561 642 649 710 750 851 928 0
5 220 266 282 300 523 806 827 899 0
354 367 699 921 0
266 273 586 635 0
277 350 382 430 451 744 948 0
33 264 341 616 623 811 0
33 46 357 624 960 0
96 396 450 612 644 817 883 0
11 140 310 662 756 824 979 0
48 137 522 702 705 0
396 451 455 512 615 703 0
99 492 648 667 693 708 804 808 862 0
22 91 436 565 659 853 0
296 594 638 702 849 959 0
14 89 134 555 577 637 711 0
163 178 286 301 534 802 0
110 280 284 719 874 960 0
188 257 356 442 565 708 815 886 0
44 107 213 314 502 766 0
142 338 443 490 633 880 0
100 220 224 575 645 659 788 789 0
194 298 516 658 660 808 0
435 591 730 0
110 200 239 567 915 0
13 197 256 474 730 0
23 430 547 674 754 0
89 222 413 430 480 743 0
264 276 374 547 969 0
144 268 483 496 649 685 0
330 529 635 788 862 897 0
11 190 566 593 703 744 882 982 0
69 117 420 516 613 0
368 486 911 978 0
320 355 373 487 523 814 816 0
225 721 0
174 421 455 589 676 0
249 355 463 504 577 661 782 793 0
194 271 766 885 0
42 68 294 396 890 0
495 756 946 0
135 283 294 620 814 0
252 490 675 730 988 0
9 69 121 122 374 499 614 699 0
360 456 628 764 944 945 0
45 324 707 878 918 0
77 179 617 658 694 854 0
1 13 111 112 160 486 600 689 0
48 151 305 316 464 604 763 873 899 970 0
56 57 93 168 307 549 621 971 0
41 25 411 558 520 485 738 113 411 485 738 738 738 520 520 520 485 520 393 411 411 411 520 411 411 425 485 520 113 25 520 411 520 738 41 41 520 485 914 485 411 520 558 425 25 520 520 485 411 485 393 411 485 61 113 411 485 425 41 411 41 411 520 25 520 558 41 41 25 520 411 738 738 738 411 914 61 485 485 738 113 914 425 425 485 41 411 25 520 485 25 41 41 61 393 738 520 41 738 485 425 411 425 25 914 411 425 485 41 25 411 425 61 520 113 485 520 558 411 485 25 485 411 41 393 411 425 485 25 393 113 738 520 411 411 393 738 41 61 411 61 520 520 411 393 520 738 411 520 738 485 61 520 558 411 425 393 41 393 558 25 485 520 485 485 485 41 41 41 520 520 520 558 914 25 520 738 485 425 520 520 411 113 411 485 914 485 558 393 485 425 41 61 520 61 393 61 520 411 393 61 558 485 393 393 914 914 25 25 914 41 411 485 520 411 41 425 520 411 914 520 411 485 520 485 485 411 558 738 425 485 520 411 738 25 411 425 113 520 393 520 520 411 520 411 914 520 485 520 393 520 485 113 411 520 558 41 411 61 520 520 738 485 914 738 411 425 61 558 485 558 411 738 520 485 411 411 485 41 520 558 485 485 520 393 425 520 411 520 61 41 520 520 485 520 558 520 520 411 61 411 520 425 41 520 914 411 411 914 411 25 393 914 738 25 558 558 411 485 485 485 485 393 61 738 520 520 520 61 738 41 520 411 520 485 914 558 25 425 393 558 520 485 520 520 485 485 25 914 61 520 485 25 485 520 914 425 61 738 485 485 61 738 485 411 520 411 393 61 558 485 61 41 61 520 411 485 558 485 520 520 425 425 520 485 41 558 411 411 485 411 411 914 558 738 558 425 411 738 520 113 558 485 411 411 41 520 393 411 485 393 485 485 485 520 411 411 411 411 485 485 558 520 520 113 411 425 485 485 41 425 411 41 520 520 411 411 520 393 738 113 61 41 520 113 425 485 425 411 411 558 113 411 411 738 485 25 41 914 485 738 520 520 558 411 520 558 425 520 485 41 411 61 411 520 914 485 485 411 914 738 411 393 425 738 41 411 411 113 738 738 485 411 738 738 411 113 25 914 25 411 485 411 520 520 411 411 520 520 411 520 520 411 41 485 914 520 520 485 520 485 41 25 41 61 485 558 411 411 485 425 411 485 113 411 61 738 520 520 485 411 393 411 914 520 411 520 520 485 520 485 411 411 558 485 41 411 520 520 914 41 485 425 411 520 113 411 25 411 914 738 113 558 113 520 520 485 520 520 411 411 485 485 485 393 558 485 61 558 485 558 485 485 914 738 425 41 738 393 738 41 411 520 411 520 25 914 485 25 738 485 485 411 914 520 41 61 411 558 41 558 558 41 61 41 485 520 61 113 25 914 520 558 61 558 914 113 520 411 914 738 25 393 41 393 411 520 411 61 520 520 25 425 485 558 520 411 411 411 520 61 485 41 393 520 485 61 738 425 411 425 113 61 25 914 41 485 25 485 485 425 113 393 113 425 520 520 393 41 61 520 485 520 520 25 425 738 393 425 393 393 393 485 558 738 520 411 485 485 411 520 520 914 520 738 520 25 520 393 520 558 411 411 113 411 113 558 914 411 425 425 738 113 485 485 520 113 113 914 520 393 411 411 558 25 914 558 113 520 393 485 411 520 393 738 25 61 411 61 485 411 520 520 61 485 914 520 41 520 411 61 558 520 738 485 914 411 393 41 411 485 113 914 411 411 113 485 520 558 411 411 411 485 520 61 520 485 61 393 411 485 411 411 41 485 25 914 485 485 425 61 485 520 411 914 113 411 61 485 485 411 411 485 738 558 25 558 411 393 411 485 558 41 25 914 914 113 485 425 914 41 520 485 393 25 425 25 393 61 520 411 113 113 25 914 485 61 520 411 411 411 41 25 411 41 393 425 411 485 485 425 738 411 25 914 738 485 411 914 485 520 411 485 558 520 738 914 411 485 485 520 485 485 914 485 738 411 25 485 485 485 558 113 485 738 558 425 558 61 411 425 411 738 485 425 393 411 520 411 485 520 411 485 61 411 738 914 41 393 558 520 25 520 558 41 485 113 411 520 485 558 520 411 558 520 485 485 520 520 485 411 113 485 520 393 411 558 61 520 411 25 738 393 411 485 520 738 411 411 25 520 485 738 41 520 520 61 61 113 425 113 411 914 113 41 411 25 520 393 61 393 411 411 520 61 393 485 425 61 41 520 393 738 113 738 520 914 520 41 393 113 411 485 520 520 520 411 25 485 41 485 914 485 558 914 558 411 520 520 520 61 411 113 25 520 61 411 61 411 411 411 520 425 914 914 485 411 738 914 25 425 113 411 411 520 485 411 425 393 738 411 411 25 520 411 485 411 738 738 485 485 411 113 61 485 41 411 520 520 411 485 520 61 61 520 558 411 411 520 393 41 425 558 520 25 558 393 393 520 738 25 485 113 393 61 558 914 738 61 393 411 113 113 411 393 485 485 411 41 393 113 61 411 485 411 485 520 61 485 485 485 113 520 914 520 393 520 411 113 411 41 393 520 485 520 425 558 113 485 25 425 411 485 425 520 485 520 411 425 520 41 485 485 393 411 393 411 485 520 113 411 520 520 41 520 485 393 914 25 738 61 520 411 485 41 113 738 113 41 738 485 485 393 411 411 485 485 738 520 411 41 393 485 485 914 738 485 393 41 411 485 113 914 411 485 914 411 520 113 425 411 485 520 914 411 113 411 411 61 520 411 520 411 411 485 113 520 520 520 558 25 485 41 558 425 520 520 113 425 485 61 61 41 558 520 520 425 393 485 485 425 411 914 25 25 485 520 914 914 425 738 393 61 425 393 411 738 520 393 914 485 914 25 411 520 520 425 411 411 61 520 485 411 914 61 520 41 61 411 485 485 485 520 411 425 738 61 41 738 520 914 411 393 41 393 411 425 738 41 485 411 520 485 485 411 113 738 411 25 485 738 113 485 485 520 113 485 738 411 41 520 411 738 425 520 558 485 520 411 41 113 520 914 520 485 558 738 520 914 411 61 113 393 558 411 520 485 520 558 411 520 25 520 411 425 411 485 411 558 558 425 520 41 485 113 41 411 393 411 411 520 113 485 411 738 411 520 520 520 41 393 61 520 113 25 411 25 411 411 738 558 41 738 485 411 41 485 411 520 520 411 113 393 914 25 25 61 485 738 41 113 485 411 41 393 411 41 485 393 411 61 411 61 520 41 425 411 520 485 113 738 411 520 520 411 411 113 411 485 41 41 520 914 485 520 411 520 520 738 41 558 520 520 520 25 485 25 425 520 411 485 558 520 914 558 41 520 914 411 558 61 393 61 738 738 520 485 113 520 914 411 520 411 738 520 485 41 738 61 485 485 25 485 485 425 738 558 113 520 520 738 113 738 61 411 520 520 558 411 411 61 25 113 393 914 41 914 425 41 393 520 558 41 558 425 113 485 113 914 520 738 411 520 113 113 25 520 520 113 425 25 411 485 485 520 520 558 393 485 738 558 485 113 558 113 520 485 411 411 113 411 485 425 520 25 41 25 411 485 411 520 113 558 411 411 25 485 25 411 485 914 520 25 41 411 425 485 25 61 411 485 393 41 425 485 411 41 425 485 393 61 411 485 520 113 393 425 411 485 520 25 558 485 520 113 520 485 25 520 520 61 25 411 738 485 113 41 914 25 520 411 520 393 425 485 520 411 425 520 738 558 61 520 485 61 411 411 485 113 393 485 485 411 61 61 411 485 113 914 411 914 520 411 485 485 558 61 411 411 485 520 25 485 61 485 485 485 485 738 411 411 485 485 411 411 520 393 520 61 485 520 558 558 558 558 411 520 113 113 485 485 520 520 113 425 914 411 485 411 520 41 25 738 485 485 425 411 485 411 485 411 520 411 485 41 485 41 914 393 25 558 485 25 914 558 520 393 485 520 41 485 914 914 558 393 411 411 411 41 485 425 520 41 485 520 520 520 113 485 520 411 393 520 485 738 393 61 425 411 411 520 485 61 485 61 41 61 393 485 393 41 558 485 738 113 558 485 41 61 411 411 520 914 520 425 914 520 520 485 485 485 41 738 411 411 393 520 41 411 425 425 558 25 738 558 520 738 393 425 411 520 25 558 393 520 425 520 558 485 485 914 520 520 411 738 558 411 113 41 25 485 393 411 485 485 520 41 520 485 520 520 113 393 25 520 485 520 411 520 485 485 411 485 485 25 485 411 520 485 411 485 914 411 393 485 738 520 914 485 425 520 41 411 485 61 520 411 520 113 485 41 425 914 485 411 558 485 411 25 41 25 914 520 520 485 485 914 411 411 520 41 485 914 520 914 558 411 520 485 914 25 485 520 914 393 738 411 520 25 393 520 520 914 393 393 558 738 485 558 425 520 738 520 411 738 738 738 411 485 411 425 425 425 425 425 485 485 914 914 113 914 113 393 914 485 411 738 520 558 520 411 485 520 738 425 61 25 41 411 61 738 411 41 411 558 425 41 411 520 485 520 411 411 520 393 41 485 914 485 914 411 41 113 411 520 558 41 738 520 485 738 914 25 411 411 113 425 425 520 520 411 411 393 485 425 411 113 914 520 411 485 520 41 914 558 411 393 485 485 411 411 61 61 25 411 425 25 485 520 485 485 411 520 520 485 411 520 485 41 520 558 25 914 25 558 61 411 485 41 411 25 425 61 41 113 485 485 738 485 61 520 485 738 485 425 520 485 393 738 113 558 738 558 411 520 520 520 411 520 411 411 41 485 61 393 520 738 738 393 41 425 393 411 61 41 914 61 914 113 485 738 485 485 485 393 411 485 425 520 485 520 485 61 520 485 425 411 485 558 914 41 411 520 520 558 558 914 25 411 558 738 113 425 25 485 558 738 411 61 520 411 485 738 558 738 411 113 61 25 113 520 738 411 411 411 485 558 411 485 485 520 520 485 411 558 520 411 411 520 25 520 485 738 411 61 25 61 113 411 61 393 520 41 914 558 113 485 485 485 61 738 558 485 25 914 558 485 411 425 520 411 113 113 25 485 411 558 113 113 485 558 558 914 411 738 25 520 411 485 485 41 411 485 113 25 558 520 411 485 520 914 411 425 738 411 914 485 113 411 25 485 41 425 41 411 25 520 520 520 485 520 411 520 485 914 485 411 25 411 485 738 61 411 485 558 914 411 485 411 411 411 113 411 61 485 485 520 25 520 425 485 425 485 25 520 520 914 425 411 520 411 485 485 25 411 914 558 411 61 558 61 558 25 393 61 485 914 520 411 738 914 738 113 558 411 411 738 738 113 61 411 61 25 558 558 393 425 738 41 520 61 411 411 61 25 520 485 520 393 393 914 914 61 41 520 738 113 485 914 411 411 520 425 520 485 411 485 41 520 520 558 411 41 558 393 411 558 738 411 485 411 411 520 425 411 738 914 485 25 520 558 25 411 485 738 411 113 411 411 520 41 738 520 425 393 520 485 485 485 25 485 738 914 738 520 113 25 485 41 485 914 411 558 520 425 393 411 485 411 425 485 520 485 485 485 41 520 485 25 520 520 558 25 558 738 485 393 520 41 558 738 738 113 485 411 41 485 520 411 411 485 914 485 520 914 41 41 520 61 113 393 61 61 393 411 520 425 485 393 520 485 738 411 411 411 558 411 425 520 520 425 113 520 425 558 520 411 113 485 520 393 520 485 411 393 520 485 914 520 485 485 411 61 411 520 520 61 520 393 41 485 520 61 425 25 738 411 485 411 485 485 61 485 113 558 485 485 485 41 485 425 520 425 520 738 485 411 393 411 485 558 520 485 113 520 425 558 41 25 558 485 41 393 425 411 411 558 520 393 485 520 485 485 25 485 411 411 411 113 393 485 485 411 411 520 738 61 411 520 520 411 425 520 485 914 61 25 113 113 485 61 914 520 485 558 411 113 485 738 558 914 25 425 485 738 61 411 393 520 520 113 914 485 520 520 738 411 914 485 558 41 558 41 393 425 520 393 425 411 520 411 485 485 113 61 485 738 411 738 41 411 113 411 425 411 738 485 61 61 25 393 738 61 520 485 558 558 914 738 485 411 411 485 393 485 520 738 485 61 485 113 485 485 520 41 393 25 558 25 113 411 558 425 914 520 425 558 25 41 485 393 411 411 25 425 520 61 485 485 61 520 738 41 411 425 411 485 485 61 41 393 520 738 520 61 738 425 425 914 520 485 411 558 41 520 520 558 520 485 41 485 411 113 520 485 485 485 738 411 113 485 520 393 914 411 113 411 520 520 61 113 411 520 485 25 25 485 25 411 425 25 738 25 738 485 411 61 25 520 425 61 393 113 520 411 485 520 41 41 41 25 520 411 558 485 113 411 411 113 914 393 61 914 738 485 738 411 25 738 520 520 914 738 61 520 425 520 485 425 558 411 520 485 485 485 411 113 61 411 113 485 61 558 25 520 738 738 411 914 41 425 41 738 425 485 411 61 41 485 485 738 61 738 520 914 425 41 41 425 520 61 520 485 558 914 61 520 485 113 425 113 520 485 738 485 738 393 41 914 41 558 411 25 914 520 61 25 520 25 738 425 393 25 485 485 113 738 485 393 558 485 520 520 425 41 520 61 485 411 411 914 520 411 411 485 520 411 411 411 520 914 25 520 411 61 520 738 485 411 411 411 738 25 393 485 914 914 411 738 25 485 485 393 520 520 25 520 411 41 393 520 914 738 738 41 914 113 113 914 411 558 738 738 393 113 485 113 485 485 41 425 520 61 520 393 393 411 113 520 485 520 914 738 738 520 485 738 520 520 485 425 411 485 411 411 425 738 411 738 113 411 411 411 738 520 520 25 485 411 485 520 113 520 25 41 393 520 411 411 485 738 520 485 411 41 738 411 520 558 485 485 485 520 520 393 914 61 738 520 61 113 425 485 425 485 558 411 914 520 738 25 914 411 485 41 520 393 113 520 393 520 914 558 914 61 61 520 411 425 485 520 558 558 393 41 411 425 411 738 485 520 411 558 411 914 425 520 520 738 411 393 485 411 520 113 520 411 738 113 558 520 425 520 411 485 520 41 113 113 411 914 25 41 411 113 520 485 485 914 485 520 411 393 113 558 738 113 520 485 393 738 520 411 411 411 485 485 411 485 485 485 411 393 738 520 738 485 738 41 411 411 520 485 113 485 113 520 485 485 520 485 61 393 113 113 41 738 738 558 485 41 41 411 113 25 520 738 25 411 411 425 914 485 41 411 558 520 25 393 411 485 411 485 25 113 113 393 520 41 425 113 113 485 411 520 113 411 520 738 485 738 520 485 485 485 738 113 558 411 411 520 393 520 914 61 393 914 520 411 914 411 411 738 425 520 485 411 41 520 61 411 485 61 485 41 520 393 25 520 411 520 485 914 485 25 520 411 393 425 520 41 558 411 41 558 914 393 485 393 61 41 393 61 425 520 393 558 485 520 558 393 41 411 738 914 520 25 520 520 520 485 558 738 41 914 520 520 485 411 41 485 558 485 914 558 558 914 113 113 558 393 485 411 41 411 411 558 485 411 520 41 113 411 485 25 558 558 411 61 738 520 25 738 485 41 520 41 520 393 485 25 61 520 393 25 41 738 485 393 485 914 393 411 520 393 914 485 914 41 520 25 41 520 25 113 113 113 393 393 520 914 411 61 520 520 425 520 558 411 25 25 520 25 485 520 61 520 520 425 914 485 520 25 485 61 520 25 485 485 113 411 411 425 411 914 411 738 113 558 520 558 558 411 738 520 411 520 61 485 411 485 914 113 411 520 61 485 411 520 520 411 738 425 520 411 411 411 393 61 393 411 41 411 425 520 411 485 41 738 411 520 411 485 485 558 411 393 425 411 25 411 485 113 485 41 738 520 411 393 520 425 41 113 558 41 425 558 411 61 411 520 393 914 738 411 558 738 425 393 738 738 520 520 485 738 914 41 520 41 520 25 485 520 411 411 485 520 485 61 113 558 485 558 485 61 520 113 425 393 520 558 393 738 25 411 520 411 520 738 520 425 411 485 485 520 520 25 520 520 411 520 485 914 41 61 485 520 393 485 425 738 393 485 25 738 738 393 393 411 61 485 425 411 485 520 485 520 738 485 485 485 485 113 558 25 425 914 393 520 485 411 520 520 41 520 520 411 520 558 738 393 738 425 485 113 914 393 520 520 520 485 113 41 411 41 411 485 558 41 61 520 914 61 520 61 738 411 738 520 411 558 485 520 520 485 558 25 425 41 25 485 520 113 485 485 411 738 520 411 485 485 113 520 485 411 393 425 738 485 485 411 485 558 520 520 393 425 520 411 25 485 411 411 61 113 61 520 738 113 485 485 738 61 25 61 738 25 520 485 520 41 25 425 520 425 520 411 411 25 738 393 520 914 411 393 520 393 485 485 558 485 411 738 393 425 558 485 393 41 485 393 113 520 520 738 411 914 520 485 738 425 25 25 485 520 25 520 411 61 411 393 411 113 411 914 393 914 558 411 485 520 393 411 520 411 411 411 738 61 425 425 520 393 485 914 41 25 485 558 41 558 485 558 393 25 41 61 393 411 485 485 485 411 113 520 425 485 520 485 520 41 113 41 738 41 411 411 485 25 411 61 485 520 113 485 425 520 425 25 425 411 558 411 485 425 520 520 485 425 25 411 558 61 61 393 113 485 914 485 520 411 738 914 41 558 25 485 411 485 411 485 558 914 411 520 411 485 393 113 520 520 738 393 425 520 411 485 914 914 61 411 425 411 411 485 485 411 738 520 411 485 425 520 558 914 41 25 41 393 520 411 411 425 520 393 113 25 411 914 61 25 25 393 914 393 41 485 393 914 425 520 393 914 393 61 393 411 411 113 411 520 558 61 113 520 411 393 411 485 41 393 520 520 738 25 25 485 485 411 425 520 485 425 41 425 520 411 738 485 485 113 113 393 25 61 558 914 558 485 914 485 425 411 25 41 520 61 25 425 520 25 558 411 61 558 411 485 485 558 520 520 411 393 520 485 41 558 425 411 425 411 25 25 520 411 61 485 393 425 520 914 41 520 411 425 113 411 41 485 520 485 738 520 485 914 25 411 485 411 738 411 520 558 558 411 485 738 520 411 738 738 113 485 411 914 61 25 411 485 411 738 520 914 411 485 520 485 520 25 411 41 520 558 113 411 520 520 485 411 520 113 61 25 485 520 914 411 61 520 41 411 411 738 61 393 61 411 485 411 25 520 485 411 411 485 113 61 411 411 485 113 411 411 520 520 41 61 425 485 393 485 914 411 485 113 113 520 558 738 485 41 113 520 914 558 485 61 411 41 61 411 485 520 485 485 520 738 41 520 393 485 485 520 61 914 393 738 738 485 558 520 411 485 411 61 411 738 520 425 61 520 520 558 25 520 485 411 738 425 485 41 485 411 520 25 25 485 558 520 485 520 914 914 61 520 914 411 914 393 113 520 485 558 558 485 41 411 113 411 25 558 411 485 520 61 520 411 485 411 485 411 411 558 520 25 485 25 113 61 520 520 520 41 113 914 41 520 41 485 41 411 113 485 25 25 520 558 520 61 113 411 393 558 393 41 411 411 485 520 41 738 520 425 485 61 520 41 485 485 738 113 520 485 411 425 520 113 41 411 113 520 61 411 393 425 485 61 61 520 520 113 485 61 485 41 520 411 520 41 558 520 411 25 520 520 411 558 485 411 914 520 914 485 485 411 485 558 25 393 25 25 425 485 425 520 393 41 558 25 485 41 738 485 113 520 520 411 485 25 61 738 393 520 520 485 25 411 485 485 411 41 558 485 425 61 738 425 485 25 914 914 914 411 393 520 411 485 485 914 520 25 558 41 485 520 914 914 520 558 113 41 485 558 41 485 520 485 485 520 425 520 425 485 558 485 485 41 61 425 411 738 411 25 41 393 425 113 738 41 425 61 25 113 25 61 25 558 113 113 520 113 411 520 485 411 558 914 411 485 41 485 25 61 41 41 558 411 485 411 520 425 41 25 914 914 411 411 520 520 393 425 411 41 425 411 393 914 61 558 25 411 485 520 41 113 393 41 411 41 485 425 485 485 914 738 25 914 25 738 485 25 558 520 520 411 393 41 520 558 425 485 485 520 558 485 25 520 485 914 41 558 738 485 411 393 485 520 520 411 393 41 485 61 411 520 485 558 520 520 425 411 558 485 738 41 425 411 485 485 485 41 520 25 914 485 61 520 485 520 411 485 520 411 914 41 61 520 914 411 411 411 914 41 113 425 411 41 520 425 425 113 41 558 41 738 485 914 485 393 520 485 113 738 393 738 41 520 520 411 914 520 393 558 520 485 113 485 411 520 113 61 41 41 485 520 61 393 520 411 558 25 520 914 113 61 485 425 41 411 914 485 738 558 520 485 485 41 25 411 61 393 393 61 411 41 520 485 411 25 485 41 914 485 411 520 520 411 25 485 411 411 485 25 25 113 411 61 738 113 411 41 393 558 520 738 411 738 425 485 914 113 393 411 914 411 61 411 520 411 425 411 914 485 411 520 485 113 393 520 113 425 25 25 393 61 113 411 520 41 25 411 520 485 520 485 411 914 485 914 393 41 393 520 485 25 425 113 520 425 520 113 411 520 485 113 41 738 25 520 485 61 520 485 41 558 520 113 425 520 41 738 393 41 520 485 61 520 558 485 485 113 411 520 914 25 25 520 485 485 411 485 61 411 738 411 411 738 914 25 411 485 738 520 411 485 41 411 25 61 113 520 520 425 914 25 520 113 914 411 520 485 425 425 25 485 411 914 61 113 113 61 485 485 520 393 558 520 25 411 61 738 485 113 113 411 738 485 485 25 520 738 520 411 113 25 411 485 61 520 113 411 914 520 25 558 25 520 485 520 520 520 520 520 558 485 738 520 41 411 520 520 738 41 914 425 41 520 520 914 485 558 485 393 411 393 113 914 738 61 113 914 393 485 41 25 485 411 520 738 520 411 738 113 411 411 41 411 61 558 485 61 393 25 425 485 485 485 393 520 520 520 425 425 485 393 411 113 520 411 914 425 393 411 113 520 411 738 25 411 520 411 520 520 393 25 485 520 411 914 738 558 113 520 520 485 485 485 411 738 411 520 25 411 113 425 425 411 393 485 113 425 411 393 520 411 411 485 61 558 520 393 485 738 520 520 411 520 914 61 411 738 520 411 61 425 41 558 411 914 485 520 520 520 485 485 393 25 425 393 520 558 25 520 558 485 520 113 485 520 411 411 25 520 520 738 485 41 558 520 425 558 914 25 485 520 41 411 520 61 411 113 485 520 41 738 738 485 520 411 520 411 425 485 485 393 113 411 393 558 61 485 520 485 914 558 520 411 41 61 411 485 25 393 520 25 41 411 41 485 41 113 738 61 485 485 485 61 41 738 41 393 738 485 914 520 61 485 738 485 25 558 113 485 425 558 520 411 411 113 738 558 485 485 411 425 411 485 485 520 113 485 25 113 41 520 393 425 485 738 113 411 425 520 520 520 61 393 25 520 738 485 113 558 411 411 113 914 393 485 520 425 485 25 485 41 520 520 558 411 914 520 914 520 485 558 485 113 25 41 425 411 411 425 411 558 425 485 520 485 411 738 425 485 25 61 738 61 41 738 113 485 558 914 520 411 520 914 411 393 520 520 411 61 485 393 25 41 520 61 485 411 485 411 25 520 41 411 113 520 520 425 520 25 25 738 393 61 914 411 914 485 425 425 411 558 425 411 485 914 411 425 113 393 520 393 41 914 425 41 520 393 485 411 411 520 61 914 520 558 520 520 558 520 485 393 520 113 485 738 914 485 411 61 25 113 411 520 914 485 520 485 485 485 411 41 25 520 914 914 393 425 393 520 113 914 25 520 41 558 558 393 738 738 411 738 411 61 411 425 520 113 41 558 558 485 61 411 520 558 485 738 520 411 113 520 425 485 411 914 393 520 558 425 411 558 485 113 520 485 25 425 113 411 113 393 485 485 520 520 41 914 25 25 485 425 914 393 738 61 738 411 485 41 425 393 520 738 411 485 485 738 485 485 558 558 558 520 520 25 485 558 411 411 41 914 558 520 61 558 558 411 425 113 558 738 914 914 520 113 914 425 411 914 411 558 425 485 914 520 520 411 411 393 485 411 485 485 558 25 485 393 914 738 485 558 520 411 411 411 520 485 558 485 485 411 425 520 411 411 485 61 61 61 393 485 411 393 485 41 411 411 411 914 738 485 411 41 485 113 393 411 61 411 411 485 393 914 393 914 425 485 425 25 411 113 113 485 393 41 520 411 558 25 520 41 411 485 520 41 914 738 914 113 41 113 520 425 485 520 738 393 411 520 411 425 25 520 25 520 738 738 914 520 485 914 411 520 411 411 520 411 113 558 738 41 25 113 393 411 558 738 61 520 914 411 411 485 411 914 520 113 113 41 113 914 41 485 411 25 41 914 520 520 113 914 41 41 558 558 485 25 485 485 25 411 520 738 520 113 558 411 914 25 485 914 558 411 520 558 558 485 411 738 411 485 113 914 411 113 485 520 914 485 485 914 61 738 520 520 61 485 738 61 558 411 738 61 411 520 738 520 738 520 485 411 411 738 520 411 61 485 425 485 411 393 425 61 411 914 485 411 914 558 411 558 485 41 411 485 113 520 520 61 558 914 485 411 113 558 411 520 425 520 520 25 520 485 411 113 558 485 485 914 520 411 520 520 61 485 558 520 520 485 411 914 738 113 558 393 25 738 520 411 41 738 520 485 411 411 41 485 411 558 520 738 558 113 393 411 411 914 485 41 738 25 393 558 41 558 393 61 520 411 738 25 485 113 738 485 485 485 393 485 411 25 113 41 425 485 411 61 61 25 61 61 41 520 520 113 113 61 821 45 821 821 738 113 821 113 821 614 113 425 821 45 614 614 821 41 45 821 41 821 821 45 45 425 41 425 914 821 61 914 393 558 393 45 914 614 113 61 614 113 614 738 113 393 45 821 45 45 41 25 425 45 821 25 45 45 45 45 614 558 113 41 821 821 45 614 45 45 41 914 614 45 45 25 45 41 614 45 41 821 821 25 45 113 821 558 45 614 393 821 558 61 821 45 45 61 393 41 738 45 821 738 821 614 614 113 614 821 393 425 614 45 614 113 41 914 821 821 821 41 25 821 614 821 914 614 425 45 393 914 25 821 821 45 41 821 821 45 821 45 393 393 45 614 914 113 614 614 821 558 113 45 821 45 914 45 614 914 45 113 25 45 425 614 614 41 821 558 393 425 821 738 821 914 558 821 614 821 113 113 614 821 25 41 914 45 45 821 821 914 614 425 821 614 45 821 393 45 45 821 45 614 25 914 393 914 45 821 425 425 914 821 25 614 113 821 914 45 614 558 914 393 425 393 45 113 425 738 738 821 738 614 821 914 821 614 821 45 821 821 45 914 821 738 821 45 425 45 25 61 821 914 425 25 821 425 45 45 425 614 738 113 821 821 821 45 425 393 821 821 558 821 45 25 614 614 821 45 393 25 821 45 61 614 61 821 45 45 61 821 45 45 45 425 45 45 558 425 41 113 738 738 45 821 738 45 41 821 821 614 41 45 113 45 821 41 821 821 41 821 914 558 614 738 45 614 61 614 558 821 425 738 614 738 738 425 45 45 614 25 425 738 61 41 558 113 425 45 393 614 45 821 614 45 738 41 61 41 45 25 425 614 425 25 25 113 45 614 45 45 821 45 821 25 113 45 113 113 41 41 821 41 113 614 113 41 45 614 425 45 914 914 45 25 113 41 393 821 614 113 45 614 41 914 61 425 821 61 558 914 914 821 914 45 61 113 614 393 113 113 614 614 821 45 614 558 45 393 41 821 821 45 113 45 41 45 614 41 61 821 113 614 45 614 45 614 61 821 821 113 61 61 45 914 614 41 425 614 614 614 614 25 41 821 25 738 45 614 614 614 914 45 25 558 614 41 821 45 614 738 614 821 61 614 45 393 614 614 45 738 558 614 558 45 821 61 821 914 45 45 25 41 25 821 45 45 821 914 614 738 45 614 614 821 614 738 914 821 821 914 25 393 914 614 393 61 821 41 113 821 45 914 614 45 738 425 425 45 45 61 738 41 614 614 558 45 821 614 25 914 41 113 41 821 821 45 393 738 914 425 25 425 821 914 61 614 821 25 614 614 425 61 821 821 41 614 914 113 738 113 821 614 393 113 113 25 393 614 45 61 41 614 393 614 821 614 738 41 738 41 914 25 821 821 25 821 914 614 821 45 45 393 45 614 45 614 614 614 614 558 614 45 914 41 393 558 614 41 393 393 425 614 614 41 738 614 821 558 614 25 614 614 45 738 61 738 614 425 61 41 45 614 61 614 45 738 45 45 558 558 738 821 45 821 614 558 41 558 45 614 41 738 41 45 45 614 614 45 821 558 113 614 45 425 614 614 914 558 45 821 45 821 45 614 113 614 558 738 821 41 738 614 425 821 821 41 45 45 614 45 45 558 738 914 821 113 821 821 113 393 45 61 393 614 425 738 614 393 614 45 393 45 61 45 821 614 425 821 61 614 738 61 425 41 25 393 61 558 614 425 41 821 914 45 393 45 393 614 821 25 558 821 45 61 914 113 45 821 393 41 45 614 821 25 425 738 914 821 25 113 914 614 558 41 558 41 45 821 821 614 425 821 45 914 614 558 61 738 41 558 41 41 821 425 45 614 45 113 393 558 113 113 821 45 614 614 614 821 821 614 45 61 41 821 614 614 558 914 821 45 113 821 45 821 821 45 738 45 558 821 558 41 821 393 41 821 914 25 25 45 821 393 45 738 821 393 61 614 41 425 821 738 821 45 558 614 425 738 113 821 614 41 45 41 914 45 614 558 393 113 614 425 41 614 614 738 614 45 45 821 425 113 614 45 45 914 614 45 425 45 425 113 914 41 821 113 41 821 614 45 614 25 821 41 558 914 821 25 914 738 821 61 113 393 614 821 914 41 821 558 45 914 614 614 821 25 61 45 821 393 821 558 393 41 425 614 41 425 821 821 558 738 614 45 25 821 914 45 45 45 821 558 614 45 614 821 614 614 61 45 614 614 821 425 45 113 425 45 25 821 821 61 821 41 425 821 614 821 738 558 393 614 45 113 393 614 393 25 45 41 914 614 45 25 914 113 614 914 614 821 45 821 425 25 821 45 25 61 61 821 41 614 45 25 45 393 45 821 558 45 45 614 914 914 45 614 425 821 45 45 821 821 738 113 821 738 25 614 614 914 614 821 113 738 614 821 45 41 821 738 45 614 821 45 45 821 821 738 61 614 45 614 25 41 25 614 61 614 738 25 821 41 61 558 914 393 25 113 25 41 393 45 821 821 393 25 25 614 558 558 393 914 614 821 738 558 45 113 614 61 558 738 614 425 25 821 425 821 425 41 393 45 558 614 614 821 914 41 25 821 61 558 614 61 393 558 614 113 45 614 41 45 821 738 45 41 425 45 614 914 614 45 425 738 45 614 393 45 393 821 821 425 61 113 61 41 558 821 45 45 45 558 821 821 45 614 558 61 614 614 61 113 821 45 558 45 25 614 113 614 914 614 614 821 821 614 41 738 558 558 821 61 41 393 558 425 425 821 614 45 914 113 614 41 45 45 45 558 914 914 45 614 614 614 425 41 558 914 393 61 45 738 61 821 821 614 614 821 45 914 425 821 614 25 821 425 41 45 821 113 61 113 614 45 41 558 45 45 25 41 425 25 61 821 614 614 25 821 113 738 41 425 821 45 45 41 614 45 821 41 738 614 614 45 425 425 821 821 821 738 45 821 25 821 45 45 821 821 45 558 738 821 41 614 45 61 393 558 45 558 614 821 558 113 914 45 821 393 821 821 821 25 45 614 45 738 821 41 113 914 738 25 393 558 614 821 914 821 614 914 61 821 45 738 614 45 45 41 821 614 738 41 738 614 425 614 738 821 558 45 61 558 113 45 558 41 821 614 61 393 41 113 614 45 393 393 821 738 614 41 914 41 821 425 614 821 41 113 821 45 821 41 914 425 821 45 738 821 614 41 393 45 614 914 738 614 45 558 393 821 425 45 25 61 914 558 45 821 41 738 614 425 738 614 425 821 45 914 45 558 425 614 61 821 821 914 821 61 41 614 113 614 45 25 614 41 45 25 41 61 821 821 45 614 821 425 393 821 614 558 614 113 45 425 393 914 558 821 821 45 821 821 821 45 41 614 614 614 821 614 45 614 113 614 45 614 914 45 558 61 821 821 41 425 614 45 425 614 45 61 41 821 393 614 914 393 425 821 914 614 45 558 738 393 614 821 614 821 614 61 61 25 614 45 614 45 614 614 45 113 614 45 425 738 25 558 821 61 614 113 25 614 558 821 45 614 738 614 113 113 821 614 45 45 393 45 45 41 61 614 914 614 45 45 738 425 425 393 45 113 614 614 425 113 914 41 614 821 45 914 738 113 393 821 821 558 738 821 558 45 821 45 614 113 614 61 821 45 45 738 821 393 821 614 738 821 614 821 614 41 821 614 45 821 45 821 25 614 113 821 614 614 113 914 113 41 614 113 41 614 113 425 614 61 41 61 45 425 614 25 821 738 45 914 821 614 61 821 45 614 738 45 25 914 614 614 393 914 821 61 614 61 45 614 821 45 45 45 614 393 45 614 25 45 914 25 614 914 393 821 41 113 45 821 738 614 45 41 393 914 41 821 821 614 45 614 558 914 45 45 821 914 914 738 45 61 614 558 45 45 738 614 614 558 45 45 821 425 45 45 614 41 821 425 393 821 113 821 61 393 425 914 614 45 45 61 25 614 45 821 614 614 61 393 614 821 113 614 821 614 558 821 113 41 25 25 614 113 45 45 45 821 614 614 821 45 738 821 45 41 113 25 45 821 113 821 821 558 558 45 61 41 393 821 614 821 45 393 45 45 614 738 614 558 45 614 45 821 41 25 821 821 614 614 45 914 614 821 821 45 61 393 45 738 614 821 45 393 821 425 738 614 614 45 25 614 45 113 558 61 821 558 914 821 614 614 45 61 393 558 614 821 738 614 738 821 61 45 614 821 558 821 25 113 614 61 425 738 914 45 558 393 821 393 45 914 821 821 45 914 425 614 61 61 41 614 614 45 821 25 393 61 41 614 821 614 45 25 45 821 425 45 738 821 425 738 425 614 45 425 45 425 614 61 914 614 914 821 558 614 821 821 614 41 393 914 821 45 821 393 914 614 614 425 61 821 821 614 113 614 738 61 614 614 45 614 45 821 425 821 558 821 821 393 45 61 113 558 45 61 41 614 61 914 821 821 25 914 614 614 45 425 558 558 558 113 821 61 45 821 425 425 41 614 558 41 614 558 425 25 614 45 25 425 821 393 738 393 113 25 614 914 45 558 821 821 41 393 821 821 614 821 821 45 738 425 738 45 821 25 41 821 738 614 558 821 41 614 558 425 393 393 614 425 25 425 821 738 393 821 821 914 45 821 914 821 614 45 614 113 821 113 45 113 45 41 614 821 738 41 914 821 61 113 45 914 821 614 558 614 61 821 45 614 393 113 821 821 821 45 45 738 61 821 914 393 558 821 821 113 45 45 558 614 113 393 45 914 821 614 821 821 425 113 614 914 61 45 41 61 41 558 821 41 614 821 41 25 821 614 113 45 45 821 738 914 45 914 821 45 738 113 821 61 821 821 914 614 614 738 821 45 614 393 614 614 914 45 614 45 41 614 45 25 45 25 821 821 821 425 425 614 25 45 914 914 614 821 425 738 25 821 41 393 738 614 41 614 738 614 45 738 61 45 738 738 25 113 821 558 45 821 25 61 914 61 45 558 614 821 558 614 45 614 558 614 113 45 393 821 393 113 45 45 614 914 821 821 425 113 45 821 614 614 45 614 614 425 614 113 821 41 45 614 45 614 45 614 45 45 558 25 45 738 41 614 558 113 45 821 614 45 614 821 425 25 821 558 45 45 61 738 738 821 614 914 393 61 914 914 61 45 25 738 558 45 614 558 25 393 614 45 393 614 25 914 821 914 393 393 113 614 425 425 914 393 821 558 914 614 914 914 558 821 61 821 738 61 738 45 821 821 45 45 61 25 45 614 614 614 738 45 821 25 45 614 821 41 393 425 393 558 41 614 914 614 821 738 41 425 738 393 25 25 614 425 45 45 614 821 914 558 558 45 41 393 425 45 25 558 393 45 558 614 45 614 25 558 558 393 914 614 45 821 738 61 821 45 25 614 738 558 614 614 614 914 821 738 25 61 821 113 614 914 425 821 45 614 821 821 113 614 738 45 821 821 614 45 821 738 738 393 614 45 738 821 821 45 45 614 113 45 25 738 914 821 45 25 425 45 61 41 614 738 558 914 45 821 393 914 614 821 614 614 614 614 738 113 425 425 25 914 45 614 61 738 25 41 821 821 614 393 113 25 738 113 45 614 41 61 614 393 614 61 61 45 821 45 738 41 614 614 914 45 821 425 914 821 614 558 25 821 614 914 61 45 25 614 821 41 821 45 45 45 821 45 558 45 45 614 61 61 425 738 45 25 614 61 425 821 113 614 425 425 25 41 393 821 914 425 113 393 61 821 45 914 738 821 821 614 914 614 821 25 914 41 61 45 614 558 821 45 614 425 614 914 45 614 821 61 914 614 558 614 821 914 914 41 393 25 113 393 45 738 25 738 61 41 61 25 614 113 614 738 914 738 738 821 558 45 45 41 25 821 821 821 425 738 45 393 45 45 425 393 914 821 393 614 45 821 614 914 914 821 821 45 614 614 61 45 61 614 614 45 113 41 738 45 41 614 425 558 558 614 614 821 425 45 45 821 821 45 113 914 614 45 41 45 393 558 558 821 393 821 821 614 45 393 45 61 41 614 558 45 41 614 45 425 425 914 393 614 45 821 45 425 61 61 25 41 614 45 425 558 614 614 45 738 61 113 113 45 738 25 821 821 558 914 45 41 821 614 425 821 614 61 393 393 393 45 25 425 614 558 614 45 45 821 614 61 393 614 25 113 393 614 393 821 45 45 914 914 821 614 393 61 45 821 738 614 914 821 821 821 45 914 45 425 738 45 821 41 738 821 41 425 45 41 61 738 614 821 25 614 821 614 41 821 41 393 614 614 45 614 821 558 821 738 425 61 914 45 113 821 45 738 914 614 821 393 914 45 914 614 45 45 425 821 45 113 821 45 914 61 45 393 25 821 738 914 45 614 614 614 558 614 738 41 61 45 425 821 113 25 393 41 914 614 821 614 738 41 821 614 45 914 425 614 45 113 738 113 614 45 558 393 61 614 738 393 914 45 25 61 45 41 614 45 45 113 113 25 821 821 821 45 45 821 25 558 25 738 45 914 821 393 41 45 558 821 914 425 41 738 45 821 45 614 25 821 614 25 45 821 821 113 558 45 821 614 738 558 821 25 914 821 558 614 41 614 821 61 425 393 614 614 425 25 614 393 45 45 558 738 914 738 25 61 425 614 45 614 393 45 914 821 821 914 614 425 45 45 558 821 61 558 614 45 45 738 61 821 41 821 914 821 614 45 821 821 41 45 821 614 914 113 614 45 558 41 614 393 45 821 41 113 914 25 821 425 61 425 45 45 61 45 614 821 113 821 558 558 821 45 113 821 61 393 614 61 45 821 393 25 61 821 25 614 614 821 41 45 41 45 558 45 393 738 558 425 393 41 425 558 914 821 914 45 425 614 425 393 614 45 45 914 821 61 614 61 614 821 45 45 614 41 425 25 821 41 614 914 614 61 425 425 425 45 61 45 25 45 821 425 558 113 45 45 614 25 45 25 45 61 558 558 45 45 45 61 61 821 914 393 614 113 393 113 558 45 614 914 425 821 45 914 558 425 914 821 25 41 821 614 738 425 425 738 45 61 45 41 393 393 821 393 614 738 738 45 738 45 45 914 558 113 45 113 61 393 113 25 113 41 61 41 113 25 821 738 914 821 113 113 45 25 45 425 25 25 614 821 614 61 45 821 393 425 558 25 821 821 45 425 45 738 614 614 113 45 45 614 425 45 25 821 614 45 45 393 393 61 738 614 914 45 45 393 425 614 61 45 614 45 914 61 45 45 614 821 45 45 614 25 425 45 914 614 113 614 425 614 393 45 821 113 45 41 393 113 45 821 25 738 821 41 41 45 25 41 45 821 821 45 61 821 45 821 61 25 45 614 914 614 41 45 113 614 393 45 914 45 393 614 45 821 821 393 61 45 425 614 558 45 25 425 45 61 821 614 45 914 25 41 45 113 614 821 393 914 821 45 914 614 61 738 614 614 821 425 614 614 41 558 821 821 113 738 113 45 61 821 821 738 614 41 614 614 614 113 25 614 914 821 41 61 821 393 821 614 738 821 821 614 45 45 45 821 821 41 821 45 614 614 393 614 61 614 61 614 45 41 914 61 45 61 393 45 821 614 41 914 41 558 45 25 914 821 41 614 45 821 821 614 738 614 821 45 614 45 914 821 821 45 45 113 425 425 914 914 41 614 41 914 41 45 558 558 821 41 614 558 558 821 738 614 614 914 738 821 558 113 45 614 614 558 821 821 45 425 614 45 914 113 738 558 738 41 41 393 614 821 738 821 25 393 614 821 393 61 425 25 45 41 558 558 25 821 25 614 914 738 558 821 821 821 614 41 61 821 821 61 738 425 558 821 45 113 45 914 45 41 45 914 61 41 41 393 914 821 41 25 393 25 558 25 45 614 558 45 821 45 393 614 425 113 25 614 45 914 558 614 821 41 425 821 821 113 614 45 821 821 393 45 821 113 61 821 614 45 914 425 614 41 821 821 558 614 425 914 113 41 614 738 45 614 25 45 113 45 614 61 558 425 614 45 25 41 45 821 25 41 821 45 614 45 45 45 738 45 41 45 614 614 425 914 113 914 45 393 614 738 821 558 113 45 614 614 45 425 45 61 45 821 113 738 738 425 113 45 425 41 425 425 45 738 614 25 821 393 425 821 558 45 821 41 45 914 45 113 821 393 45 614 821 45 425 41 821 821 41 821 41 914 914 25 45 914 558 821 821 45 614 41 393 45 821 425 425 45 614 113 614 821 113 738 558 614 393 821 558 614 821 558 614 821 914 821 25 738 614 821 45 45 25 45 393 614 914 45 558 393 113 45 393 821 41 914 113 914 45 45 821 914 614 821 45 614 393 614 45 614 61 45 25 393 914 558 558 45 393 425 614 614 45 821 113 821 821 61 821 45 821 614 614 113 821 821 113 614 41 41 914 393 614 914 45 738 821 821 914 821 393 914 61 614 393 45 45 45 61 45 425 45 425 614 821 45 558 614 558 113 425 614 425 25 393 113 821 425 61 738 614 61 614 821 61 45 425 614 914 614 113 41 41 738 614 393 425 61 614 113 61 821 821 45 614 821 61 41 914 41 558 614 914 821 45 738 45 558 45 821 45 821 113 61 45 393 393 113 614 425 821 45 393 614 614 425 45 821 425 738 821 41 738 425 45 425 41 393 45 45 393 558 41 558 425 45 614 45 614 614 25 614 113 45 614 821 738 41 113 45 821 113 821 113 738 558 25 614 41 738 45 113 914 41 45 614 61 821 45 45 25 45 821 821 914 393 393 821 113 821 614 425 614 614 821 821 393 45 393 45 61 45 614 393 614 393 25 45 614 393 25 558 614 41 821 558 61 45 821 61 821 821 821 821 614 821 425 738 425 821 914 41 821 914 558 558 821 821 614 558 821 113 45 45 25 45 113 821 41 45 41 41 821 41 25 393 614 614 821 45 113 41 25 25 25 558 45 821 821 113 393 113 614 821 614 393 113 614 738 614 425 738 738 614 45 45 45 45 41 425 614 558 25 558 614 821 821 821 45 41 41 614 393 614 113 25 558 614 113 738 614 393 113 738 41 393 61 558 113 45 914 61 821 914 614 614 485 520 485 520 520 45 485 821 821 821 520 45 614 520 485 45 821 45 520 45 411 614 45 520 614 485 520 411 45 411 520 614 45 614 520 821 485 821 45 45 485 45 45 520 411 520 821 485 614 821 45 411 485 411 520 520 614 45 821 411 821 614 821 614 821 821 520 821 411 411 485 411 520 821 485 485 45 821 821 614 614 614 614 520 821 821 485 485 614 411 45 411 485 45 485 520 485 614 520 520 821 614 614 485 520 520 520 520 614 821 411 45 614 821 614 520 485 45 821 45 520 520 411 821 45 821 45 45 411 45 821 485 45 821 520 614 520 485 821 614 520 485 485 485 520 411 411 411 411 821 821 614 614 45 45 614 45 485 821 45 614 411 411 45 520 520 520 485 821 45 520 520 520 520 411 45 45 485 411 411 485 520 821 614 614 614 614 45 411 614 520 485 485 411 614 45 821 485 614 411 614 45 821 520 45 821 821 45 821 411 821 821 411 821 45 45 485 520 520 411 614 821 411 411 614 45 614 821 485 614 45 821 411 485 821 45 411 614 411 485 45 411 45 821 821 520 45 821 45 45 45 411 520 821 614 411 614 411 821 520 485 614 520 520 45 614 411 614 485 520 411 485 45 45 520 821 411 821 45 520 45 45 614 485 45 411 485 485 411 411 520 485 821 821 821 45 520 485 520 520 411 411 614 45 485 614 485 520 45 485 45 614 411 411 411 45 485 614 411 821 485 45 485 821 821 821 485 45 45 520 485 821 485 485 821 821 45 485 45 411 520 520 614 614 485 45 485 821 520 520 821 411 485 520 520 614 614 520 614 485 821 485 485 821 614 411 485 520 821 614 821 821 45 520 45 485 411 821 520 821 411 45 821 411 485 614 520 821 614 614 411 520 520 45 821 485 520 411 520 520 485 520 821 45 411 614 485 614 485 485 614 821 614 520 614 45 520 821 45 485 821 520 614 821 520 45 45 485 45 411 614 45 821 45 45 45 520 821 520 411 411 614 614 45 821 411 821 614 45 485 614 821 45 614 45 45 821 485 411 411 485 485 485 520 520 45 411 45 411 411 614 411 520 614 411 614 485 520 411 614 411 485 520 821 45 485 821 520 520 821 821 614 485 821 411 821 485 821 45 614 411 485 520 821 411 821 411 411 520 485 614 821 45 821 485 45 411 45 614 520 485 821 614 485 614 411 520 821 411 45 45 411 45 520 821 520 821 520 485 520 821 520 45 614 614 411 411 411 614 614 411 45 821 485 411 821 45 485 614 821 45 614 614 614 821 411 614 485 614 614 411 614 614 614 520 411 614 520 411 411 485 614 485 45 411 821 485 821 485 821 485 821 45 411 821 821 45 45 411 520 485 45 45 45 614 45 520 520 520 520 821 821 485 821 485 614 45 45 821 411 614 520 485 520 411 45 821 821 614 821 520 520 45 45 520 614 614 45 411 520 821 614 520 485 520 411 411 520 520 485 520 520 821 45 411 485 821 411 45 614 45 45 411 411 411 520 821 821 821 520 45 411 411 614 821 614 485 614 614 45 45 411 411 821 45 821 821 614 45 411 411 45 411 520 821 485 821 821 411 485 485 614 485 614 45 821 614 411 614 520 411 520 485 520 520 45 821 411 520 45 411 520 821 485 614 520 411 411 411 411 485 411 614 821 45 485 485 411 614 45 821 821 520 821 485 485 485 821 411 614 45 411 411 411 45 485 821 821 821 821 614 821 485 821 614 411 520 485 821 485 614 45 45 614 485 520 520 614 485 614 520 45 614 520 614 520 411 411 45 411 485 520 520 821 411 45 821 520 411 411 411 821 821 520 520 411 45 614 411 520 411 45 821 411 821 411 45 614 45 520 485 520 821 614 45 485 485 614 614 821 411 45 485 520 614 45 614 411 485 485 485 45 411 520 821 614 485 45 614 411 821 411 45 520 485 821 411 520 45 614 45 520 411 411 45 485 45 485 411 411 411 614 411 45 411 520 45 485 520 614 411 520 485 411 821 520 614 45 520 821 485 45 821 614 485 520 520 821 45 485 411 614 485 485 411 520 821 614 614 520 45 821 821 520 821 411 821 821 485 45 485 614 411 614 821 45 485 411 520 411 520 614 45 485 485 411 614 520 485 45 821 485 45 614 411 45 614 411 821 411 411 485 614 45 614 45 485 821 821 411 520 485 45 821 614 485 411 45 821 411 485 411 485 614 411 520 411 520 485 520 485 45 485 45 520 485 45 614 485 821 411 485 411 485 45 45 821 821 45 520 485 614 614 485 614 485 411 411 45 821 520 614 821 614 821 520 485 411 520 614 485 520 520 614 411 614 520 45 821 485 614 614 45 520 520 614 411 520 614 614 485 520 821 411 821 411 520 485 520 821 520 485 520 821 520 821 821 485 485 411 614 485 520 45 45 411 485 485 485 45 821 614 485 614 45 614 821 411 485 614 614 45 485 520 485 45 520 411 45 614 45 45 614 821 520 821 485 45 520 821 45 411 614 520 614 520 821 485 411 520 45 614 411 485 821 821 411 821 520 821 520 520 520 45 614 485 45 45 614 520 45 45 821 520 485 411 411 485 45 821 520 614 821 520 45 614 821 45 45 821 485 821 45 45 485 614 485 485 411 520 520 45 520 520 614 520 520 614 485 411 821 821 821 821 520 520 411 614 45 45 45 520 821 821 614 411 821 821 45 614 821 821 520 520 614 45 411 411 45 45 614 520 485 485 614 614 45 520 614 520 411 614 45 411 485 821 821 45 520 520 520 45 821 614 614 614 411 411 411 45 485 520 485 45 485 520 485 821 520 821 485 614 614 520 821 411 45 45 45 520 821 45 411 411 485 45 520 411 485 520 45 520 45 485 821 411 45 821 485 45 45 614 520 45 45 520 45 45 821 485 821 614 411 45 614 520 485 45 821 520 411 485 821 821 821 45 411 45 821 411 485 45 485 485 520 520 520 821 411 520 821 45 821 411 485 411 45 485 411 821 520 485 520 45 821 45 411 520 520 485 411 485 485 485 821 411 614 520 821 45 520 45 485 411 45 411 614 411 821 520 485 821 411 614 485 614 821 520 485 45 485 411 45 520 520 821 520 45 45 520 411 411 520 485 411 614 485 821 520 411 614 520 821 614 485 45 485 821 411 821 614 411 45 614 520 45 821 485 485 411 821 485 411 614 821 411 614 485 614 411 45 411 520 821 614 614 45 485 45 485 520 45 614 485 614 485 485 411 520 821 485 411 614 520 45 411 614 614 45 485 614 821 614 45 614 614 411 411 485 411 614 821 821 485 411 614 520 411 614 520 485 45 45 821 614 485 485 411 411 485 821 520 411 411 821 821 821 821 520 411 45 411 485 411 614 411 45 614 614 485 821 821 485 520 45 45 45 411 821 614 485 520 411 821 614 45 520 614 614 520 45 45 411 485 45 614 45 485 614 485 614 45 45 614 614 45 45 614 821 485 520 485 520 520 520 614 45 45 520 821 614 411 520 411 821 821 821 411 411 411 821 614 614 485 821 411 45 821 485 821 45 614 614 614 45 614 614 821 614 411 614 45 485 821 614 821 45 520 411 821 45 45 411 821 614 411 520 411 45 411 520 485 411 614 45 485 485 45 520 485 411 485 520 821 821 485 411 614 45 411 45 485 614 485 614 411 485 821 614 411 821 411 821 45 821 411 520 614 485 485 821 520 821 520 411 520 485 45 411 485 614 520 45 45 485 485 821 485 520 821 485 45 411 520 411 821 821 614 821 520 520 411 520 520 520 520 411 821 485 485 520 614 485 45 411 45 45 520 614 614 520 520 821 614 520 520 411 411 411 821 520 485 821 485 821 45 520 520 821 45 45 485 821 614 45 821 45 411 485 45 411 821 821 411 485 520 821 411 411 614 485 485 411 821 45 821 614 520 614 614 520 45 520 520 520 411 45 45 485 45 520 45 45 614 520 411 411 485 520 485 520 821 45 485 614 485 821 411 485 614 411 45 485 821 411 614 485 411 614 45 614 520 614 45 614 45 614 821 485 411 411 411 821 614 411 520 485 821 411 821 45 485 411 485 821 520 45 821 45 411 821 411 411 821 520 614 485 485 411 614 614 520 485 485 614 411 520 45 411 614 485 821 485 411 45 614 45 485 614 485 485 821 520 614 821 485 45 614 45 485 821 45 614 45 821 45 411 821 520 614 485 485 485 485 45 485 411 520 411 520 485 821 411 411 45 411 411 411 45 520 411 45 485 520 614 45 485 614 411 821 821 520 45 614 485 821 411 411 411 520 614 614 485 411 45 485 411 614 821 821 821 821 821 520 614 821 520 821 411 45 614 45 411 45 614 520 614 614 614 411 485 821 45 614 520 45 821 485 614 520 45 485 45 45 485 520 411 821 45 45 614 45 821 520 520 614 520 520 45 614 614 411 614 411 520 520 614 45 485 614 411 485 45 45 614 485 485 411 411 821 821 520 520 411 45 821 411 614 614 520 411 411 520 485 614 411 485 45 411 821 411 411 411 520 821 45 821 520 520 45 411 485 614 520 614 411 45 45 520 520 411 821 411 411 520 614 411 614 821 485 411 520 411 614 520 821 520 520 45 485 45 485 821 485 520 520 821 485 821 45 614 520 821 520 614 821 485 821 411 411 45 485 614 821 411 821 485 485 821 614 520 411 411 821 614 411 520 520 411 485 520 614 485 411 614 485 520 45 411 485 614 520 614 520 45 614 485 485 614 614 520 614 45 520 485 45 520 485 821 485 520 821 485 520 520 821 520 45 614 614 411 614 520 411 821 821 614 821 614 821 411 45 411 821 485 45 45 411 45 614 821 614 614 411 485 821 821 45 821 411 45 520 614 821 45 45 485 821 614 411 411 614 45 411 614 485 821 614 821 485 485 614 485 821 411 45 614 821 614 411 411 821 45 821 411 821 614 614 520 411 821 520 45 485 520 45 614 614 614 614 520 45 520 614 485 614 485 411 485 411 45 485 821 485 411 485 520 614 821 411 45 614 614 485 614 821 614 614 411 411 614 485 45 411 520 614 485 45 520 614 614 411 520 614 485 821 520 821 520 485 520 520 45 411 520 45 520 45 520 411 45 45 45 520 411 520 614 614 485 821 411 485 520 485 45 411 45 45 45 520 45 485 614 45 485 411 821 485 821 485 614 520 520 520 485 614 411 485 614 411 614 45 411 821 45 411 411 821 821 411 45 821 614 614 821 45 614 485 821 485 45 821 45 411 614 614 485 821 614 520 45 520 485 821 411 520 821 614 614 411 614 614 45 45 520 485 411 614 45 411 520 520 614 614 614 614 520 821 411 821 821 411 614 520 485 485 520 45 411 411 520 614 614 485 520 614 614 821 485 821 485 520 520 821 45 45 45 520 485 485 411 411 821 520 45 520 520 45 821 821 45 485 520 411 45 45 520 821 485 45 45 821 411 821 614 821 411 45 821 520 485 821 614 45 485 411 821 821 614 821 45 485 520 821 821 614 45 411 411 485 614 520 614 821 411 45 614 45 411 614 520 485 821 520 411 411 411 485 45 821 614 520 614 45 411 614 485 614 411 614 411 45 485 411 45 821 614 821 520 614 485 45 614 821 45 614 614 520 411 45 485 520 520 411 485 520 614 485 614 520 520 411 411 821 520 821 485 45 411 45 485 520 485 485 485 821 485 614 411 485 821 485 614 45 485 520 614 411 821 821 614 45 614 614 520 520 485 614 821 821 520 520 485 520 821 821 485 411 520 821 520 45 411 45 45 45 45 520 485 520 520 485 411 821 411 411 614 614 520 520 411 821 45 520 520 821 485 614 821 45 485 485 614 614 520 614 45 45 411 485 411 45 520 411 614 45 411 45 821 821 411 485 821 614 485 821 520 411 614 411 520 520 821 614 485 45 614 821 520 520 614 821 821 45 485 45 821 45 45 485 45 821 614 520 614 520 485 45 520 821 614 614 485 411 821 45 821 485 614 485 520 45 411 411 485 411 821 520 411 485 821 485 411 411 411 520 45 520 821 520 520 614 614 520 821 45 821 485 485 485 45 45 821 45 45 411 485 520 821 614 821 411 485 485 45 520 45 485 614 821 485 821 45 45 45 485 821 614 821 45 485 485 45 45 45 485 45 821 614 411 411 520 45 614 45 821 411 485 821 485 614 614 614 821 520 485 821 821 614 485 821 411 45 614 411 485 485 821 411 520 520 411 821 614 821 614 614 520 45 411 520 485 485 411 411 411 520 614 821 520 45 614 45 614 45 821 45 411 520 520 411 411 485 821 45 821 821 411 821 520 485 614 485 520 485 411 821 45 411 485 45 411 485 520 411 45 821 485 485 45 411 485 45 411 821 45 614 411 411 45 411 520 520 485 614 485 485 485 411 45 821 45 485 614 614 45 614 45 821 411 614 821 411 411 614 485 614 411 411 520 45 614 614 411 821 520 45 821 614 45 614 821 821 614 520 411 45 411 520 520 485 614 614 45 614 45 520 411 821 411 614 411 485 485 485 520 821 520 821 520 45 614 520 520 614 614 45 45 614 520 520 411 485 614 411 45 411 411 821 821 45 45 485 821 485 614 45 485 411 520 411 614 614 411 520 821 821 45 821 614 821 45 614 485 821 411 45 485 614 520 411 411 821 45 614 45 45 821 45 485 614 45 614 411 411 520 485 411 614 614 614 411 821 614 614 821 485 614 614 45 821 411 411 45 520 614 614 520 520 485 411 614 485 520 520 520 520 485 485 411 485 485 821 520 520 520 821 485 411 45 821 520 520 411 520 485 614 614 520 485 485 821 821 411 45 411 411 45 614 45 485 411 821 485 520 614 485 614 45 485 45 45 45 520 821 821 485 614 411 411 520 411 45 411 614 411 520 520 520 411 411 821 821 411 45 485 411 45 520 411 411 614 520 45 614 45 411 520 520 614 485 614 520 520 45 45 821 411 485 485 485 485 821 45 45 485 411 614 45 821 520 411 411 411 411 411 821 45 614 411 485 485 45 614 614 45 821 520 821 614 485 411 821 45 614 45 411 485 821 614 520 614 520 485 821 520 411 614 411 821 45 821 411 45 485 411 485 485 614 45 411 614 614 485 520 411 821 821 614 45 411 411 485 411 614 614 821 520 411 485 614 614 485 485 821 411 520 614 614 520 520 520 821 821 411 45 411 520 821 821 821 485 520 821 45 614 45 485 821 485 411 520 411 821 614 45 45 821 821 821 45 821 614 485 45 821 520 485 520 614 485 411 614 821 411 45 485 485 485 821 411 485 45 520 411 45 614 485 45 520 520 485 520 614 821 821 821 411 821 614 520 821 485 485 411 485 411 821 45 485 614 485 614 485 485 821 821 485 520 411 520 411 485 821 520 520 45 821 45 45 411 614 614 411 45 411 520 485 411 821 45 485 485 821 520 411 821 520 411 520 485 45 45 45 411 485 821 45 45 614 45 821 411 821 45 821 520 520 485 821 614 520 520 821 485 614 821 614 614 411 520 614 520 520 821 485 520 614 821 45 411 520 520 821 485 485 614 485 411 520 614 485 485 411 821 411 520 411 520 411 485 45 45 821 485 614 485 821 520 45 485 520 485 485 485 520 614 411 45 614 45 614 520 614 45 45 520 411 821 520 411 821 411 485 821 520 520 520 411 520 45 411 520 485 614 411 45 45 520 485 411 614 45 821 614 821 821 411 614 821 821 821 614 411 614 411 614 520 45 821 411 411 821 411 485 520 411 520 821 520 520 520 411 520 45 411 45 411 45 411 411 821 520 821 411 520 520 485 520 45 45 821 520 614 520 485 485 614 485 45 45 485 520 821 411 45 520 821 485 520 520 520 485 411 520 520 485 821 485 821 614 411 821 614 411 821 485 614 520 45 520 485 821 614 411 45 45 45 485 485 520 411 520 614 411 485 520 485 411 411 411 520 821 411 45 411 520 485 520 821 485 485 45 45 485 520 411 821 45 821 821 520 45 411 485 411 411 520 614 45 411 45 614 614 821 45 520 520 45 821 821 485 520 411 520 614 45 614 485 614 614 485 411 485 411 411 520 614 614 520 411 614 485 411 485 45 45 614 520 411 520 614 614 520 821 485 821 614 485 614 411 485 821 411 411 520 520 614 485 520 821 45 411 821 485 821 411 485 45 520 411 614 520 45 485 520 45 45 821 411 821 520 520 485 485 45 821 614 821 614 520 520 485 411 520 520 821 411 485 411 821 821 485 45 485 821 614 821 485 411 821 45 821 485 485 45 520 411 614 520 614 485 45 614 520 45 520 45 520 614 520 411 45 614 821 821 821 485 45 45 485 411 520 45 45 45 821 821 821 821 45 411 485 45 485 411 411 821 614 485 520 614 411 614 411 485 821 821 411 411 485 614 614 821 411 485 411 411 614 520 45 520 45 821 614 614 520 821 45 411 485 520 45 520 821 485 821 411 485 45 614 45 614 485 520 614 411 614 411 821 520 520 614 821 614 45 45 45 485 45 520 821 485 45 411 821 614 411 614 821 614 520 45 614 45 614 411 411 45 485 485 821 45 614 45 411 821 821 485 45 520 411 821 411 45 520 485 821 520 411 485 411 411 411 411 614 520 411 614 821 520 411 821 45 821 485 821 485 411 821 411 821 45 821 45 485 411 614 614 485 485 411 520 45 45 411 485 821 45 520 45 821 411 614 411 485 45 821 614 614 485 485 411 485 614 411 485 520 485 45 45 821 411 485 614 614 614 411 485 821 614 520 411 614 614 45 45 485 411 411 411 614 411 614 485 411 485 411 614 614 821 485 821 485 485 411 821 45 614 821 614 45 411 45 821 614 821 821 520 614 485 821 411 485 485 485 45 614 821 411 614 821 485 821 485 411 520 485 821 485 45 821 485 614 520 821 614 614 411 45 45 45 411 45 520 520 411 45 485 520 821 485 485 411 485 45 520 614 614 485 520 411 485 45 520 821 614 485 411 411 520 485 485 411 821 411 485 821 411 520 485 520 411 614 520 520 821 520 411 485 45 411 485 411 485 821 45 821 520 485 614 614 45 614 614 614 45 411 45 485 821 520 485 411 614 520 520 821 520 821 411 45 485 411 485 821 485 821 520 614 485 821 485 520 485 520 411 614 821 45 485 520 45 520 614 821 614 821 520 485 821 45 614 45 821 411 45 821 821 520 520 520 411 520 485 614 485 411 614 614 45 411 411 614 45 614 485 411 614 411 411 45 485 821 485 520 520 821 45 614 45 411 485 411 520 520 411 411 45 821 485 485 45 520 45 614 614 411 614 614 411 520 485 485 411 45 821 520 821 485 821 821 614 485 485 520 485 614 485 485 520 45 45 45 821 485 614 485 520 520 821 821 614 614 821 520 485 520 485 614 520 411 411 821 411 520 614 520 614 821 821 821 45 520 520 411 45 485 821 485 485 485 45 520 411 520 45 821 614 614 520 520 821 821 485 411 45 45 45 821 411 821 614 520 485 485 520 821 485 614 821 411 485 614 45 821 614 614 520 821 485 485 411 45 411 411 614 485 485 520 821 411 485 45 45 485 821 821 821 520 485 821 821 45 45 411 520 45 520 411 520 614 821 520 821 485 411 614 485 45 45 45 614 520 821 485 821 45 411 821 485 411 45 45 485 45 520 485 614 45 45 45 821 45 614 485 411 821 520 520 520 520 614 411 520 821 45 614 520 614 520 821 821 520 411 45 821 614 614 45 821 485 520 485 411 45 821 821 520 520 520 485 45 45 614 411 821 411 821 411 614 520 45 614 485 520 520 411 485 485 485 485 411 614 485 411 45 614 614 614 614 485 411 520 520 45 411 520 45 45 411 614 821 520 411 485 485 614 45 520 485 45 614 411 485 821 485 45 520 821 411 821 45 485 821 45 520 614 614 411 520 411 821 45 485 45 411 485 821 485 411 821 45 520 45 821 821 411 411 45 520 45 821 411 614 485 485 485 821 614 485 485 821 485 821 411 614 45 520 520 821 821 411 45 520 821 411 614 485 485 411 821 520 411 45 485 411 520 411 614 45 520 411 485 45 614 520 45 821 821 614 821 821 411 614 485 614 411 485 821 821 821 45 485 520 485 821 485 411 45 485 411 520 520 821 485 45 45 485 411 485 485 485 411 411 485 485 614 45 485 485 614 411 821 614 520 45 821 45 485 485 614 614 485 411 485 821 485 485 45 520 485 520 821 520 614 821 411 485 614 45 485 821 485 821 411 520 485 821 614 485 485 485 411 485 411 614 520 821 520 614 520 821 821 614 411 614 614 614 485 614 520 821 45 485 614 485 821 520 821 45 821 45 520 45 411 411 45 411 614 485 45 411 520 485 614 45 821 520 520 520 821 411 411 821 520 45 821 520 411 614 411 520 520 614 485 614 411 411 821 411 821 520 520 485 411 411 614 614 411 485 411 485 821 821 614 411 520 520 485 485 45 411 45 821 821 411 485 411 45 821 45 821 821 821 614 614 485 614 520 411 45 45 45 614 485 45 614 485 520 485 821 45 45 485 520 520 45 411 45 520 485 614 411 821 411 45 614 821 411 45 411 614 485 485 411 411 45 614 520 45 45 411 485 45 520 821 485 45 411 411 485 485 411 411 821 45 821 821 485 614 821 45 821 411 821 520 485 614 520 520 821 821 520 485 821 821 485 485 411 821 45 485 821 821 411 411 485 45 614 485 45 520 614 411 821 520 45 614 411 614 485 485 520 45 411 614 45 520 485 45 485 411 614 411 411 821 614 411 411 821 614 45 485 614 520 411 821 821 821 45 45 614 614 411 821 614 45 821 485 821 614 411 821 520 45 45 45 520 411 411 485 614 485 411 614 411 411 45 520 45 520 45 485 485 411 411 485 485 411 614 520 614 45 45 45 45 485 520 45 411 520 45 520 411 821 520 520 821 45 614 485 45 520 45 614 45 614 614 411 485 614 821 614 520 821 821 411 821 614 411 520 45 45 45 485 614 45 520 614 520 411 821 485 411 520 821 821 411 485 485 520 520 45 821 411 614 520 614 485 614 520 614 411 614 520 485 411 614 411 411 520 520 821 45 485 411 411 485 485 411 614 45 614 45 485 411 485 45 485 485 520 520 614 614 485 821 485 485 520 485 485 485 411 485 520 614 821 520 485 411 614 45 45 485 614 821 45 821 45 485 45 821 614 411 614 614 411 485 45 411 45 485 821 411 520 45 614 520 614 821 614 520 411 821 485 520 614 821 821 614 45 821 821 614 485 45 821 411 520 614 520 411 821 821 485 520 614 45 485 614 520 520 485 45 485 821 614 485 485 45 821 411 821 821 614 520 45 61 61 61 61 61 61 61 61 61 61 61 61 61 61 61 61 61 61 61 61 61 61 61 61 61 61 61 61 61 61 61 61 61 61 61 61 61 61 61 61 61 61 61 61 61 61 61 61 61 61
