3998
1999
98181 1
79822 11
51292 21
94069 31
94942 41
42759 51
33873 61
59756 71
97362 81
80114 91
70350 101
94762 111
96042 121
52019 131
71557 141
79938 151
41284 161
52186 171
78772 181
6915 191
90818 201
33067 211
85597 221
98174 231
80816 241
99219 251
83843 261
72935 271
24222 281
93002 291
95216 301
93830 311
84494 321
46885 331
89398 341
95212 351
81571 361
97753 371
52954 381
48249 391
85074 401
89065 411
79858 421
91937 431
86255 441
99458 451
83857 461
95642 471
67530 481
53802 491
71813 501
98047 511
79638 521
51951 531
96667 541
84739 551
98382 561
78664 571
70669 581
63624 591
95705 601
35262 611
76689 621
89028 631
64704 641
94220 651
99892 661
89134 671
85635 681
57743 691
97034 701
87855 711
55864 721
85788 731
66307 741
98172 751
75847 761
94784 771
91609 781
85728 791
21577 801
87229 811
55244 821
79947 831
98496 841
59618 851
75998 861
96136 871
92778 881
48622 891
88908 901
77280 911
55606 922
77279 932
81577 942
78962 952
89138 962
96582 972
85578 982
51465 992
93357 1002
68117 1012
94455 1022
94276 1032
90499 1042
58820 1052
86030 1062
86208 1072
96058 1082
98523 1092
98626 1102
98383 1112
71148 1122
86334 1132
89685 1142
58602 1152
72627 1162
62396 1172
92069 1182
89527 1192
42474 1202
97530 1212
67782 1222
36700 1232
94259 1242
59169 1252
98612 1262
97893 1272
98196 1282
88633 1292
72182 1302
99704 1312
92078 1322
69841 1332
95268 1342
71209 1352
90231 1362
77469 1372
93311 1382
98524 1392
43156 1402
53114 1412
85191 1422
81367 1432
97906 1442
95312 1452
87852 1462
86638 1472
88340 1482
83913 1492
88036 1502
61823 1512
95521 1522
75553 1532
32314 1542
99809 1552
79436 1562
59270 1572
54654 1582
93827 1592
86951 1602
92641 1612
96335 1622
82040 1632
51713 1642
16123 1652
95986 1662
85815 1672
94112 1682
99703 1692
67375 1702
84840 1712
94720 1722
80446 1732
98851 1742
78667 1752
6480 1762
92761 1772
15864 1782
95273 1792
90141 1802
97304 1812
97026 1822
97613 1832
88658 1842
46129 1852
68807 1862
75633 1872
85581 1882
89532 1892
85005 1902
5994 1912
67926 1922
74074 1932
90668 1942
65499 1952
89148 1962
88137 1972
72409 1982
97699 1992
93907 2002
57125 2012
97271 2023
97798 2033
81012 2043
96781 2053
88742 2063
13438 2073
94472 2083
53057 2093
95839 2103
57188 2113
81302 2123
97617 2133
91271 2143
57586 2153
83561 2163
88813 2173
30954 2183
75337 2193
87655 2203
99673 2213
45557 2223
87906 2233
67102 2243
70261 2253
97327 2263
97041 2273
88660 2283
85023 2293
89911 2303
84688 2313
90824 2323
95394 2333
82095 2343
92509 2353
77276 2363
96118 2373
66523 2383
34675 2393
92325 2403
93058 2413
87787 2423
89005 2433
80775 2443
49848 2453
83867 2463
77533 2473
66516 2483
99500 2493
96942 2503
78809 2513
98436 2523
59183 2533
70344 2543
94955 2553
93148 2563
75673 2573
92592 2583
95077 2593
89686 2603
39297 2613
98653 2623
83959 2633
93119 2643
34490 2653
45001 2663
85430 2673
67555 2683
77632 2693
79194 2703
93120 2713
97839 2723
99146 2733
66672 2743
75969 2753
82514 2763
64079 2773
84213 2783
94018 2793
54539 2803
90008 2813
97432 2823
99966 2833
99630 2843
93703 2853
96185 2863
78857 2873
88455 2883
82919 2893
59612 2903
96134 2913
98914 2923
98130 2933
88862 2943
76005 2953
36838 2963
62002 2973
98905 2983
40204 2993
49173 3003
59590 3013
79444 3023
79791 3033
71934 3043
72769 3053
66039 3063
2676 3073
92749 3083
73940 3093
93382 3103
95432 3113
97828 3123
41270 3133
57839 3143
99418 3153
90610 3163
82760 3173
86642 3183
99348 3193
97860 3203
78452 3213
94336 3223
91678 3233
98706 3243
87990 3253
93519 3263
96086 3273
84589 3283
99588 3293
58518 3303
94138 3313
46842 3323
74327 3333
73923 3343
96307 3353
76060 3363
94899 3373
95102 3383
86674 3393
24789 3403
48346 3413
91839 3423
63178 3433
72650 3443
83353 3453
89436 3463
36833 3473
47672 3483
75087 3493
99080 3503
89549 3513
77444 3523
99886 3533
84092 3543
48025 3553
67175 3563
91599 3573
94158 3583
96485 3593
89588 3603
94500 3613
85679 3623
94557 3633
62198 3643
80833 3653
86589 3663
62774 3673
99075 3683
92612 3693
89851 3703
58883 3713
89653 3723
4723 3733
94044 3743
62770 3753
84705 3763
97664 3773
92372 3783
53210 3793
82136 3803
64443 3813
95585 3823
99969 3833
31955 3843
94908 3853
99819 3863
86869 3873
47050 3883
80026 3893
93812 3903
83890 3913
67502 3923
86793 3933
75850 3943
55358 3953
73517 3963
93587 3973
79551 3983
54993 3993
75948 4003
97536 4013
83268 4023
15369 4033
84471 4043
84493 4053
82355 4063
74856 4073
48711 4083
20686 4093
36896 4103
60581 4113
66955 4123
89716 4133
84704 4143
78513 4153
26593 4163
45494 4173
89411 4183
8497 4193
91078 4203
87284 4213
76599 4223
88058 4233
58077 4243
97596 4253
54877 4263
73487 4273
89319 4284
79766 4294
99482 4304
90774 4314
97100 4324
50427 4334
85165 4344
80628 4354
95916 4364
98391 4374
98147 4384
82083 4394
98966 4404
88694 4414
29045 4424
91863 4434
85698 4444
88104 4454
92567 4464
94832 4474
78025 4484
85675 4494
81255 4504
96727 4514
97044 4524
45532 4534
64387 4544
65321 4554
50299 4564
97883 4574
97165 4584
83274 4594
78439 4604
94414 4614
66384 4624
73987 4634
92689 4644
91234 4654
87255 4664
98960 4674
92522 4684
99760 4694
93937 4704
95885 4714
41540 4724
35203 4734
98489 4744
87480 4754
89591 4764
97945 4774
72154 4784
73578 4794
62940 4804
86755 4814
76308 4824
29794 4834
87366 4844
55301 4854
83985 4864
92439 4874
80843 4884
79363 4894
99072 4904
99771 4914
92720 4924
79183 4934
37705 4944
75247 4954
80428 4964
91965 4974
55522 4984
92928 4994
95810 5004
89468 5014
82636 5024
90468 5034
93135 5044
96891 5054
97241 5064
99881 5074
89573 5084
61354 5094
84309 5104
66043 5114
94601 5124
98758 5134
81250 5144
73861 5154
96470 5164
93165 5174
90861 5184
75013 5194
93210 5204
81314 5214
76085 5224
85498 5234
40898 5244
88866 5254
83052 5264
55882 5274
92204 5284
89439 5294
57165 5304
73782 5314
89518 5324
89332 5334
94521 5344
74873 5354
86831 5364
91062 5374
95902 5384
61585 5394
46274 5404
95429 5414
48469 5424
99055 5434
58410 5444
66142 5454
98440 5464
20465 5474
92883 5484
84332 5494
87375 5504
84032 5514
64190 5524
68808 5534
76887 5544
97092 5554
96847 5564
98659 5574
93799 5584
94841 5594
93558 5604
96080 5614
81061 5624
98520 5634
85335 5644
85240 5654
64268 5664
86901 5674
82327 5684
71272 5694
89454 5704
84692 5714
98097 5724
71328 5734
53651 5744
98810 5754
96432 5764
64191 5774
87524 5784
64439 5794
31327 5804
95664 5814
80866 5824
90960 5834
90709 5844
89368 5854
95150 5864
87347 5874
71602 5884
88169 5894
93275 5904
99185 5914
86331 5924
78242 5934
98725 5944
1151 5954
54482 5964
84317 5974
99915 5984
85051 5994
82515 6004
98356 6014
15628 6024
87409 6034
98276 6044
99239 6054
98317 6064
53171 6074
85828 6084
55579 6094
64141 6104
98363 6114
66755 6124
98861 6134
3409 6144
66009 6154
90549 6164
70123 6174
71593 6184
51746 6194
37337 6204
94496 6214
94215 6224
93857 6234
84412 6244
76260 6254
81521 6264
97569 6274
87105 6284
81776 6294
85770 6304
91012 6314
45015 6324
82774 6334
73253 6344
93822 6354
78774 6364
96067 6374
90992 6384
89008 6394
90837 6404
93091 6414
95315 6424
65572 6434
60609 6444
82944 6454
98546 6464
95579 6474
92403 6484
93297 6494
79048 6504
99901 6514
84994 6524
98732 6534
96233 6544
95402 6554
98023 6564
83433 6574
58520 6584
41382 6594
64816 6604
89772 6614
97435 6624
57846 6634
32732 6644
82316 6654
98259 6664
72438 6674
97975 6684
94115 6694
83932 6704
80689 6714
98719 6724
18241 6734
90439 6744
98062 6754
96947 6764
64586 6774
89205 6784
97431 6794
94695 6804
97372 6814
63272 6824
92285 6834
99118 6844
56230 6854
88414 6864
86941 6874
97981 6884
96347 6894
80561 6904
48965 6914
88828 6924
43786 6934
74080 6944
93965 6954
50538 6964
71330 6974
85647 6984
62555 6994
82151 7004
38242 7014
82157 7024
88982 7034
90352 7044
96789 7054
85878 7064
94599 7074
90503 7084
82745 7094
93875 7104
90628 7114
85681 7124
90726 7134
86894 7144
71827 7154
73384 7165
54534 7175
87075 7185
89647 7195
57950 7205
84264 7215
68647 7225
92620 7235
45805 7245
98747 7255
96095 7265
98513 7275
93145 7285
97115 7295
89935 7305
85821 7315
94473 7325
99026 7335
55268 7345
6415 7355
79247 7365
99290 7375
69598 7385
80896 7395
92827 7405
99897 7415
92214 7425
71388 7435
58171 7445
83514 7455
78812 7465
88530 7475
86605 7485
78092 7495
84116 7505
95162 7515
56102 7525
87773 7535
97101 7545
84481 7555
61947 7565
83685 7575
65661 7585
51879 7595
82320 7605
38417 7615
90103 7625
86917 7635
88302 7645
86977 7655
92036 7665
85525 7675
70581 7685
89231 7695
50302 7705
91727 7715
75260 7725
85571 7735
88139 7745
95276 7755
89912 7765
99352 7775
97383 7785
84189 7795
79652 7805
32573 7815
81262 7825
91443 7835
96743 7845
77245 7855
6774 7865
69771 7875
97522 7885
88539 7895
82720 7905
85145 7915
74411 7925
98076 7935
77999 7945
17327 7955
58062 7965
95830 7975
77396 7985
91622 7995
90127 8005
97607 8015
97734 8025
95784 8035
92715 8045
94479 8055
98445 8065
42191 8075
27994 8085
98863 8095
90209 8105
99000 8115
62322 8125
53585 8135
90153 8145
97291 8155
97722 8165
95584 8175
80789 8185
64374 8195
81020 8205
85146 8215
96514 8225
96333 8235
75805 8245
89835 8256
95013 8266
59965 8276
89202 8286
94629 8296
59719 8306
98916 8316
68229 8326
87235 8336
84889 8346
50561 8356
98255 8366
72116 8376
91089 8386
86128 8396
62644 8406
90063 8416
62036 8426
56291 8436
43329 8446
97415 8456
75690 8466
87278 8476
90573 8486
78479 8496
76038 8506
73661 8516
92657 8526
81030 8536
70939 8546
98289 8556
61627 8566
72757 8576
92347 8586
92697 8596
99541 8606
68285 8616
83859 8626
79376 8636
93129 8646
84482 8656
79919 8666
70392 8676
81769 8686
62511 8696
98421 8706
82824 8716
99593 8726
51608 8736
87340 8746
67871 8756
98481 8766
70834 8776
38405 8786
95471 8796
99158 8806
72029 8816
72420 8826
78547 8836
56662 8846
71749 8856
76703 8866
5900 8876
95956 8886
99115 8896
85160 8906
93563 8916
98906 8926
89643 8936
87570 8946
99528 8956
55400 8966
99006 8976
74908 8986
96362 8996
91574 9006
98941 9016
98668 9026
89976 9036
73689 9046
86298 9056
50199 9066
84614 9076
84383 9086
76773 9096
77218 9106
86530 9116
69054 9126
95842 9136
98689 9146
95691 9156
94084 9166
92057 9176
80374 9186
97068 9196
99282 9206
92836 9216
82092 9226
73121 9236
68850 9246
81165 9256
93622 9266
96228 9276
81841 9286
91095 9296
92694 9306
97414 9316
83777 9326
63196 9336
92631 9346
86265 9356
92516 9366
68908 9376
87566 9386
86377 9396
98153 9406
81207 9416
93082 9426
90201 9436
80293 9446
96102 9456
96015 9466
92514 9476
14624 9486
86260 9496
87438 9506
85289 9516
84140 9526
92259 9536
88976 9546
83853 9556
44419 9566
92457 9576
92123 9586
98998 9597
70341 9607
74635 9617
81523 9627
85002 9637
62458 9647
94555 9657
99172 9667
99149 9677
96146 9687
86879 9697
91430 9707
98650 9717
85153 9727
95234 9737
98011 9747
96657 9757
50974 9767
95632 9777
98503 9787
88453 9797
96940 9807
99856 9817
88296 9827
55986 9837
49884 9847
77159 9857
77675 9867
96718 9877
99612 9887
98018 9897
93940 9907
45321 9917
97296 9927
95435 9937
84687 9947
86603 9957
84831 9967
89555 9977
88707 9987
86492 9997
88954 10007
76171 10017
64730 10027
70740 10037
89766 10047
88818 10057
80951 10067
92787 10077
83521 10087
85574 10097
88661 10107
93547 10117
75187 10127
94993 10137
98044 10147
83121 10157
83574 10167
71999 10177
85106 10187
94386 10197
89574 10207
97743 10217
97146 10227
95256 10237
98260 10247
95856 10257
93224 10267
86417 10277
30394 10287
82988 10297
85630 10307
97182 10317
63766 10327
48353 10337
77190 10347
96811 10357
63968 10367
96077 10377
74127 10387
98410 10397
95866 10407
59869 10417
90592 10427
84345 10437
87774 10447
70470 10457
82558 10467
64960 10477
88556 10487
44976 10497
85585 10507
99494 10517
80641 10527
89662 10537
97103 10547
90915 10557
94400 10567
76285 10577
57282 10587
61035 10597
97382 10607
90734 10617
64474 10627
96700 10637
82418 10647
80173 10657
87684 10667
92539 10677
69742 10687
81833 10697
93663 10707
95731 10717
65017 10727
82050 10737
79064 10747
95779 10757
98779 10767
88847 10777
98738 10787
99806 10797
89364 10807
98919 10817
85056 10827
88591 10837
95136 10847
76370 10857
75361 10867
98355 10877
89378 10887
82194 10897
50936 10907
61012 10917
91786 10927
95998 10937
98135 10947
91442 10957
63871 10967
97842 10977
54961 10987
86750 10997
91244 11007
93603 11017
97142 11027
73494 11037
74677 11047
84557 11057
90828 11067
71601 11077
86098 11087
96628 11097
75576 11107
86714 11117
84505 11127
89149 11137
83977 11147
96745 11157
63577 11167
51200 11177
86688 11188
55915 11198
97342 11208
97683 11218
97862 11228
79077 11238
82264 11248
94475 11258
99045 11268
76291 11278
89546 11288
99840 11298
94501 11308
80382 11318
99741 11328
75376 11338
74749 11348
94247 11358
83695 11368
89814 11378
98604 11388
66175 11398
73936 11408
66495 11418
95396 11428
75112 11438
95692 11448
82949 11458
93565 11468
92946 11478
88448 11488
75228 11498
98791 11508
59435 11518
91485 11528
60222 11538
88379 11548
83527 11558
80353 11568
89384 11578
99134 11588
99550 11598
96480 11608
51876 11618
96558 11628
86376 11638
88039 11648
74212 11658
98713 11668
95815 11678
62380 11688
99775 11698
97800 11708
77106 11718
61734 11728
81273 11738
80655 11748
90984 11758
89041 11768
90058 11778
68788 11788
73445 11798
28801 11808
92059 11818
85400 11828
71574 11838
77305 11848
92691 11858
96857 11868
87540 11878
97154 11888
87285 11898
96630 11908
92525 11918
53330 11928
98782 11938
53902 11948
95206 11958
63442 11968
70509 11978
95062 11988
73033 11998
9386 12008
88559 12018
44280 12028
87605 12038
78193 12048
99278 12058
42073 12068
95170 12078
76198 12088
80137 12098
98696 12108
85331 12118
82385 12128
83472 12138
93869 12148
82723 12158
77428 12168
90769 12178
93187 12188
95443 12198
67423 12208
99555 12218
94958 12228
82170 12238
90401 12248
89706 12258
85697 12268
78369 12278
72009 12288
65194 12298
78795 12308
94116 12318
97314 12328
84017 12338
91914 12348
86240 12358
51717 12368
83047 12378
97118 12388
94564 12398
79963 12408
82820 12418
38582 12428
44422 12438
70256 12448
94317 12458
85337 12468
86889 12478
97091 12488
88046 12498
88646 12508
77373 12518
76490 12528
90087 12538
53777 12548
98082 12558
7059 12568
94665 12578
85955 12588
86102 12598
87161 12608
80217 12618
96196 12628
82562 12638
92015 12648
92543 12658
98185 12668
84592 12678
71644 12688
98339 12698
74389 12708
29187 12718
88568 12728
92464 12738
95106 12748
74627 12758
49887 12768
97930 12778
90000 12788
80459 12798
89473 12808
98792 12818
86836 12828
88122 12838
57497 12848
90716 12858
95726 12868
94077 12878
25130 12888
99911 12898
95818 12908
93891 12918
99815 12928
95218 12938
98934 12948
99285 12958
81114 12968
53891 12978
92008 12988
89032 12998
95732 13008
78049 13018
99733 13028
87630 13038
98674 13048
97193 13058
86813 13068
92474 13078
50305 13088
93014 13098
86574 13108
97720 13118
63670 13128
85559 13138
67773 13148
93575 13158
81336 13168
90752 13178
97240 13188
84147 13198
96294 13208
67963 13218
52452 13228
88686 13238
95371 13248
59416 13258
93012 13268
78849 13278
72012 13288
98491 13298
92408 13308
93497 13318
21739 13328
89431 13338
97588 13348
89768 13358
83226 13368
86133 13378
93826 13388
17836 13398
77165 13408
86800 13418
81124 13428
95050 13438
98512 13448
79396 13458
69988 13468
99224 13478
86937 13488
85875 13498
89173 13508
93591 13518
99297 13528
95588 13538
97458 13548
99508 13558
53514 13568
60530 13578
97030 13588
79328 13598
98550 13608
44427 13619
81856 13629
84838 13639
80600 13649
86471 13659
61081 13669
98812 13679
87471 13689
91141 13699
60258 13709
88080 13719
96618 13729
95757 13739
84727 13749
16735 13759
81188 13769
91636 13779
79591 13789
97762 13799
77779 13809
92385 13819
97467 13829
91585 13839
93842 13849
82481 13859
89460 13869
63167 13879
90571 13889
50347 13899
64458 13909
97761 13919
96970 13929
92877 13939
62264 13949
38675 13959
92099 13969
59611 13979
93301 13989
86958 13999
97507 14009
95045 14019
90854 14029
91657 14039
91790 14049
84172 14059
78650 14069
97122 14079
61976 14089
99334 14099
96711 14109
89823 14119
57388 14129
96531 14139
99656 14149
86767 14159
91459 14169
62762 14179
84780 14189
91639 14199
82902 14209
70420 14219
87201 14229
66302 14239
96765 14249
86228 14259
76834 14269
36880 14279
59748 14289
72790 14299
34663 14309
76178 14319
89133 14329
85113 14339
73811 14349
85922 14359
88835 14369
81297 14379
98040 14389
95309 14399
49706 14409
87667 14419
51202 14429
68555 14439
93261 14449
90795 14459
4990 14469
93028 14479
91807 14489
20643 14499
53964 14509
68745 14519
67384 14529
85859 14539
95599 14549
63181 14559
38494 14569
34867 14579
71116 14589
43414 14599
93510 14609
13645 14619
89690 14629
87888 14639
90449 14649
69453 14659
84067 14669
93482 14679
95292 14689
98517 14699
94849 14709
95349 14719
81488 14729
89141 14739
63144 14749
85734 14759
86146 14769
96887 14779
88130 14789
85389 14799
89380 14809
22856 14819
96790 14829
35503 14839
91934 14849
86846 14859
78693 14869
56508 14879
64827 14889
96990 14899
99359 14909
86600 14919
61385 14929
56772 14939
97634 14949
66042 14959
95252 14969
63108 14979
84151 14989
98371 14999
84532 15009
98168 15019
91341 15029
98203 15039
99807 15049
80991 15059
97123 15069
76496 15079
89426 15089
69891 15099
72704 15109
64629 15119
84550 15129
21510 15139
91823 15149
93925 15159
81699 15169
90729 15179
37063 15189
98980 15199
95386 15209
95934 15219
57398 15229
98125 15239
41963 15249
58153 15259
85198 15269
86096 15279
49478 15289
82693 15299
77890 15309
69063 15319
71049 15329
91207 15339
66639 15349
47145 15359
83313 15369
90721 15379
76797 15389
88950 15399
88283 15409
96784 15419
71143 15429
93018 15439
98104 15449
92452 15459
71173 15469
87396 15479
78798 15489
95876 15499
78379 15509
62537 15519
93147 15529
95040 15539
95036 15549
85432 15559
82063 15569
93481 15579
98277 15589
96542 15599
98438 15609
25205 15619
98641 15629
63096 15639
97881 15649
45623 15659
87234 15669
97305 15679
66632 15689
82401 15699
94383 15709
80801 15719
61205 15729
41758 15739
79846 15749
71484 15759
99861 15769
65605 15779
99307 15789
85801 15799
38925 15809
91543 15819
93422 15829
41006 15839
19737 15849
92487 15859
73150 15869
78557 15879
89514 15889
91799 15899
96553 15909
52351 15919
82085 15929
78454 15939
60741 15949
89186 15959
72622 15969
99737 15979
81288 15989
98985 15999
95148 16009
93212 16019
98560 16029
91612 16039
81515 16049
47766 16059
62111 16069
51081 16079
78118 16089
95146 16099
71894 16109
81859 16119
58380 16129
54153 16139
85964 16149
76620 16159
83848 16169
91765 16179
73826 16189
62568 16199
90524 16209
48419 16219
98214 16229
69800 16239
61765 16249
95526 16259
65050 16269
99014 16279
89603 16289
65586 16299
66628 16309
89185 16319
76583 16329
89111 16339
74631 16349
99934 16359
58191 16369
95104 16379
32569 16389
48203 16399
85042 16409
92756 16419
99973 16429
78813 16439
74334 16449
96732 16459
89200 16469
98957 16479
90024 16489
80868 16499
56948 16509
32124 16519
57403 16529
93160 16539
92886 16549
74562 16559
79711 16569
86825 16579
79300 16589
89095 16599
74454 16609
98575 16619
70483 16629
89177 16639
91024 16649
78617 16659
97059 16669
93225 16679
99067 16689
96390 16699
30709 16709
72717 16719
52276 16729
76454 16739
49249 16749
99166 16759
19983 16769
49095 16779
62045 16789
57563 16799
76649 16809
93597 16819
97535 16829
96985 16839
96161 16849
92405 16859
76646 16869
79837 16879
73740 16889
24281 16899
71426 16909
77402 16919
96599 16929
97888 16939
79851 16949
95454 16959
92684 16969
65685 16979
83238 16989
88162 16999
68495 17009
83930 17019
83333 17029
79476 17039
96459 17049
53291 17059
96606 17069
37903 17079
80279 17089
80729 17099
66846 17109
78628 17119
77826 17129
93380 17139
62965 17149
84378 17159
81864 17169
84530 17179
66356 17189
85324 17199
72306 17209
71309 17219
92079 17229
82854 17239
71664 17249
95786 17259
80687 17269
53573 17279
79219 17289
76663 17299
98749 17309
99979 17319
75987 17329
95344 17339
85443 17349
79599 17359
91465 17369
60189 17379
75293 17389
82367 17399
92359 17409
94893 17420
99342 17430
89675 17440
99773 17450
76870 17460
85094 17470
95393 17480
59637 17490
97463 17500
90142 17510
86926 17520
96302 17530
93555 17540
64781 17550
91304 17560
74465 17570
82100 17580
70639 17590
99917 17600
78609 17610
82433 17620
58524 17630
98978 17640
92119 17650
99684 17660
99779 17670
90256 17680
90875 17690
93606 17700
82932 17710
93967 17720
88647 17730
84061 17740
86671 17750
97706 17760
63552 17770
83508 17780
76798 17790
65426 17800
81236 17810
60529 17820
80329 17830
82256 17840
24544 17850
92121 17860
97197 17870
63545 17880
85183 17890
81352 17900
80466 17910
69931 17920
93729 17930
46844 17940
61499 17950
40822 17960
73378 17970
49494 17980
93813 17990
68556 18000
95802 18010
67426 18020
87393 18030
72942 18040
81939 18050
96024 18060
97022 18070
72654 18080
68515 18090
91724 18100
97013 18110
80354 18120
98873 18130
94435 18140
79484 18150
89407 18160
99036 18170
75825 18180
57091 18190
77759 18200
90813 18210
87228 18220
72813 18230
92489 18240
43838 18250
70211 18260
87854 18270
85378 18280
68552 18290
62945 18300
92606 18310
95505 18320
83967 18330
93705 18340
99891 18350
97497 18360
94617 18370
85760 18380
95164 18390
85622 18400
77880 18410
94484 18420
90403 18430
87816 18440
60278 18450
81724 18460
52851 18470
77788 18480
94906 18490
57501 18500
44026 18510
26327 18520
60837 18530
89119 18540
14522 18550
92528 18560
79329 18570
99424 18580
99615 18590
95967 18600
97804 18610
77344 18620
67019 18630
74377 18640
31138 18650
91126 18660
56342 18670
99379 18680
83448 18690
91385 18700
67165 18710
97916 18720
22316 18730
13828 18740
82674 18750
86922 18760
88918 18770
71260 18780
95845 18790
56271 18800
75045 18810
62852 18820
96310 18830
98053 18840
58800 18850
95940 18860
41926 18870
91277 18880
69932 18890
42253 18900
99821 18910
58873 18920
97333 18930
79188 18940
92087 18950
96439 18960
89432 18970
99023 18980
45596 18990
85976 19000
99283 19010
84302 19020
85155 19030
83428 19040
64059 19050
84433 19060
99583 19070
93096 19080
98362 19090
88207 19100
68905 19110
88040 19120
91124 19130
71830 19140
96972 19150
43391 19160
84506 19170
74476 19180
69887 19190
98452 19200
90155 19210
92918 19220
99486 19230
86969 19240
96744 19250
95736 19260
94645 19270
88172 19280
81286 19290
92555 19300
95043 19310
97795 19320
92683 19330
98664 19340
85046 19350
47190 19360
93989 19370
94161 19380
57358 19390
79234 19400
95770 19410
92667 19420
90258 19430
86848 19440
40795 19450
98455 19460
97202 19470
99735 19480
71624 19490
94587 19500
55582 19510
98396 19520
98310 19530
92742 19540
96889 19550
78907 19560
75129 19570
91562 19580
99569 19590
93344 19600
97638 19610
93786 19620
98845 19630
95511 19640
97937 19650
96115 19660
73090 19670
86871 19680
84271 19690
77827 19700
98773 19710
98515 19720
83136 19730
31598 19740
97108 19750
92500 19760
89609 19770
85409 19780
87717 19790
90642 19800
93494 19810
90711 19820
88822 19830
64010 19840
67688 19850
40417 19860
86897 19870
53939 19880
75395 19890
44627 19900
89656 19910
80365 19920
99948 19930
91009 19940
67775 19950
94395 19960
74251 19970
97742 19980
69856 19990
