846
498
1906
1540
510
498
130
2672
694
1874
1186
262
-1634
1778
498
794
1984
672
-868
-1258
-20
498
-890
1274
-264
498
496
1318
-340
420
-1062
878
498
-1062
-412
288
-1432
1350
-544
846
154
2052
2846
1990
566
498
1414
-358
1590
2638
-610
2642
1940
-1838
-780
1594
1126
-998
714
1638
1724
148
1262
1636
1546
874
-1062
498
1350
1728
1740
1748
1346
-264
506
498
-486
1528
3636
148
-1022
478
1366
-1432
172
-330
-1108
-770
498
1522
128
-194
-8
-3748
1858
1120
2052
250
1152
-328
